0.497751291781
0.497170614868
0.496429193214
0.493687439834
0.48916501885
0.478352404837
0.419400063134
0.317983218839
0.260305130017
0.229438916896
0.210127101872
0.196613920617
0.184288989444
0.174368085866
0.166634729894
0.159631404223
0.154092361788
0.148876519095
0.145878848058
0.141385307725
0.13772528582
0.13504382947
0.130962366272
0.126853912542
0.124292476615
0.121383955722
0.117852662638
0.114941624617
0.111866624164
0.108481138538
0.105767182491
0.102711545237
0.099660562382
0.0965412085535
0.0932094517254
0.0903605992094
0.0882932663326
0.085629535377
0.0831859877826
0.0797838241737
0.0766519415797
0.0731400903048
0.0706660590205
0.0673507743503
0.0648812784124
0.0620808659915
0.0579904671749
0.0542131894609
0.0501921795228
0.0469729376257
0.0433748591719
0.0395426882647
0.0365650151505
0.0335590255608
0.0316261823573
0.0303575081541
0.0294975028036
0.0284960975294
0.0274965649429
0.0266989054729
0.02588518376
0.0248740911622
0.0240187280205
0.0233088890486
0.022438961562
0.0214661417049
0.0206825017112
0.0198580618202
0.0191810615303
0.0186584967603
0.0181666886227
0.0176835829204
0.0171988542119
0.0168386243111
0.0165911752413
0.0163997729939
0.0162444924911
0.0161162724026
0.0160073803902
0.0159106295403
0.0158218272417
0.0157397772021
0.0156622141573
0.0155845683235
0.0155068699587
0.0154285000026
0.015346261554
0.0152530442547
0.015141983198
0.015022700305
0.0149072898554
0.0147968174153
0.0146905209921
0.0145905384606
0.0144969573648
0.0144082904804
0.0143220508709
0.0142354598604
0.0141512219973
0.0140688859515
0.0139881375269
0.0139089428036
0.0138312214532
0.0137544209309
0.0136786496307
0.0136035729591
0.0135292573817
0.0134554604166
0.0133819574541
0.0133085215215
0.0132349199235
0.013160957877
0.0130865580311
0.0130118420882
0.0129370975915
0.012862759999
0.0127893655302
0.012717538907
0.0126479353749
0.0125810342666
0.0125168653589
0.0124526276933
0.012390339384
0.0123292729908
0.0122689305203
0.0122090113561
0.0121492296979
0.0120894538211
0.0120295922057
0.0119696023705
0.0119095130423
0.0118494484552
0.0117896402914
0.0117301879482
0.011670065886
0.0116113015258
0.0115543742489
0.0114978599218
0.0114436602462
0.011392042952
0.0113431094886
0.0112969066704
0.0112533850063
0.0112124269787
0.0111738740483
0.0111375356194
0.0111030335416
0.011070070121
0.0110383444486
0.0110075612361
0.0109774366245
0.0109477010999
0.0109180983749
0.0108883522514
0.0108582580019
0.0108276059655
0.0107961766183
0.0107637786196
0.0107301881334
0.0106952616956
0.0106588241301
0.0106207503772
0.0105809888352
0.0105395267321
0.0104963718384
0.010451804484
0.0104062268664
0.0103601132417
0.0103139223688
0.0102680263941
0.010222878644
0.0101786837736
0.0101355801398
0.0100921182634
0.0100496294151
0.0100083905315
0.00996832799943
0.00992936493338
0.00989135026625
0.009853996285
0.00981759992577
0.00978227831902
0.00974790999626
0.00971440785216
0.00968169384538
0.00964964127274
0.00961819748621
0.00958736458998
0.00955625316724
0.00952553965381
0.00949526279183
0.00946535473007
0.00943593450513
0.0094069611202
0.00937840734264
0.00935025068537
0.00932247180558
0.00929502266664
0.00926786064854
0.00924094500413
0.00921438783546
0.0091881551737
0.00916166479124
0.00913524716864
0.00910920248549
0.00908349104945
0.00905813304467
0.00903313996736
0.0090085271105
0.00898430997182
0.00896052903159
0.00893711798454
0.00891407370028
0.0088914757731
0.00886933978588
0.00884768030586
0.00882602526888
0.00880489444721
0.00878439945325
0.00876445093087
0.00874502703043
0.00872600858224
0.00870751645351
0.00868954109333
0.00867174168225
0.00865405136608
0.00863683037295
0.00862006951856
0.00860375283839
0.00858787386537
0.00857242328601
0.00855738661165
0.00854273865076
0.00852845870963
0.00851451564036
0.00850089922886
0.00848761775236
0.00847465943974
0.00846201233219
0.00844966780162
0.00843761656128
0.00842584986123
0.00841435954896
0.00840313795043
0.00839217782739
0.00838147230368
0.00837101485629
0.00836080240695
0.0083508272623
0.00834108261854
0.00833156261377
0.00832219320045
0.00831303404346
0.00830408473832
0.00829533819228
0.00828678998403
0.00827842599503
0.00827021781345
0.00826219499411
0.00825435260456
0.00824668601261
0.00823919091204
0.00823184873372
0.00822466694806
0.00821764385936
0.00821077514087
0.00820404538894
0.00819746062075
0.00819101779464
0.00818471396
0.00817856199805
0.00817254072519
0.00816664704878
0.00816087622684
0.00815522605124
0.00814969322139
0.00814427311176
0.00813895896943
0.00813375263021
0.00812865112633
0.00812365158415
0.00811875126314
0.00811394747218
0.00810923754346
0.00810461888123
0.00810008900959
0.0080956451809
0.00809128366745
0.00808700344509
0.00808280231369
0.00807867860149
0.00807463023954
0.00807053823076
0.00806639324461
0.00806232406538
0.00805832763798
0.00805440190721
0.00805041169331
0.008046377197
0.00804244820714
0.00803859698199
0.00803481257577
0.00803108967782
0.00802742518857
0.00802381703939
0.0080202635789
0.00801569930958
0.00801058409517
0.00800582556141
0.00800127866272
0.0079968594764
0.00799253042731
0.00798827323994
0.00798407941852
0.00797994524161
0.00797586751143
0.00797110614474
0.00796626424665
0.00796158615609
0.00795701206819
0.00795252001055
0.0079481002384
0.0079429233545
0.00793494211365
0.00792698420106
0.00791849023774
0.00790971577954
0.00790029830994
0.00789144112273
0.00788293742689
0.00787468236229
0.00786665227376
0.00785885649381
0.00785124085745
0.00784379752493
0.00783652621985
0.00782937794396
0.00782240454255
0.00781559939668
0.00780895282977
0.00780246072688
0.00779611924095
0.00778992466466
0.00778387376986
0.00777796378015
0.00777219330967
0.00776655911575
0.0077610550858
0.00775567758713
0.00775042283154
0.00774528906629
0.00774027162017
0.00773536381762
0.0077305683243
0.0077258826822
0.00772115332784
0.00771652413797
0.00771200621351
0.00770656308247
0.00770118337611
0.00769595558568
0.00769078523536
0.00768577350265
0.0076809020025
0.00767616163372
0.00767154844574
0.00766705689785
0.00766268248565
0.00765842151172
0.00765428242682
0.00765024757861
0.00764630560754
0.00764151674089
0.0076367939428
0.00763225658569
0.00762785896405
0.00762358222574
0.00761941701152
0.00761532913653
0.00761049885316
0.00760587930365
0.00760084755905
0.00759559458541
0.00759058558459
0.00758575432532
0.00758108744724
0.00757656970168
0.00757221211733
0.00756789669182
0.00756358614607
0.00755941072054
0.00755537077083
0.0075514606091
0.00754767525807
0.00754401495421
0.00754046767282
0.00753702917778
0.00753369522366
0.00753046243135
0.00752732731669
0.00752428418496
0.00752133218134
0.00751846841902
0.00751568980462
0.00751299374241
0.00751037687599
0.00750783412923
0.00750516370369
0.00750257446576
0.00750007257804
0.00749762261061
0.00749502690681
0.00749251831493
0.00749009374208
0.00748764770934
0.00748515704954
0.00748275664345
0.00748043604602
0.00747818587013
0.00747600714603
0.00747389690902
0.00747185371361
0.00746987446423
0.00746786181524
0.00746579662373
0.00746374860091
0.00746177831381
0.00745987449885
0.00745803134306
0.00745624548232
0.00745451442439
0.00745283598913
0.00745120815258
0.00744962904923
0.00744809686448
0.00744660969101
0.00744516580337
0.00744376361852
0.00744240155697
0.00744107831409
0.00743979282828
0.00743854316093
0.00743732787544
0.00743614568556
0.00743499664797
0.00743388120884
0.00743278763355
0.00743170615134
0.00743065331794
0.00742962790453
0.00742862878099
0.00742765496312
0.00742670554854
0.00742577962527
0.00742487576592
0.00742399292877
0.00742313139958
0.00742229032773
0.00742146896814
0.00742066661647
0.0074198826038
0.00741911628876
0.00741836705679
0.00741763432107
0.00741691751891
0.00741621610465
0.00741552955638
0.00741485737919
0.00741419909742
0.00741355536669
0.007412933524
0.00741232674136
0.00741173280909
0.00741115046461
0.00741057931322
0.00741001898784
0.00740946913633
0.00740892944417
0.00740839959298
0.00740787927875
0.00740736820476
0.00740686609454
0.00740637267522
0.00740587877556
0.00740539265439
0.00740491490866
0.00740444523583
0.0074039833794
0.00740352910432
0.00740308244746
0.00740264792403
0.00740222126847
0.00740180192876
0.00740138904579
0.00740098281092
0.00740058318186
0.00740018972587
0.00739980049282
0.00739941693907
0.00739903932994
0.00739866741985
0.00739830082658
0.00739793983357
0.00739758398625
0.00739723323789
0.00739688752321
0.00739654669262
0.00739621062371
0.00739587919796
0.00739555238068
0.00739522990993
0.00739491191789
0.00739459797411
0.00739427702819
0.00739395800078
0.00739364269753
0.00739333102147
0.00739302288848
0.00739271821747
0.00739241693
0.00739211895009
0.00739182420415
0.00739153282436
0.00739124525594
0.007390960721
0.00739067915505
0.00739040050124
0.00739012469015
0.00738985166208
0.00738958135908
0.00738931372491
0.00738904870494
0.00738878624612
0.00738852433238
0.00738826446909
0.00738800699943
0.00738775187643
0.00738749905496
0.00738724849129
0.00738700014233
0.00738675396652
0.00738650992344
0.00738626797376
0.00738602807922
0.00738579107578
0.0073855607755
0.00738533331957
0.00738510780909
0.00738488420467
0.00738466325651
0.00738444734133
0.00738423332973
0.00738402118418
0.00738381060803
0.0073836010613
0.00738339331391
0.00738318732687
0.00738298306631
0.00738278050077
0.00738257960012
0.00738238033525
0.00738218267786
0.00738198660042
0.00738179207612
0.00738159907883
0.00738140758308
0.0073812175641
0.00738102899771
0.00738084186031
0.00738065612888
0.00738047178089
0.00738028879444
0.00738010714815
0.00737992682114
0.00737974779374
0.0073795700509
0.00737939356757
0.00737921834057
0.00737904434463
0.00737887155269
0.00737869994703
0.00737853062633
0.00737836257417
0.00737819090287
0.00737802032812
0.00737785083368
0.00737768240448
0.00737751502604
0.00737734868427
0.00737718336544
0.00737701629476
0.00737684909407
0.00737668286075
0.00737651758243
0.00737635324737
0.00737618984422
0.00737602736194
0.00737586578975
0.00737571201807
0.00737556035563
0.00737540963031
0.00737525982801
0.00737511093611
0.00737496294266
0.00737481583613
0.00737466960528
0.00737452423913
0.00737437972696
0.00737423605825
0.00737409322271
0.00737395121027
0.00737381001104
0.00737366961533
0.00737353001367
0.00737339119673
0.00737325315539
0.00737311588071
0.00737297936389
0.00737284359631
0.00737270856953
0.00737257427522
0.00737244070526
0.00737224742551
0.00737176783569
0.00737144316999
0.00737115343914
0.00737087593367
0.00737060605763
0.00737034264769
0.00737008521216
0.00736983340631
0.00736958693105
0.00736934551152
0.00736910890612
0.00736887703664
0.00736864858782
0.00736842365228
0.007368202817
0.00736798584425
0.00736777254539
0.00736756274979
0.00736735629838
0.00736715304196
0.00736695284032
0.00736675556157
0.0073665610816
0.00736636928354
0.00736618005731
0.00736599329913
0.00736580891113
0.00736562680095
0.00736544688144
0.00736526907327
0.00736509329619
0.00736491947596
0.00736474755205
0.00736457750621
0.00736440922154
0.00736424263863
0.00736407770124
0.00736391435611
0.00736375255271
0.00736359224305
0.00736343338166
0.00736327592542
0.00736311983442
0.00736296506816
0.00736281158938
0.00736265936271
0.00736250835457
0.00736235853257
0.00736220986596
0.00736206232544
0.00736191588306
0.0073617705121
0.00736162618705
0.00736148288348
0.00736134057806
0.00736119924845
0.00736105887321
0.00736091943185
0.00736078090467
0.00736064327282
0.00736050651818
0.00736037062335
0.00736023557162
0.0073601013469
0.00735996793374
0.00735983531744
0.00735970348346
0.00735957241801
0.00735944211337
0.0073593125529
0.00735918372222
0.00735905560936
0.00735892820278
0.00735880149131
0.0073586754711
0.00735854841482
0.00735841889368
0.00735829048988
0.00735816291608
0.00735803610463
0.00735791003072
0.00735778467864
0.0073576600356
0.00735753608813
0.00735741282398
0.00735729023146
0.00735716829933
0.00735704701676
0.00735692637334
0.00735680635901
0.00735668696441
0.00735656818015
0.00735644999691
0.00735633240596
0.00735621542416
0.00735609901938
0.00735598318519
0.0073558697653
0.00735575843482
0.00735564766874
0.00735553745854
0.00735542779637
0.00735531867472
0.00735521008637
0.00735510202434
0.00735499448183
0.00735488745231
0.00735478092947
0.00735467490691
0.00735456937855
0.00735446433849
0.00735436013655
0.00735425663301
0.00735415360504
0.00735405104706
0.00735394895365
0.00735384732036
0.00735374614226
0.00735364541325
0.0073535451284
0.00735344443631
0.0073533411014
0.00735323819615
0.00735313571532
0.00735303365443
0.0073529320094
0.00735283077631
0.00735272995138
0.0073526295309
0.00735252951126
0.00735242989021
0.00735233066305
0.00735223182625
0.00735213337646
0.00735203531037
0.00735193762474
0.00735184031637
0.00735174338213
0.00735164681893
0.00735155062371
0.00735145479349
0.0073513593253
0.00735126421625
0.00735116946347
0.00735107506412
0.00735098101543
0.00735088731463
0.00735079395902
0.00735070094593
0.00735060827271
0.00735051593679
0.00735042406296
0.00735033297424
0.00735024221422
0.00735015178038
0.00735006167026
0.00734997188142
0.00734988241144
0.00734979325794
0.00734970441858
0.00734961589106
0.00734952767305
0.00734943976229
0.00734935215652
0.00734926485352
0.00734917786149
0.00734909121986
0.00734900496515
0.00734891900414
0.00734883333472
0.00734874795481
0.00734866286233
0.00734857805524
0.00734849353153
0.00734840928919
0.00734832532624
0.00734824164072
0.00734815823069
0.00734807509423
0.00734799222943
0.00734790963441
0.00734782685232
0.00734774435107
0.00734766216854
0.00734758025868
0.0073474986136
0.00734741723037
0.00734733610685
0.00734725524114
0.00734717463143
0.00734709427592
0.00734701417285
0.00734693432046
0.00734685471703
0.00734677536086
0.00734669625025
0.00734661738355
0.00734653875855
0.00734646037367
0.00734638222779
0.00734630431932
0.00734622664668
0.0073461492083
0.00734607200263
0.00734599502813
0.00734591857924
0.0073458439384
0.00734576951961
0.00734569534395
0.00734562138533
0.00734554766261
0.00734547415371
0.00734540087507
0.00734532780739
0.00734525495811
0.0073451823314
0.00734510991229
0.00734503770582
0.00734496571001
0.00734489392307
0.0073448223458
0.00734475097021
0.00734467979837
0.0073446088286
0.00734453805927
0.00734446748878
0.00734439711554
0.00734432693801
0.00734425695464
0.00734418716393
0.00734411756438
0.00734404815461
0.00734397893311
0.00734390989841
0.00734384104912
0.00734377238415
0.00734370390287
0.00734363560283
0.00734356748268
0.00734349954109
0.00734343177674
0.00734336418833
0.00734329677455
0.00734322953414
0.00734316246582
0.00734309556835
0.00734302884049
0.00734296228099
0.00734289588866
0.00734282966228
0.00734276360066
0.00734269770263
0.007342631967
0.00734256639261
0.00734250097833
0.007342435723
0.00734237062551
0.00734230568473
0.00734224089955
0.00734217626888
0.00734211179179
0.00734204753432
0.00734198342862
0.007341919473
0.00734185566614
0.00734179200689
0.00734172849418
0.00734166512697
0.00734160190424
0.007341538825
0.00734147588825
0.00734141309299
0.00734135043825
0.00734128792305
0.00734122554644
0.00734116330746
0.00734110120516
0.0073410392386
0.00734097740684
0.00734091570897
0.00734085414406
0.00734079271121
0.00734073140951
0.00734067023809
0.00734060919616
0.00734054828274
0.00734048749743
0.00734042683886
0.00734036630617
0.00734030589851
0.00734024561502
0.00734018545488
0.00734012541723
0.00734006550126
0.00734000570614
0.00733994603105
0.00733988647519
0.00733982703945
0.00733976772173
0.00733970852083
0.00733964943597
0.00733959046636
0.00733953161122
0.0073394728698
0.00733941424127
0.00733935572494
0.00733929732004
0.00733923902585
0.00733918121848
0.00733912359023
0.0073390660862
0.0073390086831
0.00733895137033
0.00733889417238
0.00733883708817
0.00733878011667
0.00733872329732
0.00733866660976
0.00733860998863
0.00733855346577
0.00733849708184
0.00733843156407
0.00733836974321
0.00733830907893
0.00733824881457
0.00733818877
0.00733812894084
0.00733806934648
0.00733800992107
0.00733795068524
0.00733789166214
0.00733783278899
0.00733777411907
0.00733771558841
0.00733765725268
0.00733759904673
0.00733754102919
0.00733748318759
0.00733742566375
0.00733736827923
0.00733731103803
0.00733725391513
0.00733719691826
0.00733714005652
0.00733708331091
0.00733702671153
0.00733697023991
0.00733691389384
0.00733685767119
0.00733680156993
0.00733674557052
0.00733668970608
0.00733663395745
0.00733657832288
0.00733652280075
0.00733646738946
0.00733641208782
0.00733635689481
0.00733630180821
0.00733624682666
0.0073361919488
0.00733613716382
0.00733608248015
0.00733602790582
0.00733597343033
0.00733591905254
0.00733586477136
0.00733581058571
0.00733575649457
0.00733570249693
0.00733564859179
0.00733559477823
0.00733554105529
0.00733548742207
0.00733543387769
0.00733538042128
0.00733532705199
