0.510259573682
0.50930455432
0.50832017486
0.507353508444
0.506578644352
0.506172627497
0.505741093448
0.50536935962
0.505105520011
0.504884924536
0.504708263332
0.504562711177
0.504425951283
0.504295799269
0.504179157443
0.504076192412
0.503983233327
0.503896228132
0.503816022826
0.503737925422
0.503654084668
0.503553461877
0.503432759695
0.503307180764
0.503173566006
0.503054912334
0.502954546538
0.502866451144
0.50279341371
0.502721017066
0.502646701117
0.502564760332
0.50248820797
0.502420250604
0.502361366282
0.502310918596
0.502265548733
0.502223473486
0.502183428978
0.502144257333
0.502105024659
0.502065222398
0.502024707013
0.501983958634
0.501943568722
0.501904499093
0.501869484704
0.501839330561
0.501814013663
0.501789666298
0.501765798978
0.501739308516
0.501714160504
0.5016909549
0.501669243273
0.501648575322
0.501628726999
0.501610893492
0.501592888875
0.501574282957
0.501552313289
0.501529494688
0.501506520404
0.501482753652
0.501458941981
0.501437287207
0.501416003617
0.501396271235
0.50137768835
0.501358263331
0.501339641856
0.501322257147
0.501306265715
0.501291508307
0.50127773201
0.501265272664
0.501253974701
0.501243676643
0.501234229615
0.501225504501
0.501217392408
0.501209801732
0.501202654791
0.501195884176
0.50118942987
0.501183237064
0.501177254617
0.501171433967
0.501165728375
0.501160092299
0.501154480903
0.501148849573
0.501143158525
0.501137365116
0.501131409951
0.501125245502
0.501118821641
0.501110661981
0.501101847372
0.501092561046
0.501082753231
0.501072362067
0.501061325752
0.50104959275
0.501037128752
0.501023875888
0.501008884647
0.500993249847
0.500977131101
0.500960714253
0.500944257489
0.500928051418
0.500912387201
0.500897524454
0.50088366489
0.500870936177
0.500859390275
0.500849013299
0.500839741929
0.500831481305
0.500824120699
0.500817545014
0.50081161607
0.500806150347
0.500801167534
0.500796587798
0.500792342058
0.500788370943
0.50078462356
0.500781056257
0.500777631484
0.500774316795
0.500771084011
0.50076790854
0.500764768839
0.500761646011
0.500758523517
0.500755386994
0.50075222416
0.500749024796
0.500745780783
0.500742486183
0.500739137334
0.500735732928
0.500732274065
0.50072876423
0.500725209183
0.500721616745
0.500717996472
0.500714364502
0.500710730611
0.500707101972
0.500703490303
0.500699906506
0.500696360247
0.500692859628
0.500689410994
0.500686018846
0.500682685873
0.500679413057
0.500676199856
0.500673044409
0.500669941285
0.500666883401
0.50066387163
0.500660901105
0.500657966731
0.500655063354
0.500652185906
0.500649328278
0.500646486675
0.500643657438
0.500640837026
0.50063802251
0.500635211652
0.500632402951
0.500629595692
0.500626781383
0.500623957024
0.5006211345
0.500618316089
0.500615504746
0.500612704004
0.500609917851
0.500607150584
0.500604406651
0.500601690488
0.500599006359
0.500596358198
0.500593749486
0.500591183132
0.500588661402
0.500586185864
0.500583757368
0.500581376046
0.500579041345
0.500576752066
0.500574506418
0.500572302083
0.500570136278
0.500568005818
0.500565907174
0.50056376082
0.500561482135
0.500559204142
0.500556920223
0.500554623277
0.500552305698
0.500549959336
0.500547575445
0.50054514462
0.500542656721
0.500540100782
0.500537464919
0.500534736216
0.500531900622
0.500528942833
0.500525846195
0.500522592618
0.500519162531
0.500515534897
0.500511687322
0.500507596302
0.50050323766
0.500498587247
0.500493621976
0.500488321266
0.500482668937
0.500476655573
0.50047028124
0.50046355834
0.50045651421
0.500449192902
0.50044165553
0.500433978649
0.500426250428
0.500418564883
0.500411014946
0.500403685518
0.500396660515
0.500390566798
0.50038481541
0.500379421574
0.500374387184
0.500369703514
0.500365322271
0.500361231214
0.500357425452
0.500353879351
0.500350567383
0.500347464983
0.500344549075
0.500341798371
0.500339195003
0.50033671945
0.500334355916
0.500332090221
0.500329909658
0.500327802837
0.500325759547
0.500323770612
0.500321827771
0.500319923564
0.500318051229
0.500316204622
0.500314378134
0.500312566626
0.500310765376
0.500308970026
0.500307176543
0.500305381183
0.500303580461
0.500301773324
0.500299969471
0.500298148714
0.500296308688
0.500294447173
0.500292562086
0.500290651488
0.500288713584
0.50028674672
0.500284749395
0.500282720264
0.500280658141
0.500278562014
0.500276431048
0.500274264599
0.500272062225
0.500269740553
0.500267004924
0.500264139749
0.500261230051
0.500258049697
0.500254727968
0.50025135153
0.500247923194
0.500244446508
0.500240925797
0.500237366203
0.500233773708
0.500230155146
0.500226518178
0.500222871255
0.500219223533
0.500215584873
0.500211966103
0.500208376665
0.500204827041
0.500201327486
0.500197887782
0.500194516992
0.500191223253
0.500188013592
0.500184893799
0.500181868348
0.500178940382
0.500176111741
0.500173383042
0.500170753789
0.500168222509
0.500165786904
0.500163444005
0.500161190319
0.50015902197
0.500156934823
0.500154924594
0.500152986941
0.500151117537
0.500149312136
0.500147566611
0.500145876992
0.500144239491
0.500142650512
0.500141106663
0.500139604761
0.500138141825
0.500136715078
0.500135321935
0.50013396
0.500132627055
0.50013132105
0.500130040095
0.500128782449
0.50012754651
0.500126330808
0.500125133992
0.500123954827
0.500122792182
0.500121645023
0.500120512407
0.500119393475
0.500118287445
0.500117193607
0.500116111317
0.500115039992
0.500113979106
0.500112928185
0.500111886801
0.500110854574
0.500109831159
0.500108816254
0.500107809585
0.500106810913
0.500105820027
0.500104836739
0.500103860887
0.500102892327
0.500101930938
0.500100976612
0.500100029259
0.500099088801
0.500098155171
0.500097228314
0.500096308184
0.50009539474
0.500094487953
0.500093587793
0.500092694239
0.500091805043
0.500090705686
0.500089646169
0.500088912045
0.500088172096
0.500087426036
0.500086673578
0.500085914437
0.500085148327
0.500084374966
0.500083461737
0.500082118704
0.500080771031
0.500079418505
0.500078060943
0.500076698193
0.500075330149
0.500073956747
0.500072577982
0.500071193909
0.500069804656
0.500068410429
0.500067011523
0.50006560833
0.500064201345
0.500062791178
0.500061378558
0.500059964338
0.5000585495
0.500057135161
0.500055722565
0.500054313089
0.500052908231
0.500051509606
0.500050118934
0.500048738022
0.500047368751
0.500046013051
0.500044672881
0.500043350206
0.500042046964
0.50004076505
0.500039506281
0.500038272376
0.500037064933
0.500035885406
0.500034735093
0.500033615118
0.500032526424
0.500031469767
0.500030445715
0.500029454649
0.500028496772
0.500027572111
0.500026680536
0.500025821766
0.500024995394
0.500024200901
0.500023437622
0.500022704831
0.50002200173
0.500021327458
0.500020681109
0.500020061743
0.500019468398
0.500018900096
0.500018355856
0.500017834703
0.500017335667
0.500016857796
0.500016400159
0.500015961845
0.500015541973
0.500015139687
0.500014754163
0.500014384608
0.500014030262
0.500013690393
0.500013364305
0.500013051332
0.500012750839
0.500012462221
0.500012184903
0.500011918338
0.500011662006
0.500011415415
0.500011178098
0.500010949611
0.500010729533
0.500010517467
0.500010313035
0.500010115879
0.500009925663
0.500009742063
0.500009564778
0.500009393519
0.500009228014
0.500009068005
0.500008913247
0.500008763508
0.500008618568
0.500008478219
0.500008342264
0.500008210514
0.500008082792
0.50000795893
0.500007838766
0.500007722148
0.500007608932
0.500007498979
0.500007392161
0.500007288351
0.500007187432
0.500007089291
0.50000699382
0.500006900919
0.500006810488
0.500006722437
0.500006636675
0.50000655312
0.500006471689
0.500006392308
0.500006314901
0.5000062394
0.500006165737
0.500006093848
0.500006023672
0.50000595515
0.500005888226
0.500005822847
0.500005758962
0.500005696521
0.500005635476
0.500005575783
0.500005517399
0.500005460281
0.50000540439
0.500005349688
0.500005296138
0.500005243704
0.500005192352
0.50000514205
0.500005092767
0.500005044472
0.500004997137
0.500004950732
0.500004905232
0.500004860611
0.500004816843
0.500004773905
0.500004731773
0.500004690425
0.50000464984
0.500004609996
0.500004570875
0.500004532455
0.500004494719
0.500004457649
0.500004421228
0.500004385437
0.500004350262
0.500004315687
0.500004281695
0.500004248274
0.500004215407
0.500004183083
0.500004151286
0.500004120005
0.500004089227
0.50000405894
0.500004029132
0.500003999792
0.500003970909
0.500003942472
0.50000391447
0.500003886895
0.500003859736
0.500003832983
0.500003806628
0.500003780662
0.500003755075
0.500003729861
0.50000370501
0.500003680514
0.500003656367
0.50000363256
0.500003609087
0.50000358594
0.500003563112
0.500003540597
0.500003518388
0.500003496479
0.500003474865
0.500003453538
0.500003432493
0.500003411725
0.500003391227
0.500003370996
0.500003351024
0.500003331308
0.500003311843
0.500003292623
0.500003273644
0.500003254901
0.500003236389
0.500003218106
0.500003200045
0.500003182204
0.500003164577
0.500003147162
0.500003129954
0.500003112949
0.500003096144
0.500003079535
0.500003063119
0.500003046893
0.500003030852
0.500003014994
0.500002999316
0.500002983814
0.500002968486
0.500002953328
0.500002938338
0.500002923512
0.500002908849
0.500002894344
0.500002879997
0.500002865803
0.500002851761
0.500002837868
0.500002824122
0.50000281052
0.500002797059
0.500002783739
0.500002770556
0.500002757508
0.500002744593
0.50000273181
0.500002719155
0.500002706628
0.500002694226
0.500002681946
0.500002669788
0.50000265775
0.500002645829
0.500002634024
0.500002622333
0.500002610755
0.500002599288
0.500002587929
0.500002576679
0.500002565534
0.500002554494
0.500002543556
0.50000253272
0.500002521985
0.500002511348
0.500002500808
0.500002490364
0.500002480014
0.500002469758
0.500002459593
0.50000244952
0.500002439535
0.500002429639
0.50000241983
0.500002410107
0.500002400468
0.500002390913
0.50000238144
0.500002372048
0.500002362737
0.500002353505
0.500002344351
0.500002335274
0.500002326273
0.500002317348
0.500002308496
0.500002299718
0.500002291012
0.500002282378
0.500002273814
0.500002265319
0.500002256893
0.500002248535
0.500002240244
0.500002232019
0.50000222386
0.500002215765
0.500002207734
0.500002199765
0.500002191859
0.500002184015
0.500002176231
0.500002168507
0.500002160843
0.500002153237
0.500002145689
0.500002138198
0.500002130764
0.500002123386
0.500002116063
0.500002108794
0.50000210158
0.500002094419
0.50000208731
0.500002080254
0.500002073249
0.500002066296
0.500002059392
0.500002052539
0.500002045735
0.500002038979
0.500002032272
0.500002025612
0.500002019
0.500002012434
0.500002005914
0.50000199944
0.50000199301
0.500001986626
0.500001980286
0.500001973989
0.500001967735
0.500001961525
0.500001955356
0.50000194923
0.500001943144
0.5000019371
0.500001931097
0.500001925133
0.500001919209
0.500001913325
0.500001907479
0.500001901672
0.500001895903
0.500001890172
0.500001884478
0.500001878821
0.5000018732
0.500001867616
0.500001862068
0.500001856555
0.500001851078
0.500001845635
0.500001840226
0.500001834852
0.500001829512
0.500001824205
0.500001818931
0.50000181369
0.500001808481
0.500001803305
0.50000179816
0.500001793048
0.500001787966
0.500001782915
0.500001777896
0.500001772906
0.500001767947
0.500001763017
0.500001758117
0.500001753246
0.500001748405
0.500001743592
0.500001738807
0.500001734051
0.500001729323
0.500001724622
0.500001719949
0.500001715303
0.500001710684
0.500001706091
0.500001701525
0.500001696986
0.500001692472
0.500001687984
0.500001683522
0.500001679085
0.500001674673
0.500001670286
0.500001665924
0.500001661586
0.500001657272
0.500001652982
0.500001648717
0.500001644474
0.500001640255
0.50000163606
0.500001631887
0.500001627737
0.50000162361
0.500001619505
0.500001615423
0.500001611362
0.500001607324
0.500001603307
0.500001599311
0.500001595337
0.500001591384
0.500001587452
0.500001583541
0.50000157965
0.50000157578
0.50000157193
0.500001568101
0.500001564291
0.500001560501
0.500001556731
0.50000155298
0.500001549249
0.500001545536
0.500001541843
0.500001538169
0.500001534513
0.500001530876
0.500001527257
0.500001523657
0.500001520075
0.50000151651
0.500001512964
0.500001509435
0.500001505924
0.500001502431
0.500001498954
0.500001495495
0.500001492053
0.500001488628
0.50000148522
0.500001481828
0.500001478453
0.500001475094
0.500001471751
0.500001468425
0.500001465115
0.50000146182
0.500001458542
0.500001455279
0.500001452032
0.5000014488
0.500001445583
0.500001442382
0.500001439196
0.500001436024
0.500001432868
0.500001429727
0.5000014266
0.500001423488
0.50000142039
0.500001417306
0.500001414237
0.500001411182
0.500001408141
0.500001405114
0.500001402101
0.500001399102
0.500001396116
0.500001393144
0.500001390185
0.50000138724
0.500001384308
0.500001381389
0.500001378483
0.500001375591
0.500001372711
0.500001369844
0.50000136699
0.500001364148
0.500001361319
0.500001358502
0.500001355698
0.500001352906
0.500001350127
0.500001347359
0.500001344604
0.50000134186
0.500001339129
0.500001336409
0.500001333701
0.500001331004
0.50000132832
0.500001325646
0.500001322985
0.500001320334
0.500001317695
0.500001315067
0.50000131245
0.500001309844
0.500001307249
0.500001304665
0.500001302092
0.50000129953
0.500001296978
0.500001294437
0.500001291906
0.500001289387
0.500001286877
0.500001284378
0.500001281889
0.50000127941
0.500001276942
0.500001274483
0.500001272035
0.500001269596
0.500001267168
0.500001264749
0.50000126234
0.500001259941
0.500001257552
0.500001255172
0.500001252802
0.500001250441
0.500001248089
0.500001245747
0.500001243414
0.500001241091
0.500001238777
0.500001236471
0.500001234175
0.500001231888
0.50000122961
0.500001227341
0.50000122508
0.500001222829
0.500001220586
0.500001218352
0.500001216127
0.50000121391
0.500001211702
0.500001209502
0.50000120731
0.500001205127
0.500001202953
0.500001200787
0.500001198628
0.500001196479
0.500001194337
0.500001192203
0.500001190078
0.50000118796
0.500001185851
0.500001183749
0.500001181675
0.500001179746
0.500001177823
0.500001175908
0.500001173998
0.500001172096
0.5000011702
0.500001168311
0.500001166428
0.500001164552
0.500001162682
0.500001160819
0.500001158962
0.500001157111
0.500001155267
0.500001153429
0.500001151597
0.500001149771
0.500001147952
0.500001146139
0.500001144331
0.50000114253
0.500001140735
0.500001138946
0.500001137163
0.500001135386
0.500001133615
0.50000113185
0.500001130091
0.500001128338
0.50000112659
0.500001124848
0.500001123112
0.500001121382
0.500001119657
0.500001117938
0.500001116224
0.500001114517
0.500001112814
0.500001111118
0.500001109427
0.500001107741
0.500001106061
0.500001104386
0.500001102717
0.500001101053
0.500001099394
0.500001097741
0.500001096093
0.50000109445
0.500001092813
0.500001091181
0.500001089553
0.500001087932
0.500001086315
0.500001084703
0.500001083097
0.500001081495
0.500001079899
0.500001078308
0.500001076721
0.50000107514
0.500001073563
0.500001071992
0.500001070425
0.500001068864
0.500001067307
0.500001065755
0.500001064207
0.500001062665
0.500001061127
0.500001059594
0.500001058066
0.500001056542
0.500001055024
0.500001053509
0.500001052
0.500001050495
0.500001048994
0.500001047498
