0.499442548312
0.499431127622
0.499419050808
0.49940652388
0.499394486881
0.499381663113
0.499367863183
0.499353095334
0.49933843965
0.49932377863
0.499308707949
0.49929284422
0.499275592378
0.499256460347
0.499235779229
0.499215579743
0.499194149309
0.499170702436
0.49914368784
0.49911110015
0.49907120215
0.499024362134
0.498974515675
0.498926993933
0.498883893528
0.498843485502
0.498803701224
0.498761192441
0.498708612935
0.498640688687
0.498554533046
0.498455529826
0.498355372527
0.498253090037
0.49815717226
0.498075001581
0.498001007471
0.497914998728
0.497815088953
0.497702642471
0.497584900655
0.497442646611
0.497255253913
0.497055861943
0.49686851605
0.49665778804
0.496356023874
0.495975287378
0.495575927735
0.495199444448
0.494584713787
0.493339164947
0.491363802603
0.488442688197
0.460282051712
0.130280147061
0.105726587762
0.10150107631
0.0970289469188
0.0938691649974
0.0899018873206
0.0844186545376
0.0802512047072
0.0775697133143
0.0740520570893
0.070458488466
0.0679691732645
0.0647355732946
0.0612152202195
0.0573250359645
0.0541289027797
0.0499233991918
0.0471670072469
0.0443699793157
0.0419274474581
0.0399142369692
0.0386152632755
0.0375254969744
0.0363134031211
0.0353114449313
0.0344626367422
0.0336949632103
0.0331003420641
0.0326754451434
0.0322370383913
0.0318095355258
0.0314823967468
0.0311865634539
0.0308374451315
0.0304504002445
0.0301305595611
0.0298700315889
0.0296371583741
0.0294187016239
0.0292107982851
0.0290005277699
0.0287627178828
0.0285068174979
0.0282680732099
0.028051187812
0.0278444103324
0.0276379134456
0.0274294242419
0.027217766921
0.027003741632
0.0267873200487
0.0265691045861
0.0263395705145
0.0261102510685
0.0258831918554
0.0256643581025
0.0254515656569
0.0252436583532
0.0250398673147
0.0248442641678
0.0246571229598
0.0244761210466
0.0242953545745
0.0241105650036
0.0239255350765
0.0237418360132
0.0235667617948
0.0233934599314
0.0232164412276
0.0230300531741
0.0228322587795
0.0226235054946
0.0224086610625
0.0222008393078
0.0220039734907
0.0218137816362
0.0216258366213
0.0214277360828
0.0212257812945
0.0210406653694
0.0208518515521
0.020661592145
0.0204661010189
0.0202580700437
0.020043995411
0.0198476673634
0.0196738426998
0.0195167409888
0.0193690523672
0.0192238482452
0.0190766007424
0.018927026481
0.0187800360576
0.0186411946249
0.0185140414673
0.0183973326555
0.0182841345787
0.0181737388825
0.0180608060978
0.0179377148718
0.0177978026403
0.0176456419709
0.0175002415241
0.0173689552115
0.0172457548732
0.0171234438098
0.0169959114692
0.0168556243314
0.0167041641024
0.0165423926968
0.0163736946027
0.0161981315569
0.0160131892131
0.0158123053534
0.0156000472408
0.0154073620018
0.0152455391975
0.0151024627423
0.0149727006095
0.014849046636
0.0147235670751
0.0145689567427
0.0143907122521
0.0142100125592
0.0140467378361
0.0139002619473
0.0137601985444
0.0136189946218
0.013456239159
0.0133031925008
0.0131620860299
0.0130520228188
0.0129651778958
0.012884358672
0.0127996876544
0.012702719442
0.0125839636982
0.0124846340679
0.0124151667264
0.0123624122814
0.0123162388289
0.0122756421381
0.0122417927194
0.0122146256371
0.0121923593419
0.0121733374348
0.0121567106937
0.0121417867834
0.0121280176031
0.0121149961835
0.0121023352151
0.012089709369
0.0120770920308
0.0120642877566
0.0120508648719
0.0120368834003
0.0120223917253
0.0120075207959
0.0119901242795
0.0119675034121
0.011944480388
0.0119246262022
0.0119076087365
0.0118919332379
0.0118762751342
0.0118631976081
0.0118511843477
0.0118398918104
0.0118291100808
0.0118187086068
0.0118086044211
0.0117987427179
0.0117890854535
0.0117796084318
0.0117702931454
0.011761126278
0.0117520979623
0.0117432007396
0.0117344288525
0.0117257118176
0.0117169074818
0.0117078255615
0.0116989014109
0.0116900882617
0.0116813629052
0.0116727408668
0.0116641862884
0.0116556155275
0.0116465509197
0.0116364433038
0.0116267479857
0.0116173735742
0.0116082395066
0.0115991100863
0.0115893907477
0.0115800121161
0.0115708333983
0.0115617760796
0.0115516908534
0.0115418933535
0.011532311609
0.0115229044159
0.0115136165401
0.0115044579377
0.0114954361198
0.0114865459635
0.0114777819974
0.0114691390817
0.0114606128227
0.0114522179152
0.0114439352671
0.011435758089
0.0114276668869
0.0114196696913
0.01141176015
0.0114035842208
0.011395568002
0.0113876863693
0.0113793346656
0.0113713194476
0.0113635238326
0.0113558917198
0.0113484001697
0.011341036229
0.0113337835576
0.0113266359522
0.011319590436
0.0113126426763
0.0113057887075
0.0112990250515
0.0112911004777
0.0112817840266
0.0112724007101
0.0112633222519
0.0112544344382
0.0112456901712
0.0112363423846
0.0112263704661
0.0112164482226
0.0112065960286
0.0111969285666
0.0111874138193
0.0111776244012
0.0111679002286
0.0111583159943
0.0111486884244
0.0111390935332
0.0111296290432
0.0111202922898
0.0111110956301
0.0111020101233
0.0110929879919
0.0110840774608
0.0110752577834
0.0110665367326
0.0110578996377
0.0110493260412
0.0110407093772
0.0110321454365
0.0110226268412
0.0110124059257
0.0110023294042
0.0109922684389
0.0109797276244
0.0109674823046
0.0109553751455
0.0109433506127
0.010931381947
0.0109194571024
0.0109075753484
0.0108957367878
0.0108839005606
0.0108721209634
0.0108604135694
0.0108487172591
0.010837106736
0.0108256117382
0.0108142473062
0.0108029983238
0.0107919011046
0.010780966495
0.0107700914303
0.0107593186314
0.0107487250701
0.0107383135621
0.0107280859769
0.0107180438985
0.0107081868354
0.0106985142559
0.0106888747712
0.0106791460334
0.0106696064344
0.0106597247376
0.0106497881107
0.0106400952906
0.0106306217717
0.0106213572999
0.0106122949342
0.0106034169731
0.0105934846442
0.0105837505805
0.0105743697099
0.0105652862019
0.0105564661782
0.0105478852771
0.0105395246017
0.0105313685884
0.0105234040177
0.0105156193765
0.0105079312743
0.0104998615552
0.0104919982077
0.0104842223957
0.0104766158131
0.0104691715046
0.0104618796343
0.0104547318367
0.0104477210544
0.0104408407165
0.0104340843892
0.0104274443386
0.01042091843
0.010414502042
0.0104081909043
0.0104018815675
0.0103956473232
0.0103895061265
0.0103834552669
0.010377491953
0.0103716131147
0.0103658163146
0.0103600993388
0.0103544600686
0.0103489020221
0.0103434175633
0.0103380047671
0.0103326619496
0.0103273874983
0.0103221798781
0.0103170376258
0.0103119569626
0.0103068593186
0.0103018233888
0.0102968491806
0.0102919356359
0.0102870175787
0.0102821238553
0.0102772895581
0.0102725126229
0.0102677916689
0.0102631255255
0.0102585131187
0.0102539524514
0.0102493721717
0.0102448295302
0.0102398764869
0.01023429059
0.0102288825964
0.0102235740018
0.0102183427658
0.0102131813658
0.0102080860799
0.0102030544912
0.0101980845807
0.0101931746764
0.0101883235353
0.0101835308634
0.0101782072827
0.0101726574335
0.0101671952974
0.010161768446
0.0101564107241
0.0101511182621
0.0101458888106
0.0101407206183
0.0101354615552
0.0101301846236
0.010124970782
0.0101198160585
0.0101147186229
0.0101096770831
0.0101046801592
0.0100996976957
0.010093690336
0.0100878580601
0.0100821271372
0.01007647733
0.0100708998554
0.0100653929621
0.0100599540724
0.0100545797606
0.0100492620291
0.0100440074205
0.0100388141161
0.010033680568
0.0100286054034
0.0100235870295
0.0100179609472
0.0100121693727
0.010006349298
0.0100004577463
0.00999459145022
0.00998872229263
0.00998296330072
0.00997690686807
0.00996951154488
0.00996240522326
0.00995557464799
0.00994897826258
0.00994260514069
0.00993643148255
0.00993043602117
0.00992458777948
0.00991887656758
0.0099130380542
0.00990727337781
0.009901608021
0.00989602468993
0.00989051176528
0.009885060258
0.00987962554552
0.00987390168708
0.00986579012471
0.00985796665963
0.00985043978132
0.00984285004083
0.00983512942985
0.0098277246962
0.00982105525111
0.00981472559769
0.00980855344681
0.00980099514326
0.00979402859597
0.0097875801678
0.00978111916892
0.00977491428706
0.00976895403383
0.00976319058865
0.00975759115202
0.00975211958377
0.00974676055798
0.00974151080695
0.00973632163468
0.0097309667597
0.00972576854031
0.00972069249521
0.00971572089516
0.00971084352551
0.0097060397027
0.00970131737508
0.00969664565183
0.00969203641718
0.0096875010843
0.00968303694111
0.00967864170903
0.00967430636624
0.00967003491295
0.00966582656788
0.00966167477047
0.00965758253803
0.0096535484284
0.00964957084805
0.00964564828008
0.00964177923384
0.00963796228822
0.0096341960907
0.00963047947608
0.00962681128486
0.0096231476678
0.0096194950163
0.00961589085719
0.00961233241339
0.00960849131105
0.00960461846258
0.00960081496685
0.00959708433489
0.00959340666091
0.00958977647167
0.0095861889893
0.00958263837338
0.00957912139532
0.00957563593885
0.00957215260493
0.00956860248934
0.00956508914814
0.0095616086404
0.00955815846617
0.00955473737258
0.00955117567238
0.00954659592851
0.00954076121423
0.00953534694588
0.00953016875965
0.00952513157478
0.00952020348235
0.00951537098263
0.00951063035455
0.00950597181899
0.00950138597339
0.00949686754462
0.00949241212187
0.00948796483083
0.00948343324494
0.0094789776438
0.00947458849137
0.00947025763985
0.00946598095458
0.00946175535691
0.00945757811955
0.00945344643409
0.0094493577728
0.00944531008003
0.00944130151202
0.00943723635718
0.00943320794609
0.00942922060626
0.00942527149816
0.00942135862846
0.00941748041122
0.00941362953992
0.00940980539148
0.00940601314481
0.00940225185417
0.0093985210088
0.00939481952726
0.00939114670617
0.00938744207563
0.00938374074936
0.00938007714405
0.00937644828527
0.00937285032775
0.00936928197429
0.00936574253443
0.00936223061529
0.00935850772115
0.00935483787829
0.00935120436626
0.00934759905683
0.00934402397886
0.00934047919743
0.00933696477633
0.0093334808021
0.00933002726074
0.00932659892844
0.00932319455798
0.00931982148563
0.00931647987026
0.00931316992466
0.0093098918745
0.00930664594384
0.00930343233155
0.00930025125758
0.00929710292932
0.00929386015143
0.00929045928815
0.00928716534882
0.00928393514194
0.00928075139747
0.00927752038778
0.00927424204226
0.00927101903921
0.00926783739914
0.00926469247528
0.00926158180092
0.00925850581587
0.00925546177948
0.00925238285422
0.00924933868378
0.00924633084868
0.00924335843652
0.00924029595729
0.00923692796823
0.0092337516143
0.00923072365087
0.00922775348031
0.00922482833441
0.00922194178308
0.00921909080092
0.00921627349809
0.00921348845861
0.0092107345374
0.00920801079553
0.00920531511205
0.00920255295336
0.0091998301217
0.00919714050199
0.00919448191949
0.00919184327791
0.009189225141
0.00918662327554
0.00918400875115
0.00918142609242
0.00917887256903
0.0091763353332
0.00917340104966
0.00917058169842
0.00916782102829
0.00916510233567
0.00916242012636
0.00915977233549
0.00915715752571
0.00915457460047
0.00915190065029
0.00914888714667
0.00914599422337
0.00914316826695
0.00914039093437
0.00913765380302
0.00913495790261
0.00913230130704
0.00912968260018
0.00912710051112
0.00912455364124
0.00912204093996
0.00911956038291
0.00911711135163
0.00911469353881
0.00911228631029
0.0091099102577
0.0091075644261
0.00910524801863
0.00910296030606
0.00910070069714
0.00909846850322
0.00909626303116
0.0090940836912
0.00909192991454
0.00908980165005
0.00908769893191
0.00908562012943
0.00908356477654
0.0090815324741
0.00907898075815
0.00907613906264
0.00907342579079
0.0090707770151
0.00906817400426
0.00906560157865
0.00906300458721
0.00906044851258
0.00905793085851
0.00905544220842
0.00905274557371
0.00905012718571
0.0090475618043
0.00904504093286
0.00904256077015
0.00904011893148
0.00903771356769
0.00903534309903
0.00903300615287
0.00903070193328
0.00902842864299
0.00902618499017
0.00902397068998
0.00902178499863
0.00901962585619
0.00901749240195
0.0090153839198
0.00901329952303
0.00901123850118
0.00900920114437
0.00900718619177
0.00900519262784
0.00900321983258
0.00900126733329
0.00899933464636
0.00899742129776
0.008995526847
0.00899363277398
0.00899164787325
0.00898969693229
0.00898777095543
0.00898586716351
0.00898398419616
0.00898212122748
0.00898027763521
0.00897845287477
0.0089766464432
0.00897485787465
0.00897308673872
0.00897131664392
0.0089695593368
0.00896781810939
0.00896608928011
0.00896437577513
0.00896267728907
0.00896099352075
0.00895932417851
0.0089576689898
0.00895592891479
0.00895418416671
0.00895246254605
0.00895075981303
0.00894907437007
0.00894740539333
0.00894557911378
0.00894329487363
0.00894117917626
0.00893912886029
0.00893711357278
0.00893512366992
0.00893315570944
0.00893120808059
0.0089292797765
0.00892737003273
0.00892547821483
0.00892360376147
0.00892174616851
0.00891990498106
0.00891807978448
0.00891627037843
0.00891447644031
0.0089126978986
0.00891093437158
0.0089091850988
0.00890744982298
0.0089057282965
0.00890402068289
0.00890232636531
0.00890064509327
0.00889897666308
0.00889732092876
0.00889567765637
0.00889404665425
0.00889242774297
0.00889082074138
0.00888922551185
0.00888764189444
0.0088860697337
0.00888450887912
0.00888295685651
0.00888140161769
0.00887985759005
0.00887832442017
0.00887680191542
0.00887528993056
0.00887378833751
0.0088722970085
0.00887081582227
0.0088693446601
0.00886788340569
0.00886643113605
0.00886498556599
0.00886354960659
0.00886212313084
0.00886070229047
0.00885928741028
0.00885788168184
0.00885648499231
0.00885509725418
0.00885371835419
0.0088523477944
0.00885098548404
0.00884963171897
0.00884828101816
0.00884693182542
0.00884559088189
0.00884425810394
0.00884293340749
0.00884161215056
0.00884029275537
0.00883898132469
0.00883767771913
0.00883638157951
0.00883509299211
0.00883381198242
0.00883253847234
0.00883127238812
0.00883001365776
0.00882876251765
0.00882753226917
0.00882630921732
0.00882509329221
0.00882388442565
0.00882268255095
0.00882148702618
0.00882029614575
0.00881911202533
0.00881793466723
0.00881676400114
0.00881559398699
0.00881413391205
0.00881276138101
0.0088114234928
0.00881010441446
0.00880879897191
0.00880750519483
0.00880622210525
0.00880494917837
0.00880350534254
0.00880204958746
0.00880063724581
0.00879924918311
0.00879787924146
0.00879652498148
0.00879518521519
0.00879385985456
0.00879254711468
0.00879124642942
0.00878995729615
0.00878867926835
0.00878741162708
0.00878615178006
0.00878437201286
0.00878262230875
0.0087809948557
0.00877942484288
0.00877789126581
0.00877638596482
0.00877490654912
0.0087734501667
0.00877201509228
0.00877059807217
0.00876919830007
0.00876781630515
0.00876645095778
0.00876510149767
0.00876376706174
0.00876244649852
0.00876113965068
0.00875984594422
0.00875856485774
0.00875729592195
0.00875602514255
0.00875466246257
0.00875332112756
0.0087519953143
0.00875068284549
0.00874938267421
0.00874809413879
0.00874681673375
0.00874555002841
0.00874429369513
0.00874304037906
0.00874179533112
0.00874055984501
0.008739333622
0.00873811640248
0.00873690795271
0.00873570805816
0.00873451652068
0.00873333315799
0.0087321578004
0.00873099029014
0.00872983048022
0.00872867823488
0.0087275334231
0.00872639592192
0.00872526561718
0.00872414240066
0.00872302616953
0.00872191682856
0.00872081428264
0.00871971844423
0.00871862922889
0.00871754655883
0.00871647035745
0.00871540054612
0.00871433705372
0.00871327981183
0.00871222875451
0.00871118381816
0.00871014494462
0.00870911208236
0.00870808516154
0.00870706412664
0.00870604892323
0.00870503949854
0.00870403580148
0.00870303778174
0.00870204539055
0.00870105858022
0.00870007730418
0.00869910151678
0.00869811684713
0.00869713237696
0.00869615321223
0.00869517921976
0.008694210349
0.00869324667132
0.00869228813355
0.00869133469785
0.00869038632797
0.00868944298681
0.00868850463743
0.00868757196378
0.00868667925619
0.0086857915012
0.00868490864803
0.00868403065816
0.00868315749674
0.00868228912976
0.0086814255239
0.00868056664633
0.00867971246457
0.00867886294641
0.00867801805998
0.00867717777371
0.00867634205621
0.00867551088151
0.00867468421816
0.00867386203107
0.00867304428962
0.00867223096394
0.00867142202378
0.00867061743908
0.0086698171801
0.00866902121835
0.00866822952374
0.0086674420666
0.00866665881786
0.00866587974896
0.00866510483074
0.00866433403458
0.0086635673322
0.00866280469473
0.00866205260342
0.00866130942399
0.00866057042754
0.00865983605772
0.00865910588149
0.00865837946604
0.00865765690334
0.00865693836286
0.00865622338545
0.00865551217676
0.00865480491096
0.00865410113074
0.00865340104481
0.0086527046818
0.00865201202572
0.0086513228454
0.00865063725432
0.0086499554393
0.00864927693674
0.00864860196066
0.00864793066779
0.00864726266039
0.00864659808609
0.00864593693304
0.00864527938202
0.00864462505325
0.0086439740861
0.00864332666387
