0.367154172585
0.27867432124
0.211289594763
0.161942869535
0.144132514775
0.129492592349
0.116499337468
0.107335544788
0.0999353136304
0.0926486733791
0.0858496150361
0.0801108188144
0.0742039544577
0.0690127985523
0.0643462770259
0.06160282642
0.0766657571301
0.0704073067821
0.0453731453926
0.0403031334827
0.04445019698
0.037836570406
0.0355849808619
0.0326524012824
0.0304277017493
0.028471735633
0.026977841219
0.0254253529523
0.0236078372122
0.0223157075068
0.0213746582103
0.0206985946701
0.020115435444
0.0195639874869
0.0189833538992
0.018362008361
0.0178705017026
0.0174600301239
0.0171210453623
0.0168241395183
0.0165304363804
0.0162558395749
0.0160215334344
0.0158147338318
0.0156246802762
0.0154489312932
0.0152890991891
0.0151373911146
0.0149773195566
0.0147956616429
0.0146233949892
0.0144553493021
0.0142778074315
0.0140994243652
0.0138989325771
0.0136964618754
0.0134894916564
0.0132928163178
0.0131321145139
0.0130049550601
0.0128965058714
0.0127949570747
0.0126985741326
0.0126000104767
0.0125007501831
0.0124050747252
0.0123121943583
0.0122215387175
0.0121298285716
0.012039104677
0.0119515419974
0.0118679149065
0.0117886345803
0.0117142450487
0.0116393558836
0.011567860096
0.0115035137102
0.0114445800057
0.0113908371351
0.0113375534478
0.0112848859499
0.011236134751
0.0111909773623
0.0111485760211
0.0111083718544
0.011069419739
0.0110304090271
0.0109928398841
0.0109563476142
0.0109181466331
0.0108803747204
0.0108435461421
0.0108062899037
0.0107661248936
0.0107276708453
0.0106848031842
0.0106433585076
0.0106045812948
0.0105681603361
0.0105338340124
0.0105013559697
0.0104704622473
0.0104409497723
0.0104126721768
0.0103854675573
0.0103591467266
0.0103336620581
0.0103089391773
0.0102848428581
0.0102611557211
0.0102388878982
0.0102173730146
0.0101963133121
0.0101753005515
0.0101547853461
0.0101347514786
0.0101151847763
0.0100960737073
0.0100774056329
0.0100592101256
0.0100425262956
0.0100262506668
0.0100103439035
0.00999475346541
0.00997942932728
0.00996435103725
0.0099495826474
0.00993496395235
0.00992044228868
0.00990588667455
0.00989153467311
0.00987745146504
0.00986363304991
0.00985005841379
0.00983671430223
0.00982358918724
0.00981069998741
0.00979804977061
0.00978559802547
0.00977190109211
0.00975819218594
0.00974476473105
0.00973077533813
0.00971656426759
0.00970251658493
0.00968844938036
0.00967467092289
0.00966115701692
0.00964790937895
0.00963556286039
0.00962341123564
0.00961140006119
0.00959904386919
0.00958620148164
0.00957361539027
0.00956127084641
0.00954916387213
0.00953728321443
0.00952562669349
0.00951345137888
0.00950144859656
0.00948960740673
0.00947734964791
0.00946534445841
0.00945314423821
0.00944192863901
0.00943105253737
0.00942047422786
0.00941016557614
0.00940010505894
0.00939028047558
0.00938066162733
0.00937125333178
0.00936204555819
0.00935276476042
0.00934348159629
0.00933396081908
0.00932445100467
0.00931513224175
0.00930599206146
0.00929702171964
0.00928821354216
0.00927954982193
0.00927102973417
0.0092626482559
0.00925440103281
0.00924628314189
0.00923828991565
0.00923041422384
0.00922230766055
0.00921422983214
0.00920625295941
0.00919839069879
0.00919063675756
0.00918298695049
0.00917581117419
0.00916875636748
0.00916185726844
0.00915523127805
0.00914870488328
0.00914225419192
0.0091358697302
0.00912954704126
0.00912328491447
0.00911708125534
0.00911093265308
0.00910484078555
0.00909873525261
0.00909252944539
0.00908550175999
0.00907853519173
0.00907206492727
0.00906575721495
0.00905951086193
0.00905331800704
0.00904717762716
0.00904109048021
0.00903505535192
0.00902907005945
0.00902313479774
0.00901725038613
0.00901141829911
0.00900563635313
0.00899990996874
0.00899423644739
0.00898657114607
0.00897793634813
0.00897005263638
0.00896264768614
0.00895542500913
0.00894843884739
0.00894167489138
0.00893511906223
0.00892873647615
0.00892250215695
0.00891639775838
0.00891013044734
0.0089039864891
0.00889797231672
0.00889207662143
0.00888629662124
0.00888062119671
0.00887504712148
0.00886957679127
0.0088641973258
0.00885889435785
0.008853661246
0.00884849510109
0.00884339838649
0.00883836593666
0.00883340545428
0.00882851894392
0.00882359010128
0.00881862388599
0.00881372820747
0.00880890323442
0.00880413258384
0.0087993299425
0.00879458189457
0.00878988222569
0.00878519424564
0.00878057497394
0.00877599730807
0.0087714602713
0.00876696536313
0.00876250896746
0.0087580914758
0.00875372056058
0.00874936936045
0.00874414787181
0.00873909552631
0.00873414483686
0.00872927282187
0.00872446886249
0.00871972692246
0.00871504224512
0.00871041067711
0.00870583081586
0.00870130094741
0.00869682133228
0.00869238620019
0.00868799450284
0.00868364301575
0.00867932261059
0.00867510243571
0.00867094027612
0.00866684398283
0.00866279292906
0.00865877583617
0.00865480218839
0.00865086265566
0.00864692673536
0.0086430178913
0.00863914413559
0.00863529715854
0.00863146550965
0.00862765946142
0.00862387623257
0.00862008678477
0.00861626246489
0.00861105198126
0.00860607251774
0.00860134343879
0.00859659195184
0.00859197673429
0.00858744874786
0.0085826597787
0.00857786317285
0.00857159026031
0.00856568654913
0.00856004919292
0.00855460884477
0.00854780352832
0.00854059099179
0.00853383118522
0.00852742146716
0.00852127926471
0.00851535043732
0.00850949926812
0.00850374735778
0.00849810136909
0.00849255323397
0.00848711714096
0.00848175057103
0.00847644944216
0.00847115907035
0.00846586738823
0.00846064122325
0.0084539641836
0.00844759718781
0.00844146061111
0.0084355166787
0.00842973157269
0.00842407386774
0.00841852813167
0.00841308061001
0.00840732687191
0.00840152261978
0.00839588313879
0.00839037927574
0.00838500153745
0.00837972790837
0.00837450339044
0.00836932798409
0.00836412705864
0.00835864780552
0.00835327539951
0.00834798762922
0.00834277755817
0.00833751730804
0.00833206181348
0.00832660672998
0.00832123462856
0.00831593513149
0.00831070759959
0.00830555167487
0.0083004705652
0.00829544726746
0.00829048972487
0.0082856510304
0.00828092846982
0.00827600396473
0.00827058617385
0.00826482345407
0.00825911288243
0.00825356761132
0.00824797261752
0.00824213492519
0.00823646417531
0.00823090473623
0.00822543112601
0.00822006973602
0.0082147858995
0.00820954181139
0.00820440179761
0.00819945232484
0.00819431407775
0.00818912864318
0.00818405899469
0.0081790917207
0.0081742178166
0.00816943220958
0.00816459823927
0.00815981010452
0.00815512425663
0.00815054729697
0.00814605407517
0.00814165095069
0.00813732178429
0.00813305767055
0.00812885942861
0.00812464128012
0.00812039838352
0.00811621120534
0.00811210523198
0.00810807348647
0.00810416174176
0.00810032338991
0.00809653970025
0.0080928279302
0.00808918835046
0.00808559538803
0.0080820172036
0.00807844648055
0.00807481308447
0.00807122308123
0.00806767576047
0.00806416936268
0.00806070259899
0.00805727787306
0.00805389448965
0.00805054899973
0.0080472400428
0.00804396703032
0.00804072929667
0.00803752764727
0.0080344741685
0.00803151509654
0.00802858977617
0.00802569947405
0.00802281959966
0.00801978463361
0.00801680284475
0.00801371178049
0.00801047064172
0.00800715592125
0.00800390142692
0.00800070377056
0.00799755139328
0.00799444467066
0.00799138278791
0.00798840713554
0.00798549452565
0.0079826215274
0.00797979703557
0.00797703128453
0.0079743007378
0.00797160443053
0.00796894151362
0.00796631063207
0.00796371176765
0.00796114333777
0.00795856461157
0.00795594228685
0.0079533564799
0.00795079756347
0.00794827041864
0.00794503221465
0.00794187725725
0.00793873109448
0.00793528198795
0.00793200643776
0.00792887110312
0.00792585305854
0.00792293629948
0.00792017904127
0.00791749975799
0.00791488724942
0.00791232114951
0.00790852132331
0.00790484111238
0.00790126684181
0.00789778701274
0.00789429852945
0.00789068273
0.00788715832046
0.00788371255851
0.00788033335767
0.00787701649849
0.00787375871763
0.00787053503027
0.00786710704852
0.00786317326299
0.00785934607331
0.00785562917098
0.00785187136846
0.00784812854696
0.00784447520386
0.00784090174513
0.00783739903449
0.00783399169949
0.00783066022153
0.00782738663914
0.00782416869449
0.00782100409303
0.00781789007879
0.0078148244388
0.00781180520783
0.00780883097334
0.00780589982201
0.00780303521745
0.00780024346626
0.0077975114311
0.00779482227171
0.00779217218333
0.00778955748914
0.00778697271931
0.00778415303568
0.007781296909
0.00777848902278
0.00777571481367
0.00777297923274
0.00777027957336
0.00776761968422
0.00776499761489
0.00776240242228
0.0077598316096
0.00775729003812
0.00775477894502
0.00775229524375
0.00774974777199
0.00774706138337
0.00774436280852
0.00774159574424
0.00773887473938
0.00773619208441
0.00773354581065
0.00773093365437
0.00772835385585
0.00772568376565
0.00772288387462
0.00772010279895
0.00771733002942
0.00771456609252
0.00771182266469
0.00770912184633
0.00770645720731
0.00770381897723
0.00770119425166
0.00769861617133
0.00769606769723
0.00769354535439
0.0076909534026
0.00768838914784
0.00768584544947
0.0076832751851
0.00768081737298
0.00767838752923
0.00767598914821
0.0076736185681
0.00767127053144
0.00766894665094
0.00766664683071
0.00766435570713
0.00766197062112
0.00765962128636
0.00765729880105
0.00765499264649
0.00765269503416
0.00765040912481
0.007648149075
0.00764591470976
0.00764370605758
0.00764152163844
0.00763936094832
0.00763722363161
0.0076351113034
0.00763302372476
0.00763095868345
0.00762896934436
0.00762703130958
0.00762511392924
0.00762321653044
0.00762134422637
0.00761949181959
0.00761765750299
0.00761584236454
0.00761404588182
0.00761226553103
0.00761033981588
0.00760832988194
0.00760627199673
0.0076042391555
0.00760223773829
0.00760034728108
0.00759851215772
0.00759674713603
0.00759500386065
0.00759328972898
0.00759159605006
0.0075899222599
0.00758825849559
0.00758660611502
0.00758497372127
0.00758336089002
0.00758176749464
0.00758019251616
0.00757863558268
0.00757710135523
0.00757558685562
0.00757391778792
0.00757211964398
0.00756999774868
0.00756791399034
0.0075658962946
0.00756392995092
0.00756200684257
0.00756012203201
0.00755825183641
0.00755641337718
0.00755460671942
0.00755282933125
0.00755108674054
0.00754937604463
0.00754769018736
0.0075460282722
0.00754435214073
0.00754264290586
0.00754096455698
0.00753930983721
0.0075376777348
0.00753606768444
0.00753447925379
0.00753291212181
0.00753136581038
0.0075298389321
0.00752832913074
0.00752684244587
0.00752538631699
0.00752395198695
0.00752253456474
0.00752113915668
0.00751975935141
0.00751839900658
0.00751705557985
0.00751573125683
0.00751442217783
0.00751313346019
0.0075118635194
0.00751061202596
0.00750937687119
0.00750815780106
0.00750695446238
0.00750577137417
0.00750460614885
0.00750345294351
0.00750231317854
0.0075011871795
0.00750007457039
0.00749897497453
0.0074978881107
0.00749681103413
0.00749574113578
0.00749468564264
0.0074936389645
0.00749260469014
0.00749158276126
0.00749055759714
0.00748954108699
0.00748853535948
0.00748754012492
0.00748655509544
0.00748557952694
0.00748461368752
0.00748365878353
0.0074827117692
0.00748177451443
0.00748084541021
0.00747992571102
0.00747901324095
0.00747811092117
0.00747721542243
0.00747632786527
0.00747544808686
0.00747457581957
0.00747371101626
0.0074728539845
0.00747200346735
0.00747115970736
0.00747032249589
0.00746949239882
0.00746866872141
0.00746785125677
0.0074670398798
0.00746623443756
0.00746543481199
0.00746463976371
0.00746385136907
0.00746306841599
0.00746229069797
0.00746151737272
0.00746075057559
0.00745998881457
0.00745923089418
0.00745847872124
0.00745773110792
0.00745698732279
0.00745624885111
0.00745551342642
0.00745477982158
0.00745405062549
0.00745332476076
0.00745260403207
0.00745188651375
0.00745117392281
0.00745046532964
0.0074497602525
0.00744906005134
0.00744836314702
0.00744766975421
0.00744698049595
0.00744629373713
0.00744561140859
0.00744493249224
0.00744425582081
0.00744358345851
0.00744291432712
0.00744224722173
0.00744158431828
0.00744092447432
0.00744026764652
0.00743961252717
0.00743896152478
0.00743831337601
0.00743766804255
0.00743702547132
0.00743638567101
0.00743574709367
0.00743511254861
0.00743448058516
0.00743385115572
0.00743322422988
0.00743259976145
0.00743197771385
0.0074313580516
0.00743074075639
0.00743012577744
0.0074295065317
0.00742888293252
0.00742826583542
0.00742764960729
0.00742703506879
0.00742642261426
0.00742581292215
0.00742520457928
0.0074245990745
0.00742399466345
0.0074233930808
0.00742279353066
0.00742219475628
0.00742159904251
0.00742100518393
0.0074204126847
0.00741982164287
0.00741923329226
0.00741864675493
0.0074180620052
0.00741747901336
0.00741689775604
0.00741631820477
0.00741574033865
0.00741516620091
0.00741459167013
0.00741401875787
0.00741344797717
0.00741288005247
0.00741231188915
0.00741174780015
0.00741118268772
0.00741062176479
0.0074100596469
0.00740950179949
0.00740894552678
0.00740838816625
0.0074078343624
0.00740728250031
0.00740673208959
0.00740618311235
0.00740563553447
0.00740508934191
0.00740454451683
0.00740400105426
0.00740345889841
0.00740291806347
0.00740238234907
0.00740184420831
0.00740130721878
0.00740077562722
0.00740024110324
0.00739971059745
0.00739918003065
0.00739865355718
0.00739812379356
0.00739759977603
0.00739707684967
0.00739655090184
0.00739602982295
0.00739551041254
0.00739499214179
0.00739447502029
0.00739395899559
0.00739344406266
0.00739293017818
0.00739241738601
0.00739190556545
0.00739139850231
0.00739089084425
0.00739038207348
0.00738987733897
0.0073893734834
0.00738886824698
0.00738836887047
0.00738786652801
0.00738736807668
0.00738687172726
0.00738637134435
0.0073858769947
0.00738538402536
0.0073848917745
0.00738439826983
0.00738390647182
0.00738341631927
0.00738292787509
0.00738244114136
0.00738195627658
0.00738147163145
0.00738098609508
0.00738050134315
0.00738002218407
0.00737954185524
0.00737905972664
0.00737858545629
0.00737810436373
0.00737763210189
0.00737715339732
0.00737668169364
0.00737620915691
0.00737573459727
0.00737526564252
0.00737479790323
0.00737432928045
0.00737386059654
0.00737339335846
0.00737292770011
0.00737246335724
0.0073720004873
0.00737153882752
0.00737107855856
0.00737061946071
0.00737015893961
0.0073696986239
0.00736924220896
0.00736878844842
0.00736833057289
0.00736787672998
0.00736742493856
0.00736697022534
0.00736652154921
0.00736606867725
0.00736562042294
0.00736517222746
0.00736472191269
0.00736427797371
0.00736381127106
0.00736330266672
0.00736280419652
0.00736231517715
0.0073618300893
0.00736134817973
0.00736086863691
0.00736039121736
0.00735991575227
0.00735944207043
0.00735896994955
0.00735849936301
0.00735803319855
0.00735756884407
0.0073571060992
0.00735664034816
0.00735617890684
0.00735572101596
0.00735526063034
0.00735480243147
0.00735434837
0.00735388945721
0.00735343764422
0.0073529835736
0.00735253206638
0.00735208048796
0.00735163163379
0.00735118024785
0.00735073592512
0.00735028667419
0.00734984118516
0.00734939797611
0.00734895225997
0.00734850781031
0.00734806840558
0.00734762771246
0.00734718641523
0.00734674623158
0.0073463071335
0.00734586902048
0.00734543198739
0.00734499642492
0.00734456146351
0.00734412699531
0.00734369384034
0.00734326180865
0.00734283067259
0.00734240047939
0.00734197126437
0.00734154277239
0.00734110999225
0.00734068081303
0.00734025348685
0.00733982629868
0.00733939675192
0.00733897216379
0.00733854664461
0.00733812087462
0.00733769899952
0.00733727327726
0.00733685308537
0.0073364290923
0.00733601070148
0.00733558846597
0.00733517035422
0.00733475116016
0.00733433162359
0.00733391716598
0.00733349929719
0.0073330821798
0.00733266035894
0.00733223654954
0.00733181307169
0.00733139021168
0.00733096812838
0.00733054748297
0.00733012750518
0.00732970866565
0.00732929047741
0.00732887208812
0.00732845171825
0.00732803446151
0.00732761984545
0.00732720494201
0.00732678633214
0.00732637415274
0.00732596165439
0.00732554571799
0.00732513602194
0.00732472154005
0.00732431259556
0.00732390076276
0.00732349229105
0.00732308114798
0.00732267526291
0.00732226476257
0.0073218607528
0.00732145255278
0.00732100533407
0.00732044361674
0.00731990554992
0.00731938622322
0.00731888279066
0.00731838320198
0.0073178904091
0.00731740340232
0.00731692323935
0.00731644814596
0.00731597624228
0.00731550602654
0.0073150389828
0.00731457481673
0.00731411334159
0.00731365427424
0.00731319737101
0.00731274259283
0.00731228989305
0.00731183903609
0.0073113898297
0.00731094222142
0.00731049629257
0.00731005180897
0.00730960855459
0.00730916680063
0.00730872577728
0.00730828464624
0.00730784456555
0.00730740661027
0.00730697085562
0.0073065360672
0.00730610252777
0.0073056699793
0.00730523645777
0.00730480233744
0.00730437253427
0.00730394382681
0.0073032495498
0.00730250827133
0.0073018086331
0.00730114249638
0.00730049868038
0.00729986886052
0.00729925329043
0.00729865147001
0.00729805457688
0.00729747111998
0.00729689295431
