0.0777368309294
0.04481285507
0.0340921878679
0.0320097977434
0.0310695658921
0.0302021632651
0.0293686710715
0.0286530168408
0.0280147508588
0.0273800968524
0.0267051214492
0.0260997843957
0.0257183218522
0.0254630750663
0.0252533591092
0.0250746313634
0.0249166253895
0.0247772537142
0.0246528544826
0.024540238095
0.0244373906921
0.0243422102794
0.024255355748
0.0241739989312
0.0240977669929
0.0240271001459
0.0239619145471
0.0239013350858
0.0238448078056
0.0237885924191
0.023731121025
0.0236799241966
0.023631431087
0.0235847132414
0.0235419743142
0.0235003870207
0.0234606466019
0.0234204974053
0.023378667123
0.0233384812866
0.023298982013
0.023260216975
0.0232219502424
0.0231822237148
0.0231426164787
0.0231039643194
0.0230670072166
0.0230303071687
0.0229953919537
0.0229601222125
0.0229265982052
0.02289320569
0.0228590247776
0.0228236228585
0.0227882494667
0.0227526087447
0.0227157086795
0.0226782561791
0.0226396183295
0.0226007430694
0.0225622351316
0.0225236202198
0.0224847287962
0.0224454694648
0.0224041485871
0.0223629939045
0.0223213212247
0.0222770439696
0.0222318551816
0.0221850045437
0.022132099875
0.0220767912764
0.022022164215
0.0219685826229
0.0219172810887
0.0218694580552
0.0218236615973
0.0217787979517
0.0217358461632
0.0216933393939
0.0216517512582
0.0216099737737
0.0215698685417
0.0215311296252
0.0214936952381
0.0214575890768
0.0214240908611
0.0213929572851
0.0213635866773
0.0213343793141
0.0213045591065
0.0212757109141
0.0212470076451
0.0212170744322
0.0211874845896
0.0211585337679
0.0211300065871
0.0211012539516
0.021072635547
0.0210440988925
0.0210139955162
0.0209834943979
0.0209531437446
0.0209236064272
0.0208967124501
0.0208708110645
0.0208458697329
0.0208214826098
0.0207978552301
0.0207747834137
0.0207519822292
0.0207292353869
0.0207066070833
0.0206838439553
0.0206586361337
0.020631552359
0.0206050979127
0.0205791847534
0.0205541641975
0.0205296372662
0.0205029865268
0.0204734470137
0.0204445422886
0.0204168197912
0.0203898741937
0.0203636443335
0.0203384028123
0.0203139916907
0.0202899902433
0.0202668225192
0.0202445148314
0.0202232275002
0.0202027403151
0.020182829587
0.0201635592451
0.0201448393812
0.0201268475499
0.0201095292233
0.0200922994027
0.0200756828889
0.0200597224691
0.0200444257922
0.0200298952245
0.020016076208
0.0200023797911
0.0199888443429
0.0199741044391
0.0199597081899
0.0199464002871
0.0199342090399
0.0199232236586
0.0199130356215
0.019902727975
0.0198924597762
0.0198818284449
0.0198713512867
0.0198614707734
0.0198521152605
0.0198428877422
0.0198341207347
0.0198257718043
0.0198178066153
0.0198101723456
0.0198022335739
0.0197940536705
0.0197854757233
0.0197771835496
0.0197683611375
0.0197597983938
0.0197515639736
0.0197432872695
0.0197351545734
0.0197272061419
0.0197194531666
0.0197118889739
0.0197046679171
0.0196976963348
0.0196908389743
0.0196840949363
0.019677624084
0.0196712892029
0.019665032079
0.0196588369595
0.0196510965247
0.0196423386758
0.0196337945167
0.0196253996864
0.0196171223595
0.0196088339597
0.019599781787
0.0195914337334
0.019583502216
0.0195753847175
0.0195675591682
0.0195600180279
0.0195527143508
0.0195456231094
0.0195387811096
0.0195321745697
0.0195257819895
0.0195195933285
0.0195136008564
0.0195077900166
0.0195023777757
0.0194973540168
0.0194924625502
0.019487706807
0.0194816394943
0.0194750117052
0.0194686639068
0.0194625494453
0.0194566400571
0.0194510303511
0.0194451052272
0.019438472849
0.0194317477694
0.0194252063571
0.0194188234806
0.0194125748718
0.0194064435966
0.0194004248754
0.0193945006768
0.0193886297772
0.0193812096119
0.0193738618253
0.019366726861
0.0193583828014
0.0193496774993
0.0193406328617
0.0193306598877
0.0193208683073
0.0193101336199
0.0192996323691
0.0192894241844
0.019279511408
0.0192700252195
0.0192609645995
0.019252270155
0.0192438649949
0.0192357585506
0.0192279437554
0.0192204158331
0.0192134248669
0.0192066777366
0.0192001962957
0.0191941900352
0.0191884283694
0.0191828928803
0.0191775696537
0.0191726437486
0.0191664336775
0.0191606603516
0.0191547739829
0.019149318564
0.0191441903094
0.0191393748638
0.0191348225681
0.0191304796327
0.0191261797505
0.0191221873261
0.0191183564568
0.0191146683831
0.0191111027338
0.019107642445
0.01910427436
0.0191009853509
0.0190975838682
0.0190940660448
0.0190906423223
0.0190871884348
0.0190836785762
0.0190802115597
0.0190767821768
0.0190733811743
0.0190699873387
0.0190665995276
0.0190632109209
0.0190598020141
0.0190563649979
0.0190528920301
0.0190493648858
0.0190457677687
0.0190420839768
0.0190383062089
0.0190345993968
0.0190307766803
0.0190267950097
0.0190225997842
0.0190181550568
0.0190134521111
0.0190084566301
0.0190030758726
0.0189972360893
0.0189908410408
0.0189837661927
0.0189758313131
0.0189669874191
0.0189570903573
0.0189462955749
0.0189347989718
0.0189229795855
0.0189113422617
0.0188998401782
0.0188890946199
0.0188790519612
0.0188698220256
0.0188617021602
0.0188541675221
0.0188471199869
0.0188405609164
0.0188343881949
0.01882851665
0.0188228734923
0.0188173760495
0.01881197751
0.0188066229911
0.0188013076008
0.0187959911485
0.0187905343945
0.018784424366
0.0187783182173
0.0187719739362
0.0187650872588
0.0187587662327
0.0187524640051
0.0187444527514
0.0187363398764
0.0187276049474
0.0187191225641
0.0187102765767
0.018698675866
0.018685854543
0.0186731711421
0.0186609554969
0.0186491708349
0.0186377544706
0.0186264513167
0.018614947455
0.0186035586005
0.0185924237662
0.0185814792846
0.018570666599
0.0185599327224
0.0185492339322
0.0185383223571
0.0185273349088
0.0185162860299
0.0185052332176
0.0184942490466
0.018483405098
0.0184729538949
0.0184627223161
0.018452717372
0.018442925396
0.018433425841
0.0184232074537
0.018413085055
0.018403304202
0.018385898635
0.0183629660087
0.0183408742886
0.0183206993263
0.0183028047174
0.0182868737063
0.0182723394198
0.0182579623264
0.0182419286667
0.0182256490794
0.0182078581218
0.018191402588
0.0181759259778
0.0181611384222
0.0181468962677
0.0181332727313
0.0181201979982
0.0181076407774
0.0180955612208
0.0180837238124
0.0180720698361
0.018059421422
0.0180445452818
0.0180270034416
0.0180068486042
0.0179824455266
0.017948807803
0.0178980307177
0.0178456224928
0.0177885375934
0.0177327332059
0.0176685870564
0.0175930928193
0.0175212999552
0.0174558188563
0.0173966962155
0.0173442916598
0.0172969845671
0.0172484073254
0.0172010567314
0.0171558156055
0.017108044258
0.0170596935673
0.0170127249093
0.0169680872091
0.0169258400468
0.0168855472819
0.0168465467511
0.0168087578682
0.0167726340181
0.0167351958329
0.0166978120968
0.0166552581393
0.0166111613518
0.0165644607958
0.0165130059635
0.0164553647864
0.0163708538597
0.0162595952345
0.0161112695058
0.0159299837242
0.0157096427687
0.0154641876561
0.0152364319436
0.0150279683333
0.0148397635772
0.0146249970388
0.0143945343769
0.0141908997147
0.0140074912216
0.0138607085676
0.0137524398349
0.0136570673855
0.0135741555918
0.0135037930533
0.0134411914938
0.0133889850079
0.0133447946182
0.0133055262973
0.0132694083818
0.0132339246828
0.0131985437373
0.0131654736138
0.0131278222546
0.0130818786702
0.0130357989554
0.0129901729488
0.0129397330605
0.0128915897067
0.0128423907035
0.0127854290385
0.0127265893308
0.012663172884
0.0125964500125
0.0125299351072
0.0124633505656
0.0124019570475
0.0123452625369
0.0122887503114
0.0122330861564
0.0121784569619
0.0121174924484
0.0120587224986
0.012002066854
0.0119479974707
0.0118935005755
0.0118400837404
0.0117895925734
0.0117422047469
0.0116964216371
0.011651778734
0.0116094689515
0.0115688618302
0.0115292268155
0.0114891774438
0.0114416884725
0.0113968444881
0.0113550029581
0.0113161463957
0.0112803831181
0.011245075409
0.0112099080074
0.0111757575168
0.0111440734656
0.0111148800989
0.0110847688164
0.0110545835318
0.0110262390461
0.0110005825729
0.0109772663911
0.0109560059065
0.0109356837676
0.0109164025307
0.0108965903561
0.0108777084489
0.0108595008689
0.0108412669319
0.0108213331024
0.0108009433718
0.0107763247293
0.0107535071256
0.0107322886221
0.0107124604523
0.0106939004202
0.0106762400408
0.010659209064
0.0106430384237
0.0106277889307
0.0106133785945
0.0105994977266
0.0105863081427
0.0105738066811
0.0105619440016
0.0105506780307
0.010540057382
0.0105298502845
0.0105200757187
0.0105107752732
0.0105015855743
0.010492816688
0.0104844996781
0.0104765816834
0.0104681872471
0.0104601791946
0.0104484942988
0.0104376196138
0.0104270394133
0.0104169194663
0.0104072308239
0.0103979535264
0.0103891185825
0.0103806738482
0.0103726451881
0.010364683974
0.0103560632811
0.010348022759
0.0103404339925
0.0103332413409
0.0103264101826
0.0103199112355
0.0103137190975
0.0103078102705
0.0103021624692
0.0102967602551
0.010291586878
0.0102866189928
0.0102818407694
0.0102772327558
0.0102726071315
0.0102681182111
0.0102638121077
0.0102596459247
0.0102555975656
0.0102500795462
0.010244240043
0.0102390863851
0.0102341948429
0.010229467905
0.0102248738054
0.0102203989788
0.0102160340065
0.0102117707639
0.0102076014325
0.0102035192922
0.0101995194915
0.0101955965426
0.0101917024766
0.0101877940021
0.0101838952997
0.0101799913501
0.0101761528144
0.0101723826355
0.010168665559
0.0101649956379
0.0101613696639
0.0101577847457
0.0101542381467
0.0101507455105
0.0101473107249
0.0101439144886
0.0101405501433
0.0101372187358
0.0101339165231
0.0101306432851
0.0101274063137
0.010124192311
0.0101209995298
0.0101178265008
0.0101142177293
0.0101101981765
0.0101060366219
0.0101018007064
0.0100974395398
0.0100919861731
0.0100865619352
0.0100812632744
0.0100760474363
0.0100708938564
0.0100657894882
0.0100607189936
0.0100540737205
0.0100479089282
0.0100419268841
0.0100359355113
0.010030071361
0.0100243314081
0.0100187117964
0.0100132086494
0.0100078210821
0.0100025227222
0.00999738111955
0.00999236186516
0.00998730723915
0.00998229655258
0.00997737490994
0.00997254290645
0.0099678157484
0.00996319490001
0.00995867906789
0.00995427225568
0.00994997500228
0.00994561047073
0.00994023192163
0.0099352973943
0.00993058535904
0.00992604348681
0.00992165883633
0.00991742651571
0.00991335324432
0.00990943203214
0.00990565165528
0.00990200804408
0.00989852900921
0.00989517650651
0.00989191679714
0.009888746794
0.00988568828967
0.009881731683
0.00987753695675
0.0098735517684
0.00986970955327
0.00986599434984
0.00986240068524
0.00985892541095
0.00985535231276
0.00985160614469
0.00984797138669
0.00984443960756
0.00984100936858
0.00983768043252
0.00983400020415
0.0098298183476
0.00982589395722
0.0098221181389
0.00981849216977
0.0098150038842
0.00981163117315
0.00980835659201
0.00980331633513
0.00979789204877
0.00979303317229
0.00978803228924
0.00978306644609
0.00977834561763
0.00977384493288
0.00976956401483
0.00976549580552
0.00976162963383
0.00975795645403
0.00975446668198
0.00975115040057
0.00974799747089
0.00974435943289
0.00974075628913
0.00973711669741
0.0097337135664
0.00973049808115
0.00972745122237
0.00972456047137
0.00972181425509
0.00971916820782
0.00971662915077
0.00971420957631
0.00971190018707
0.00970969259523
0.00970757904445
0.00970555201713
0.00970260794272
0.00969995689789
0.00969705328867
0.00969422518058
0.00969152948394
0.00968888409089
0.00968601023362
0.00968325122206
0.00968058574616
0.00967800413514
0.00967548177545
0.00967302164098
0.00967062697263
0.00966806878743
0.00966334363621
0.00965857937031
0.00965421692137
0.00964913486977
0.00964306659473
0.00963405279225
0.00962546695185
0.00961687605107
0.00960838873583
0.00960007517457
0.00959195996776
0.00958406458318
0.0095764775455
0.00956915748669
0.0095620354181
0.00955518130317
0.00954859679179
0.00954228091175
0.00953614878491
0.0095302468325
0.009524611804
0.00951923488656
0.00951410811605
0.00950921364666
0.00950454055592
0.00950008136354
0.00949547101912
0.00949099780784
0.00948673547913
0.00948266450047
0.0094787730503
0.00947505096178
0.00947148882153
0.00946807781251
0.00946480966222
0.00946167777661
0.0094586743153
0.00945579172768
0.00945302311076
0.00945032832081
0.00944770132761
0.0094442674135
0.00944069441366
0.00943733507162
0.00943412384073
0.00943104250429
0.00942808204658
0.00942523533111
0.00942249005604
0.00941984550057
0.00941729747967
0.00941484734551
0.00941249001919
0.00941021517863
0.00940802011005
0.00940589991945
0.0094038507426
0.00940186916787
0.00939995195971
0.00939809604155
0.00939629848378
0.00939455649206
0.00939286739881
0.00939122865569
0.00938963782653
0.00938809258156
0.00938659551543
0.00938509555239
0.00938364673779
0.00938224106379
0.009380875674
0.00937954844734
0.00937827034895
0.00937703747638
0.00937583699858
0.00937466722591
0.00937352654786
0.00937241342858
0.00937132640677
0.00937026409133
0.00936922516059
0.00936820836089
0.00936721250304
0.00936623646063
0.00936527916892
0.00936432666404
0.00936330429734
0.00936227997997
0.00936107846409
0.00935990042904
0.00935873284351
0.00935758973475
0.00935646739634
0.00935536380053
0.00935427811014
0.0093532095642
0.00935215745281
0.0093511211085
0.00935009990148
0.00934909323621
0.00934810054738
0.00934711441484
0.00934542276225
0.00934401244392
0.00934267781203
0.00934138055402
0.00934011267333
0.00933887174309
0.00933765639456
0.00933646549263
0.00933529798533
0.00933415287158
0.00933302919352
0.00933192603795
0.00933084253253
0.00932977784459
0.00932873117934
0.00932770177848
0.00932521561365
0.0093231353803
0.00932127457755
0.00931949454232
0.00931776820856
0.00931608913519
0.00931445485333
0.00931280533101
0.00931075342923
0.00930876570964
0.00930682382164
0.00930492385342
0.00930295223298
0.00930034383493
0.0092970014329
0.0092931888483
0.00928977850681
0.00928655499392
0.00928345556529
0.009280467038
0.00927758496396
0.00927480352142
0.00927211875638
0.00926952689109
0.00926702404099
0.00926466036431
0.00926214697824
0.00925977792039
0.00925753090359
0.00925537198683
0.00925328928917
0.00925127665107
0.00924932973952
0.00924744494353
0.00924561902386
0.00924384898714
0.00924213203139
0.00924046551873
0.00923884695521
0.00923727443389
0.00923574841555
0.00923426348945
0.00923281761191
0.0092314089068
0.00923003560892
0.00922869594381
0.00922738818376
0.00922611077783
0.00922486242428
0.0092236417454
0.00922244743531
0.00922127825845
0.00922013304287
0.00921901068117
0.00921791012259
0.00921682900745
0.00921540947789
0.00921413711161
0.00921293269902
0.00921176919469
0.00921063534362
0.00920952578699
0.00920843750035
0.00920736847802
0.00920631721576
0.00920527388097
0.00920424174055
0.0092032248886
0.00920222242403
0.00920123510888
0.00920026141421
0.00919930035628
0.00919835132702
0.00919741387708
0.00919648759229
0.00919557208878
0.00919466700901
0.00919377171391
0.00919288552354
0.00919200879319
0.00919114124553
0.00919028261817
0.00918943266281
0.00918859114324
0.00918775783407
0.00918693252396
0.00918611500858
0.00918530540244
0.00918450331058
0.0091837084468
0.00918292064071
0.00918213972897
0.00918136555506
0.00918059796997
0.00917983683409
0.00917908200384
0.00917833334871
0.00917759108887
0.00917685461038
0.00917612384094
0.00917539875432
0.00917468010056
0.00917396763951
0.00917326051031
0.00917255853801
0.0091718616781
0.00917116986671
0.00917048301872
0.00916980116611
0.00916912410372
0.0091684517517
0.00916778403603
0.00916712090529
0.00916646226186
0.00916580803308
0.00916515815053
0.00916451255023
0.00916387116838
0.00916323393986
0.00916260080473
0.0091619696659
0.00916133998259
0.00916071564887
0.00916009593075
0.00915948046473
0.0091588681618
0.00915825984657
0.00915765543062
0.00915705483598
0.00915645799399
0.00915586380603
0.00915527231104
0.00915468442705
0.00915410008871
0.00915351924341
0.00915294184129
0.00915236783408
0.00915179717653
0.00915122982827
0.00915066574116
0.00915010487374
0.00914954718475
0.00914899263456
0.00914844118469
0.00914789279985
0.00914734744218
0.00914680507471
0.00914626566311
0.00914572861491
0.00914517785668
0.00914463272009
0.00914409155999
0.00914355378161
0.00914301914612
0.00914248753929
0.00914195923562
0.00914143446595
0.00914091279483
0.00914039397041
0.0091398779164
0.00913936459325
0.00913885397096
0.00913834604446
0.00913784075475
0.00913733807276
0.00913683797074
0.0091363404218
0.00913584539975
0.00913535287889
0.0091348628342
0.00913437524127
0.00913389007583
0.00913340731423
0.00913292693328
0.00913244891015
0.00913197322247
0.00913149984814
0.00913102876538
0.00913055995283
0.00913009338939
0.00912962905695
0.009129166934
0.00912870699872
