0.376525365505
0.211949108496
0.164399435537
0.144186591439
0.127879436958
0.115011291002
0.104806773705
0.0963563646069
0.0892024220726
0.0832045670592
0.0781540155217
0.0738302580858
0.0700876579112
0.0668153874754
0.0639148244643
0.06133699278
0.0590223365286
0.0569295336897
0.0550407016226
0.0533172400066
0.051747757378
0.0503075073246
0.0489849777322
0.0477644859567
0.0466346313127
0.0455907187089
0.0446272879556
0.0437312460863
0.042895425266
0.0421168534002
0.0413886909295
0.0407061688064
0.0400655725542
0.0394626450731
0.0388933675294
0.0383544806572
0.0378435112219
0.0373601170294
0.0369018408452
0.0364679884808
0.0360554271042
0.0356628950117
0.035288852952
0.0349329998068
0.034593153033
0.0342684824749
0.0339577561443
0.0336592994933
0.0333726150631
0.0330978268089
0.0328343046865
0.0325814720263
0.0323382436328
0.0321043974927
0.0318794365322
0.0316627783095
0.0314544054961
0.0312536151262
0.0310603092616
0.030874082795
0.0306943562798
0.0305209548321
0.0303537166302
0.0301922490209
0.0300362104873
0.029885501857
0.0297399039075
0.0295991555774
0.029462902962
0.0293309516709
0.0292031214393
0.029079535488
0.0289600699842
0.0288431659644
0.028729286503
0.0286187547404
0.0285117441079
0.0284081627892
0.0283079512899
0.0282109766407
0.0281167918354
0.0280245873647
0.0279346415813
0.0278473892693
0.0277626457182
0.0276801639753
0.0275998399698
0.0275217304958
0.0274456650766
0.0273717760535
0.0272998700165
0.0272299759669
0.0271619170493
0.027095683477
0.0270310854244
0.0269674447512
0.0269053542362
0.0268449168139
0.0267859521447
0.0267283767718
0.0266722291811
0.0266174803946
0.0265640794792
0.0265118622489
0.0264607377288
0.0264107644289
0.0263618547213
0.026314095495
0.0262673599008
0.026221646959
0.0261769826438
0.026133288418
0.0260904975089
0.0260486237623
0.0260076296759
0.0259675553415
0.0259283182554
0.0258896032594
0.0258516558343
0.0258144409166
0.0257779397471
0.0257420958879
0.0257066801428
0.0256719448869
0.0256379057988
0.0256041570956
0.0255707812571
0.0255380050979
0.0255057773453
0.0254742253703
0.0254432458793
0.025412715442
0.0253826612776
0.0253531129067
0.0253240501952
0.025295332614
0.025266955935
0.0252390654793
0.0252116341427
0.0251846408537
0.0251580597567
0.0251318918216
0.025106123276
0.02508072694
0.0250556950783
0.0250310224397
0.0250066901344
0.0249827026316
0.0249590617469
0.0249357591659
0.0249127885402
0.024890169332
0.0248678577777
0.0248458582114
0.02482416663
0.0248027509959
0.0247816144264
0.0247607527528
0.024740159435
0.0247198280297
0.0246997475407
0.0246799221723
0.0246601829145
0.024640704187
0.0246214509842
0.0246024504122
0.0245836846021
0.0245651523466
0.024546853394
0.0245287770661
0.0245109159449
0.0244932720785
0.0244758493111
0.024458649598
0.0244416559029
0.0244248676342
0.0244082770436
0.0243918963088
0.02437571495
0.024359719165
0.0243439050002
0.0243281358653
0.0243124459853
0.0242969708664
0.0242816753052
0.0242665520762
0.0242515973809
0.0242368038675
0.024222177102
0.0242077060116
0.0241934019407
0.024179240963
0.024165108574
0.0241511377932
0.0241373226722
0.0241236555486
0.0241100892922
0.0240964472304
0.0240826776797
0.0240688391285
0.0240549202499
0.0240411221547
0.0240274815762
0.0240140277088
0.0240007028655
0.0239874047211
0.0239742701611
0.0239612882312
0.0239484606262
0.023935503374
0.0239224119457
0.0239095172586
0.0238968190379
0.0238842888027
0.0238719080011
0.023859661179
0.0238475655302
0.023835621974
0.0238235773479
0.0238113602275
0.0237993004704
0.0237873933161
0.0237756364093
0.0237640147777
0.0237525135941
0.0237411437451
0.0237299047045
0.0237187901086
0.023707802729
0.0236969369097
0.0236861815492
0.0236755406707
0.023665009252
0.0236545695705
0.0236442270344
0.0236340049566
0.0236238721357
0.0236137823093
0.0236037948783
0.0235934110791
0.0235830155586
0.0235726865163
0.0235619026945
0.0235507364592
0.0235397737448
0.0235289785938
0.0235178315872
0.0235067542337
0.0234958859958
0.0234851868593
0.023474647444
0.0234642560986
0.023454009691
0.0234439002905
0.0234339280553
0.0234240778525
0.0234143558669
0.0234047660285
0.0233952803559
0.0233859014663
0.0233766321243
0.0233674748146
0.0233584179547
0.02334945553
0.0233405812655
0.0233317997259
0.0233231036018
0.0233144921827
0.0233059658712
0.0232975261349
0.0232891702559
0.0232808921017
0.0232726930795
0.0232645591195
0.0232565025596
0.023248524652
0.0232406340816
0.0232328246912
0.0232250865205
0.0232173371939
0.0232093950864
0.0232015362004
0.023193761328
0.0231860645547
0.0231784403841
0.0231708925275
0.0231634212319
0.0231560174161
0.0231486746227
0.0231414004764
0.0231341936107
0.0231270482153
0.0231199634789
0.0231129405677
0.0231059807093
0.0230990785911
0.0230922273176
0.0230853076963
0.0230782714674
0.0230713088067
0.0230644006125
0.0230575516447
0.0230507691118
0.0230440507339
0.0230373911706
0.0230307957642
0.0230242502836
0.0230177619036
0.023011333709
0.023004969913
0.0229986634974
0.0229924122898
0.0229862154148
0.0229800707195
0.0229739764389
0.0229679296911
0.0229619324631
0.0229559867445
0.0229500918152
0.0229442472277
0.0229384519789
0.0229327055328
0.0229269714183
0.0229212746428
0.0229156265051
0.0229100104338
0.0229044524752
0.0228989422681
0.0228934784152
0.0228880600894
0.0228826867133
0.0228773577957
0.0228720728966
0.0228668275373
0.0228616266901
0.0228564674561
0.0228513510017
0.0228462768945
0.0228412451393
0.0228362577537
0.0228313125169
0.0228264070663
0.0228215389614
0.0228167108176
0.022811922298
0.0228071731309
0.0228024630466
0.0227977905448
0.0227931559718
0.0227885602932
0.022784002295
0.0227794816696
0.0227749981129
0.0227705478303
0.0227661327511
0.0227617540292
0.0227574098607
0.0227531007534
0.0227488271864
0.0227445856745
0.0227403793677
0.0227362084124
0.0227320712369
0.0227279673466
0.0227238980815
0.0227198627627
0.0227157404458
0.0227116109874
0.0227075278591
0.0227034840202
0.0226994726226
0.0226954997526
0.0226915639553
0.0226876646097
0.0226837941378
0.0226799576493
0.0226761523434
0.022672379003
0.0226686383493
0.0226649297829
0.0226612527946
0.0226576053001
0.0226537170158
0.0226498074174
0.0226459559871
0.0226421613628
0.0226383983078
0.0226346801114
0.0226310004348
0.0226273588246
0.022623749093
0.0226201732035
0.0226166151971
0.0226130891483
0.0226096002507
0.0226061462351
0.0226027268422
0.0225993346117
0.0225959702966
0.0225926353154
0.0225893293799
0.0225860538895
0.0225828077328
0.0225795897141
0.0225764013558
0.0225732408006
0.0225701037667
0.0225669944068
0.0225639122006
0.0225608566431
0.0225578273259
0.0225548238469
0.0225518458402
0.0225488929684
0.0225459649169
0.0225430613564
0.0225401819867
0.0225373265194
0.0225344954552
0.0225316880567
0.0225289037241
0.0225261424105
0.0225234067282
0.0225206945963
0.0225180033314
0.0225153335026
0.0225120313587
0.0225088959983
0.0225058677818
0.0225029109159
0.0224999546013
0.022497018914
0.0224941401575
0.0224913089957
0.0224885246953
0.0224857829998
0.0224827880591
0.0224797244356
0.0224767407286
0.0224737941131
0.0224708799702
0.0224680119055
0.022464884868
0.0224611147965
0.022457562724
0.0224541579009
0.0224508749398
0.022447684345
0.022444571488
0.0224415401562
0.0224385731862
0.0224356489764
0.0224327756701
0.0224299631988
0.0224272058425
0.0224244946387
0.0224218247926
0.0224191939052
0.0224166018578
0.0224140401591
0.0224115097536
0.0224090097847
0.0224065407113
0.0224040923559
0.0224016703733
0.0223992744527
0.0223969037522
0.0223945548169
0.0223922301265
0.0223899286991
0.0223876496966
0.0223853923721
0.0223831562048
0.0223809439761
0.022378752638
0.022376578401
0.0223744184146
0.0223722732385
0.022370146657
0.0223680352296
0.0223659389717
0.0223638577061
0.0223617952377
0.0223597515231
0.0223577257878
0.0223557143411
0.0223537185577
0.0223517386021
0.0223497547778
0.0223477746919
0.0223458109077
0.022343689616
0.0223409914778
0.0223382560784
0.0223356598252
0.0223331722112
0.0223307692293
0.0223284358709
0.0223261616246
0.0223239316652
0.0223217150362
0.022319528298
0.0223173752896
0.0223152477354
0.0223131523154
0.0223110883684
0.0223090480022
0.02230702932
0.0223050302593
0.0223030545139
0.0223011005177
0.0222991669612
0.022297251042
0.0222953514318
0.0222934661188
0.0222915983257
0.0222897473489
0.0222879125812
0.0222860934933
0.0222842898579
0.0222824978901
0.0222807202335
0.0222789572828
0.0222772091829
0.0222754746941
0.0222737559417
0.0222720485127
0.0222703530454
0.0222686702348
0.0222669998544
0.0222653416925
0.0222636955487
0.0222620612419
0.0222604385885
0.0222588274042
0.0222572283243
0.0222556391978
0.0222540611036
0.0222524938669
0.0222509362076
0.0222493887992
0.022247852533
0.0222463265631
0.022244810745
0.0222433043931
0.0222418059683
0.0222403174027
0.0222388385572
0.022237369299
0.0222359094999
0.0222344590352
0.0222330172533
0.022231583598
0.0222301589784
0.0222287432745
0.0222273351083
0.0222259329253
0.0222245394565
0.0222231545785
0.0222217773167
0.0222204079607
0.0222190468282
0.0222176922628
0.0222163458534
0.0222150072909
0.022213676306
0.0222123531701
0.0222110377834
0.0222097300495
0.0222084298749
0.0222071371604
0.022205848528
0.0222045670323
0.0222032928767
0.0222020259625
0.0222007399184
0.022199418752
0.0221981133674
0.0221968214578
0.0221955410934
0.0221942707245
0.0221930096018
0.0221917571799
0.0221905141027
0.0221892649916
0.0221879874433
0.0221867237273
0.0221854722929
0.0221842316171
0.0221830007334
0.0221817789546
0.0221805639588
0.0221793541474
0.0221781525552
0.0221769580529
0.0221757695484
0.0221745870945
0.0221734095043
0.0221720931115
0.0221706517961
0.0221688299754
0.022167179947
0.0221656376254
0.022164169686
0.0221627552922
0.0221613847263
0.0221600491014
0.022158742638
0.0221574573428
0.0221561921988
0.0221548931152
0.0221535604608
0.0221522555464
0.0221509752328
0.0221497120901
0.0221484494191
0.0221471034626
0.0221457899377
0.0221445002511
0.0221432347189
0.0221419830748
0.0221407480729
0.0221395289994
0.0221383231862
0.0221371291935
0.0221359459144
0.0221347724848
0.0221336082242
0.0221324525873
0.0221313051356
0.0221301655119
0.0221290334221
0.0221279086197
0.0221267900035
0.0221256771512
0.0221245711311
0.0221234720545
0.0221223790078
0.0221212923511
0.0221202120161
0.0221191378988
0.022118069903
0.0221170079387
0.0221159519205
0.0221149017675
0.0221138574018
0.022112818749
0.0221117857366
0.0221107580318
0.0221097347482
0.0221087162257
0.0221077031516
0.0221066954404
0.0221056913074
0.0221046921906
0.0221036966494
0.02210270623
0.0221017209924
0.022100739927
0.0220997634266
0.0220987895157
0.0220978203603
0.0220968562055
0.0220958962646
0.0220949407735
0.0220939901162
0.0220930442264
0.0220921030428
0.0220911665073
0.0220902345646
0.0220893071617
0.0220883842472
0.0220874657713
0.0220865516856
0.0220856419429
0.0220847364973
0.0220838336835
0.0220829297861
0.0220820264681
0.0220811294554
0.0220802365823
0.0220793473633
0.0220784622622
0.0220775806302
0.0220767030797
0.0220758288204
0.022074957136
0.0220740894671
0.0220732257621
0.0220723659747
0.0220715100614
0.0220706579807
0.0220698096928
0.022068965159
0.022068124342
0.0220672872051
0.0220664537127
0.0220656238299
0.0220647975227
0.0220639747573
0.022063155501
0.0220623397213
0.0220615273866
0.0220607184656
0.0220599129276
0.0220591107423
0.0220583118799
0.0220575163111
0.0220567240072
0.0220559349407
0.0220551490823
0.0220543653079
0.0220535840511
0.0220528059653
0.022052031021
0.0220512591898
0.0220504904445
0.0220497247584
0.0220489621054
0.0220482024598
0.0220474457964
0.0220466920904
0.0220459413173
0.0220451934532
0.0220444484744
0.0220437063574
0.0220429670792
0.0220422306172
0.022041496949
0.0220407660525
0.0220400379059
0.0220393124877
0.0220385897767
0.0220378697521
0.0220371523931
0.0220364376794
0.0220357255909
0.0220350161078
0.0220343092104
0.0220336048794
0.0220329030957
0.0220322038405
0.022031507095
0.022030812841
0.0220301210602
0.0220294317348
0.0220287448469
0.0220280603624
0.0220273771866
0.0220266960937
0.0220260174082
0.0220253411062
0.0220246671676
0.0220239955736
0.0220233254015
0.0220226567381
0.0220219900364
0.022021325676
0.0220206636287
0.022020003872
0.0220193463862
0.022018691153
0.0220180381551
0.0220173873757
0.0220167383027
0.0220160907496
0.0220154454043
0.0220148022455
0.0220141611402
0.022013522119
0.022012885239
0.0220122504826
0.0220116178337
0.0220109872768
0.0220103586097
0.0220097313231
0.0220091061024
0.0220084829318
0.0220078617966
0.0220072426826
0.0220066255759
0.0220060104629
0.0220053973304
0.0220047863424
0.0220041774301
0.0220035704602
0.0220029654177
0.0220023622893
0.0220017610451
0.0220011606134
0.022000561028
0.0219999633605
0.0219993675922
0.0219987737075
0.0219981816924
0.0219975918434
0.0219970039654
0.0219964179145
0.0219958336772
0.0219952512414
0.0219946705953
0.0219940917276
0.021993514457
0.0219929385659
0.0219923644654
0.0219917921738
0.0219912216238
0.0219906528002
0.0219900856909
0.0219895198729
0.0219889556626
0.0219883928045
0.0219878310154
0.0219872709205
0.021986712505
0.0219861557564
0.021985600663
0.021985047214
0.0219844953988
0.0219839452073
0.0219833966294
0.0219828496555
0.021982304276
0.0219817604815
0.0219812182014
0.0219806761991
0.0219801357908
0.0219795969616
0.0219790597003
0.0219785239966
0.0219779898404
0.0219774569414
0.0219769250554
0.0219763947119
0.0219758658976
0.0219753386011
0.0219748128121
0.0219742885208
0.021973765718
0.0219732443947
0.0219727245418
0.0219722061509
0.0219716892135
0.0219711737211
0.0219706596656
0.0219701470388
0.0219696358328
0.0219691260396
0.0219686176514
0.0219681106605
0.0219676050591
0.0219671008397
0.0219665979947
0.0219660965168
0.0219655963985
0.0219650976325
0.0219646002117
0.0219641036429
0.0219636083219
0.0219631143327
0.0219626216675
0.0219621298502
0.021961639324
0.021961149853
0.0219606611322
0.0219601737239
0.0219596876188
0.0219592028085
0.0219587192852
0.0219582370417
0.0219577560711
0.021957276366
0.0219567979194
0.0219563207247
0.0219558447751
0.0219553700641
0.0219548965852
0.021954424332
0.0219539532983
0.0219534834777
0.021953014864
0.0219525474511
0.0219520812329
0.0219516162034
0.0219511523566
0.0219506896866
0.0219502281875
0.0219497678534
0.0219493086786
0.0219488506573
0.021948393688
0.021947931743
0.0219474741127
0.0219470183269
0.0219465639716
0.0219461108713
0.0219456589497
0.0219452081722
0.0219447585208
0.0219443099851
0.0219438625576
0.021943416232
0.0219429710027
0.0219425268643
0.0219420838114
0.0219416418389
0.0219412009416
0.0219407611145
0.0219403221632
0.0219398841099
0.0219394471167
0.021939011178
0.0219385762886
0.0219381424434
0.0219377096373
0.0219372778655
0.021936847123
0.021936417405
0.0219359887068
0.0219355610236
0.0219351343508
0.0219347086836
0.0219342840174
0.0219338603477
0.0219334376699
0.0219330159795
0.021932595272
0.0219321755429
0.0219317567878
0.0219313390024
0.0219309221822
0.021930506323
0.021930091157
0.0219296767061
0.0219292632117
0.0219288506683
0.021928439071
0.0219280284155
0.0219276186972
0.0219272097865
0.0219268015706
0.0219263942882
0.0219259879334
0.0219255825011
0.0219251779867
0.0219247743855
0.0219243716933
0.0219239699895
0.0219235692203
0.0219231693484
0.0219227703688
0.0219223722769
0.0219219750686
0.0219215787398
0.0219211832867
0.0219207887054
0.0219203949418
0.0219200017008
0.0219196093294
0.021919217612
0.0219188263481
0.0219184359514
0.0219180464154
0.0219176577348
0.0219172699051
0.0219168829218
0.021916496781
0.0219161114787
0.021915727011
0.0219153433742
0.0219149605646
0.0219145785785
0.0219141973053
0.0219138166243
0.0219134367628
0.0219130577161
0.02191267948
0.0219123020506
0.0219119254243
0.0219115495975
0.0219111745666
0.0219108003283
0.021910426879
0.0219100542155
0.0219096823345
0.021909311271
0.0219089411141
0.0219085717316
0.0219082031183
0.02190783527
0.0219074681834
0.0219071018551
0.021906736282
0.021906371461
0.021906007389
0.021905644063
0.0219052814799
0.0219049196368
0.0219045585307
0.0219041981586
