0.430675672423
0.412318678942
0.401016117402
0.3550313863
0.0817271816896
0.0191359425185
0.0146090189477
0.0126956262476
0.0116267302398
0.0108777236214
0.0103337322805
0.00989788549321
0.00952202397609
0.0092314850316
0.00901021845073
0.00882918787229
0.00869062601338
0.00858177718304
0.00849866756418
0.00842727711491
0.00836592126725
0.0083153293099
0.00827458721856
0.00823919006662
0.00820673780858
0.00817480646359
0.00814509439477
0.00811816647707
0.00809318519462
0.00806954767152
0.00804725429409
0.00802550684403
0.00800652921113
0.00798827981245
0.00797088929481
0.00795450505294
0.00793919703879
0.00792468827042
0.00791124649265
0.00789869970984
0.00788630150359
0.00787472571402
0.00786392798464
0.00785393442457
0.00784452215637
0.00783574190822
0.00782743215854
0.00781948005159
0.00781185699197
0.00780450338149
0.00779739788013
0.00779051478766
0.00778382138109
0.00777721992024
0.00777069268253
0.00776423241078
0.00775776940274
0.00775114997885
0.00774479260255
0.00773868069844
0.00773307683943
0.00772769713352
0.00772244378448
0.00771730649315
0.00771227775573
0.00770734357009
0.00770247883825
0.00769770647198
0.00769302151037
0.00768842234296
0.00768391776824
0.00767951161702
0.00767519111859
0.00767094042458
0.00766675993305
0.00766264961291
0.00765860339889
0.00765461848292
0.00765068953373
0.00764681565265
0.00764299674659
0.00763923146798
0.00763551767847
0.00763139952883
0.00762717285634
0.00762302032129
0.00761893456428
0.00761491029767
0.00761091080856
0.00760696742693
0.00760307846319
0.0075992416891
0.00759545560335
0.00759171734018
0.0075880255318
0.00758437898482
0.00758077200904
0.00757720142595
0.00757358468715
0.00756998592574
0.00756643195741
0.00756286997781
0.00755932994435
0.0075558383404
0.00755237961425
0.00754894318625
0.00754550618283
0.00754208075265
0.00753870113633
0.00753535848308
0.00753205544274
0.00752879157766
0.00752556507874
0.00752237429454
0.00751921802508
0.00751609107069
0.00751299142713
0.00750992397171
0.00750688821212
0.00750388227906
0.00750089413767
0.00749793606668
0.00749500693644
0.00749210549147
0.00748923114947
0.00748638318833
0.00748356219328
0.00748076711067
0.007477997068
0.00747525170758
0.00747253007846
0.00746983153771
0.00746716985744
0.00746453541872
0.00746192374027
0.00745933323445
0.00745676348931
0.00745421408371
0.00745168457742
0.00744917419119
0.00744668354227
0.0074442112765
0.00744175686719
0.00743932009525
0.00743690061524
0.0074344987161
0.00743211362978
0.00742974498416
0.00742739232793
0.00742505533087
0.0074227333379
0.00742042601373
0.00741813363082
0.00741585586678
0.00741359238287
0.00741134289044
0.00740910718096
0.0074068854325
0.00740467717186
0.00740248185887
0.00740029929666
0.00739812931242
0.00739597191287
0.00739379096133
0.00739160433741
0.00738943700783
0.00738728629832
0.00738515010226
0.00738302740245
0.00738091666574
0.00737881783242
0.00737673071212
0.00737465414792
0.00737258746659
0.00737053097087
0.00736848377598
0.00736644392183
0.00736441371825
0.00736242625189
0.00736046511639
0.0073585154944
0.00735657638011
0.00735464688956
0.00735272677106
0.00735081603534
0.00734891399271
0.00734702039615
0.00734513511073
0.00734325807045
0.0073413889298
0.00733952855324
0.00733767628304
0.00733583296077
0.00733399940072
0.00733217376656
0.00733035517597
0.00732854395866
0.00732673983176
0.0073249426163
0.00732315199118
0.00732136848825
0.00731959183078
0.00731782212094
0.00731606105148
0.00731430631011
0.00731255841255
0.00731081600392
0.00730907982948
0.00730735045595
0.0073056278226
0.0073039068118
0.00730219123376
0.00730048183581
0.00729877866996
0.00729708147809
0.00729539080075
0.00729364401884
0.00729184239892
0.00729004564388
0.00728825233794
0.0072864627383
0.00728467705782
0.00728289464495
0.00728111512487
0.00727933894806
0.00727756474364
0.0072757939121
0.00727402498073
0.00727225899067
0.00727049471472
0.0072687329373
0.00726690009843
0.0072650528861
0.00726322752723
0.00726142809688
0.00725960884288
0.00725778988508
0.0072559751005
0.00725416358516
0.00725236937524
0.00725058308389
0.0072487980761
0.00724701409058
0.00724523208839
0.00724345126708
0.00724167086302
0.00723989132913
0.00723811157062
0.00723633165703
0.0072345519961
0.00723277255726
0.00723099300863
0.00722921312622
0.00722741802285
0.0072256164352
0.00722381389153
0.00722200932611
0.00722020377095
0.00721839608131
0.00721637972299
0.00721409743537
0.00721184074147
0.00720960123801
0.00720732930373
0.00720497509632
0.00720262615578
0.0072002784982
0.00719792930121
0.0071955781004
0.00719322221418
0.00719085992492
0.00718849150261
0.00718611971664
0.00718374072195
0.00718135422495
0.00717895894562
0.0071765429324
0.00717411488936
0.00717167704614
0.00716923098332
0.00716677638434
0.00716432150821
0.00716186593363
0.00715940174065
0.0071569280032
0.00715444431052
0.00715195102105
0.00714944813262
0.00714693519758
0.00714441273246
0.00714188093571
0.00713934003479
0.0071367902837
0.00713423210141
0.00713166596577
0.00712909217729
0.00712651099489
0.00712392350448
0.00712133001193
0.00711873099642
0.00711612679563
0.00711351872583
0.00711090744115
0.00710829338344
0.00710567779125
0.00710306033115
0.00710044242468
0.00709782542841
0.00709521024403
0.0070925976951
0.00708998866929
0.00708738403056
0.00708478491875
0.00708219215728
0.00707960594061
0.00707702799293
0.0070744586038
0.00707189856058
0.00706934855718
0.00706680950718
0.0070642830388
0.00706176808408
0.00705926619878
0.00705677717077
0.00705429786891
0.00705182491044
0.00704936175792
0.00704691375252
0.00704448101136
0.0070420640765
0.0070396625375
0.00703727727328
0.0070349089223
0.00703255802566
0.00703022376066
0.00702790581524
0.0070256044684
0.00702332233802
0.00702105650473
0.00701880713397
0.00701657402805
0.00701435725223
0.00701215658461
0.0070099719719
0.00700780330484
0.00700565040244
0.007003512923
0.00700139085355
0.00699928407546
0.0069971924076
0.00699511563575
0.00699305363854
0.00699100634872
0.00698897398608
0.0069869557718
0.00698495151625
0.00698296173375
0.00698098633098
0.00697899367417
0.00697701086832
0.00697504297546
0.00697308940609
0.00697114960136
0.00696922322775
0.00696731001357
0.00696540962068
0.00696352240861
0.00696164770762
0.00695978542892
0.00695793528931
0.00695609701524
0.00695427043271
0.00695245543724
0.00695065192656
0.00694885945658
0.0069470778165
0.00694530726293
0.00694354785173
0.00694179935975
0.00694006155557
0.00693833433098
0.00693661749792
0.00693491099457
0.00693321473316
0.00693152865756
0.00692985267124
0.00692818674342
0.0069265309429
0.00692488503607
0.0069232498528
0.00692162499916
0.00692000978631
0.00691840406004
0.00691680770382
0.00691522063833
0.00691364281329
0.00691207415085
0.00691051457267
0.00690896400474
0.00690742240449
0.00690588967816
0.00690436575125
0.00690285053665
0.00690134396148
0.00689984595834
0.00689835680568
0.00689687615243
0.00689540408576
0.00689394030268
0.00689248473369
0.00689103728439
0.00688959789433
0.0068881664847
0.00688674297286
0.00688532723867
0.00688391924865
0.00688251893466
0.00688112570997
0.0068797380592
0.00687835786504
0.00687698357423
0.00687561529701
0.00687425426997
0.00687290035682
0.00687155354627
0.00687021382908
0.00686888140521
0.00686755622245
0.00686623841967
0.00686492737637
0.00686362300134
0.00686232525316
0.00686103418466
0.00685974978031
0.00685847172031
0.00685719992886
0.00685593442142
0.00685467499344
0.00685342156122
0.00685217404763
0.00685093237104
0.00684969644889
0.00684822778237
0.00684677004001
0.00684533829926
0.00684392575907
0.0068425281976
0.00684114246017
0.00683976650246
0.00683839901837
0.00683703910611
0.00683568612789
0.00683433710022
0.00683299409303
0.00683165530091
0.00683032010342
0.00682899039954
0.00682766605383
0.00682634685358
0.00682503263995
0.00682372329276
0.00682241749632
0.00682111569826
0.00681981848395
0.00681852577915
0.00681723744063
0.00681595334502
0.00681467337712
0.00681339743315
0.00681212540515
0.00681085719144
0.0068095928775
0.00680833243404
0.0068070756051
0.00680582224782
0.0068045722396
0.00680332547282
0.00680208249182
0.00680084293161
0.00679960632451
0.00679837257269
0.00679714157903
0.00679591331884
0.00679468769856
0.00679346456605
0.00679224385184
0.00679102544823
0.00678981016254
0.00678859714597
0.00678738614415
0.00678617706737
0.00678496982628
0.00678376432077
0.00678256046515
0.00678135817944
0.00678015737137
0.00677895795739
0.00677775977468
0.00677656219648
0.00677536587968
0.00677417063749
0.00677297638929
0.00677178306599
0.0067705907432
0.00676939944111
0.00676820889509
0.0067670191752
0.00676582999258
0.00676464127326
0.00676345294166
0.00676226492426
0.00676107714684
0.00675988954022
0.00675870204766
0.00675751461979
0.00675632197061
0.00675512951518
0.0067539373436
0.0067527451075
0.00675155270074
0.00675036091047
0.00674916876849
0.00674797615089
0.00674678302964
0.00674558934719
0.00674439504281
0.00674320007576
0.00674200695974
0.00674081398055
0.00673962081719
0.00673843416055
0.00673724918006
0.00673606365628
0.00673488015635
0.0067336964682
0.00673251419115
0.00673133233713
0.00673015290251
0.00672897360282
0.00672779439808
0.00672661567255
0.00672543569788
0.00672425574285
0.00672307503294
0.00672189334401
0.00672071147084
0.0067195287332
0.00671834545341
0.00671716114913
0.00671597245066
0.00671478287132
0.00671359234428
0.00671240056948
0.00671120742037
0.00671001280343
0.00670881663989
0.00670761886634
0.00670641967714
0.00670521891725
0.00670401640328
0.00670281212451
0.0067016060967
0.00670039823603
0.00669918850699
0.00669797688577
0.0066967633419
0.00669554784713
0.00669433038277
0.00669311092611
0.00669188945858
0.00669066596506
0.00668944049212
0.00668821298656
0.00668698342699
0.00668575180648
0.00668451811993
0.00668328236832
0.00668204455358
0.0066808046669
0.00667956271946
0.00667831871818
0.00667707267416
0.00667582468418
0.00667457468805
0.00667332269348
0.00667206871523
0.00667081277437
0.00666955489455
0.00666829510128
0.00666703342263
0.00666561834706
0.00666410998798
0.00666265173897
0.00666122603334
0.0066598243255
0.00665843729354
0.00665705849542
0.00665568486602
0.00665431450817
0.0066529462008
0.00665157908062
0.00665021257526
0.00664884631383
0.00664748005999
0.00664611366924
0.0066447470614
0.00664338019985
0.006642013079
0.00664064571816
0.00663927815935
0.0066379104533
0.00663654264361
0.00663517479327
0.00663380697083
0.00663223695152
0.00663054267587
0.00662885426773
0.00662716806288
0.00662548173037
0.00662379378046
0.00662210327341
0.00662040962374
0.00661871297026
0.00661701307853
0.00661530919271
0.00661360134078
0.0066118895643
0.00661017393767
0.00660845457647
0.00660673159467
0.00660500511698
0.00660327527911
0.00660154224659
0.00659969220278
0.00659758710004
0.00659549206425
0.00659340210751
0.00659131415232
0.0065892263288
0.00658713756198
0.00658504297503
0.00658294069364
0.00658083737938
0.00657873297975
0.0065766275731
0.00657452133145
0.00657241452736
0.00657030730713
0.00656819993651
0.00656609282107
0.00656367850557
0.00656014085591
0.00655668733938
0.00655300039058
0.00654895464648
0.00654497992447
0.00654092270188
0.00653676382094
0.00653270917329
0.0065287400263
0.0065248359732
0.00652043875292
0.0065161821516
0.00651203954082
0.00650799392211
0.00650397752516
0.00649997393456
0.00649604761605
0.00649219294108
0.0064884058314
0.00648468334449
0.0064810230379
0.00647738835397
0.00647381088951
0.00647029121806
0.00646682734633
0.00646341757136
0.00646006013588
0.00645675345178
0.00645349251928
0.00645027413358
0.00644710225608
0.00644397547828
0.00644089244365
0.00643785195859
0.00643485266201
0.00643189333462
0.00642897279128
0.00642608989075
0.00642324355386
0.00642043275348
0.00641765641061
0.00641491352923
0.00641220314952
0.00640952434795
0.00640687629338
0.00640425842259
0.00640166954347
0.00639911171865
0.00639658366136
0.00639408026985
0.00639159637952
0.0063891316738
0.00638669136928
0.00638427483277
0.00638188142909
0.00637951081715
0.00637716241895
0.00637483539856
0.00637253005244
0.00637024528394
0.00636798040572
0.00636573489602
0.00636350826477
0.00636130004998
0.00635910986239
0.00635693732548
0.00635478188922
0.00635264313541
0.00635051098967
0.0063483956919
0.00634629695051
0.00634421366449
0.00634214542196
0.00634007943574
0.00633802508359
0.00633598474345
0.00633368654575
0.00633117762257
0.00632871068031
0.0063262749526
0.00632386420238
0.00632147478842
0.00631910450891
0.006316751975
0.0063144162726
0.00631209673341
0.0063097928552
0.00630750422833
0.00630523056327
0.00630280582303
0.0063002661134
0.00629785315507
0.0062955253381
0.00629324917263
0.00629100968273
0.00628879729547
0.00628660477229
0.00628436269311
0.0062821437817
0.00627994515402
0.00627776475991
0.00627560099057
0.00627345298491
0.00627132011462
0.0062692017192
0.00626693841939
0.00626469407331
0.00626246603296
0.00626025268754
0.00625805299687
0.00625586625908
0.00625369196646
0.00625152972815
0.00624937981221
0.00624724715943
0.00624502881464
0.00624218042848
0.00623953413802
0.00623700954694
0.00623456235095
0.00623216700217
0.00622980820172
0.00622747674952
0.00622516730855
0.00622287746078
0.00622060540709
0.00621834629052
0.00621610011907
0.00621386603592
0.0062116399694
0.00620941588341
0.00620720279113
0.00620500018432
0.00620281060086
0.00620063133971
0.00619846217224
0.00619630261743
0.00619415270175
0.00619201232812
0.00618988132505
0.00618775953472
0.00618564657911
0.00618354272651
0.0061814479309
0.00617936148594
0.00617728414417
0.00617521467464
0.00617315345631
0.00617109794226
0.00616904678057
0.00616700338439
0.00616496767886
0.0061629394677
0.00616091864584
0.00615890497682
0.00615689816006
0.00615489871715
0.00615290591569
0.00615091992206
0.0061489404233
0.00614696782578
0.00614500138276
0.00614283434947
0.00614057058175
0.0061383410581
0.00613613503902
0.00613389447522
0.00613149831991
0.00612914603124
0.00612683285956
0.0061245440267
0.00612227223283
0.00612001537448
0.00611777394103
0.00611554425219
0.00611316159508
0.00611077808053
0.00610840612522
0.00610604359365
0.00610369160437
0.00610134681049
0.00609900864276
0.00609667667362
0.00609435033465
0.00609202956635
0.00608960864564
0.00608715700111
0.00608471271207
0.00608227447674
0.00607984042094
0.00607741034667
0.00607498290912
0.00607255830294
0.00607012474223
0.00606767857727
0.00606523432984
0.00606278749227
0.00606031360608
0.00605784753173
0.00605538861225
0.00605293344249
0.00605048025501
0.00604802883119
0.00604557858418
0.00604312871336
0.00604067925444
0.00603822985085
0.00603578072755
0.00603333137436
0.00603088190284
0.00602843238536
0.00602598261432
0.00602353293182
0.00602108279836
0.00601863261092
0.0060161824095
0.00601373230782
0.00601128240911
0.00600883290469
0.00600638411601
0.00600393579622
0.00600148828228
0.00599904180591
0.00599659654649
0.00599415268891
0.0059917149784
0.00598928087291
0.00598685017051
0.00598442289142
0.0059819994721
0.0059795800023
0.00597716465661
0.00597475366772
0.00597234731773
0.00596994592228
0.00596754987842
0.00596515957236
0.00596277546147
0.00596039773996
0.00595802686167
0.00595566323983
0.00595331304134
0.00595097228445
0.00594864033224
0.0059463172642
0.00594400344613
0.00594169926532
0.00593940510768
0.00593712136119
0.00593484842345
0.0059325866666
0.00593033645267
0.00592809812587
0.00592587206941
0.00592365861907
0.00592145802545
0.00591927058252
0.00591709656948
0.00591493628654
0.00591278995868
0.00591065780283
0.00590852659573
0.00590640953292
0.00590430716094
0.00590221960404
0.00590014699525
0.00589808946345
0.00589604736106
0.00589402080568
0.0058920100232
0.00589001507416
0.00588803591469
0.00588607239026
0.00588412483771
0.00588219315203
0.00588027708953
0.00587837711471
0.00587649299486
0.00587462491484
0.00587277269874
0.00587093653404
0.00586911609
0.00586731131349
0.00586552263717
0.00586374941859
0.00586199194935
0.00586024927499
0.00585849868897
0.00585555482643
0.00585277888302
0.00585010694107
0.00584750781129
0.00584496542074
0.00584247131462
0.00584002013303
0.00583747818209
0.00583457568194
0.00583176740893
0.00582903378527
0.00582636411824
0.00582375210429
0.00582119369223
0.00581868599892
0.00581622678412
0.00581381421606
0.00581144677067
0.00580912291609
0.00580684133058
0.00580460066586
0.00580239967038
0.00580023719243
0.0057981121424
0.00579602403996
0.00579397124297
0.00579195281672
0.00578996783569
0.00578801541078
0.00578609465511
0.00578420345618
0.0057823404445
0.00578050723374
0.00577870253418
0.00577692570519
0.00577517619565
0.00577345355122
0.00577175775487
0.00577008717217
0.00576844110456
0.00576681893735
0.00576522008092
0.00576364396761
0.00576209006494
0.00576055750371
0.00575904590337
0.00575755505087
0.00575608438305
0.00575463342956
0.00575320176172
0.00575178895384
0.00575039465913
0.00574901838871
0.00574765969283
0.00574631818014
0.00574499315438
0.00574368398012
0.00574239090383
0.00574111370513
0.00573985192939
0.00573860523381
