0.497318747908
0.495905101334
0.495786189443
0.495694561026
0.495591591919
0.495481149912
0.495357349718
0.49521199132
0.495031459326
0.49480638067
0.494513942782
0.494169988693
0.493827077096
0.493494343031
0.493096603338
0.49256554495
0.49193477579
0.491169288195
0.490363013625
0.489511749149
0.488511009539
0.487270613162
0.485870176755
0.484224743761
0.481816024375
0.477754787478
0.47250592507
0.463047823154
0.434938532384
0.326881658622
0.192104125755
0.157777271865
0.138577305182
0.124414524867
0.113562452082
0.104528506987
0.0949177641278
0.0868482078935
0.0789610885271
0.070941117251
0.0628458614904
0.0569298960163
0.0522274924253
0.0477718594641
0.0434888471142
0.0402355283042
0.0375744284405
0.0351428583324
0.0329211875909
0.0434958459654
0.0404376735473
0.0398114228506
0.0391982106736
0.038321844475
0.037238479262
0.0359930630508
0.0347094562251
0.0333417632287
0.032177906637
0.0312430915883
0.0304050895578
0.029702136316
0.0290774650017
0.0284949629203
0.0278132435853
0.0270296568155
0.026401508185
0.0258122822993
0.0250281506342
0.0240013144587
0.0226317694389
0.0215488223174
0.0205342171153
0.0193814607645
0.0184435849432
0.0176541159283
0.0169606412432
0.0163369746627
0.0158015730671
0.0153535728867
0.0149575334485
0.0146327184282
0.0143738009919
0.0141856005742
0.0139913704605
0.0138322852641
0.0136820870986
0.0135475034869
0.0134312269573
0.0133255477634
0.0132324414842
0.0131584660599
0.0130875311184
0.0130159700921
0.0129447108956
0.0128751906887
0.0128021315349
0.0127338704611
0.012674313734
0.0126130203589
0.0125498609878
0.0124887518908
0.0124287763744
0.0123724302398
0.0123176983218
0.0122655990749
0.0122161865693
0.0121695106694
0.0121248903192
0.0120826588087
0.0120419433006
0.0120019799933
0.0119634470123
0.0119262647719
0.0118905528837
0.0118541335897
0.0118178761228
0.0117815351543
0.0117466147098
0.0117118916799
0.0116784328457
0.0116462870104
0.0116138431698
0.0115819785798
0.0115514408898
0.0115222435399
0.0114928697065
0.0114647694201
0.0114361958875
0.0114078395369
0.0113796912624
0.0113525330693
0.0113264714656
0.0113011662382
0.0112759680388
0.0112485246209
0.0112196752715
0.0111915432666
0.0111646386577
0.0111386268764
0.011113653357
0.0110892249964
0.0110652033342
0.0110409890666
0.01101694991
0.0109926875589
0.0109689887882
0.0109462161539
0.0109240540317
0.0109017400054
0.0108789416991
0.0108566376932
0.010834769394
0.0108137659772
0.010793351419
0.0107734404318
0.010754174171
0.0107348810903
0.0107159184584
0.0106973062295
0.0106790640119
0.0106612569228
0.0106435591978
0.0106264690197
0.0106094342924
0.0105922832082
0.0105755645518
0.0105591239408
0.0105430164301
0.0105269397196
0.0105113730315
0.010495222943
0.0104793716079
0.0104636777487
0.0104480619982
0.0104320297433
0.0104165228002
0.0104008796999
0.0103844878523
0.0103676537267
0.0103512676119
0.0103353964415
0.0103194103262
0.0103034022535
0.0102871732204
0.0102714439937
0.0102561782604
0.0102407495871
0.0102253146095
0.0102101450441
0.0101954283828
0.010181100197
0.0101670732322
0.010153035907
0.0101394064368
0.0101257602425
0.0101116431965
0.0100973793732
0.0100830410389
0.0100678579496
0.0100525216572
0.0100365003813
0.0100210122646
0.0100057322433
0.00999045329728
0.00997550949505
0.00996068538583
0.00994613093058
0.00993204059164
0.00991840221275
0.00990481224834
0.0098915822346
0.00987855748715
0.00986576821455
0.00985334692108
0.00984125899146
0.00982837691309
0.00981552597367
0.00980304371298
0.00979091730111
0.00977897355119
0.00976727800438
0.00975573317407
0.00974428604533
0.009732977306
0.00972193548491
0.00971120539605
0.00970077388311
0.00969024122761
0.00967951559469
0.00966910330609
0.00965867280204
0.00964853443068
0.00963867389461
0.00962896171611
0.00961936264603
0.00961004202675
0.00960098466922
0.00959215878261
0.00958356673172
0.00957519995457
0.00956703064349
0.0095590487387
0.00955126466729
0.00954366767615
0.00953624936998
0.00952897873355
0.00952189165515
0.00951498662941
0.00950824424948
0.00950142440897
0.00949437026882
0.00948692271622
0.00947970621268
0.00947256430411
0.00946537393735
0.00945832516654
0.00945142838421
0.00944467647861
0.00943804696103
0.00943153641617
0.00942515637808
0.00941857747481
0.00941220483437
0.00940597478849
0.00939986410677
0.00939386423229
0.0093879801773
0.00938220702488
0.00937653938232
0.0093709762811
0.00936536844468
0.00935978263574
0.0093542234124
0.00934871717386
0.00934330445798
0.00933798077849
0.00933273599666
0.0093275737031
0.00932216573923
0.00931680690626
0.00931154874282
0.00930638595576
0.0093013146909
0.00929633114797
0.00929143187816
0.00928661375267
0.00928187368749
0.00927711081427
0.00927173519251
0.00926647985256
0.00926091090756
0.00925467192566
0.00924846242856
0.00924235131432
0.00923627915882
0.00923021188625
0.00922374542159
0.00921730056516
0.0092108124761
0.00920445426411
0.00919823282823
0.00919134531637
0.00918457872575
0.00917798264051
0.0091715448122
0.00916452174302
0.00915754948616
0.00915079204496
0.0091441973044
0.00913723897531
0.00913013860058
0.00912300831728
0.00911607656759
0.00910932546654
0.00910274201909
0.00909631517582
0.00909003474889
0.00908389230465
0.00907787994297
0.00907188810099
0.00906593750108
0.00906011050337
0.00905439134152
0.00904878129132
0.00904317400615
0.00903741501231
0.00903179394761
0.00902616595646
0.00902061208332
0.00901427613531
0.00900789449865
0.00900165948183
0.00899529626701
0.00898895659567
0.00898274677289
0.00897664959112
0.00897061446346
0.00896454064371
0.00895856202282
0.00895267961135
0.00894688076107
0.00894107940919
0.0089353611025
0.00892973972083
0.00892420429932
0.00891851042077
0.00891208673814
0.00890578949128
0.00889904997571
0.00889255261238
0.00888620883876
0.00887996461584
0.00887361108982
0.00886669664639
0.00885989712832
0.00885326563226
0.00884609976892
0.00883871558535
0.00883154389799
0.00882455635522
0.00881772877509
0.00881092173052
0.0088042831642
0.0087978123724
0.00879149973567
0.00878533696178
0.00877931753698
0.00877343350788
0.00876767831223
0.00876204184085
0.00875638739931
0.00875085933747
0.00874544536346
0.00874013973446
0.00873493711707
0.00872975868141
0.00872468398766
0.00871970867983
0.00871482961107
0.00871004322042
0.00870533517134
0.00870069311186
0.00869612428811
0.00869156367571
0.00868707759524
0.00868266343851
0.0086783342909
0.008673856283
0.00866878706568
0.00866383728677
0.0086589976138
0.0086538280386
0.00864875412108
0.00864381871798
0.00863899131501
0.00863427084824
0.00862965439436
0.00862492963842
0.00862015620342
0.00861549560358
0.00861093306063
0.0086064623229
0.00860207990968
0.00859777003327
0.00859335015422
0.00858878538018
0.00858436575601
0.00858004293619
0.00857581837576
0.00857168688055
0.00856721345739
0.00856188219306
0.00855639764043
0.00855109497473
0.00854595111857
0.00854095648856
0.00853608740169
0.00853135305898
0.00852674765542
0.00852196309377
0.00851726758255
0.00851272388824
0.00850832259137
0.0085039096617
0.00849955967532
0.00849534780539
0.00849123987739
0.00848725507422
0.00848338782127
0.00847963134667
0.00847598429777
0.00847244090533
0.00846899179271
0.0084656322632
0.00846235804448
0.00845916515403
0.00845604989211
0.0084530154967
0.00845005973987
0.00844717258658
0.00844435050156
0.0084415907056
0.00843889068934
0.00843624799779
0.00843366034623
0.00843110015077
0.00842839635081
0.00842528612881
0.00842221639645
0.00841852743416
0.00841491468181
0.00841140705676
0.00840799762232
0.00840468138567
0.00840145485257
0.00839815632093
0.008394906307
0.00839173756873
0.00838864651525
0.00838562992951
0.00838268468177
0.00837980789953
0.00837699793788
0.00837424936198
0.00837156135873
0.00836893252327
0.00836628705013
0.00836361744879
0.00836101437783
0.00835847453701
0.00835599610362
0.00835357649912
0.00835121517487
0.00834890785692
0.00834665290589
0.0083444481917
0.00834229127782
0.00834018032608
0.00833811366418
0.00833608965692
0.00833410675065
0.00833216353911
0.00833025860354
0.00832816998056
0.00832581756953
0.00832352774753
0.00832129514402
0.00831911801704
0.00831699404146
0.00831492100401
0.0083128969341
0.00831091973493
0.00830898755633
0.00830709864682
0.00830525136423
0.00830344413686
0.00830167547623
0.00829994398345
0.00829824393071
0.00829657857585
0.00829494678046
0.00829334727591
0.00829177898247
0.00829024074942
0.0082887315717
0.00828725048166
0.00828579656129
0.00828436894189
0.00828296673687
0.00828158913278
0.00828023456453
0.00827885991633
0.00827751144178
0.00827618797392
0.00827489022938
0.00827361975529
0.00827237285071
0.00827113364767
0.00826991616973
0.00826871951037
0.00826754296857
0.00826606660518
0.00826456854378
0.00826314356153
0.00826175481115
0.00826039513578
0.0082590623556
0.00825775622629
0.0082564747372
0.00825483468454
0.00825320906562
0.00825162469026
0.00825007762024
0.00824856568124
0.00824708724838
0.00824564101255
0.00824422596212
0.00824284051636
0.00824150373956
0.00824014546525
0.00823883241932
0.00823754751372
0.00823628757259
0.00823505139834
0.00823383812915
0.00823264700056
0.00823147728608
0.00823032827077
0.00822919928504
0.00822808969357
0.00822699892957
0.00822592640224
0.00822487158469
0.00822383431903
0.00822281381437
0.00822180943999
0.00822082069031
0.00821984717159
0.00821888842722
0.00821792295659
0.00821696927593
0.00821601939875
0.00821508266463
0.00821416204505
0.00821320077192
0.00821222617981
0.00821126806094
0.00821032615178
0.00820939886906
0.0082084855553
0.00820758584715
0.00820669933513
0.00820582563853
0.00820496439941
0.00820411527763
0.00820327794986
0.00820245211351
0.00820163745114
0.00820083367368
0.00820004050328
0.00819920299591
0.00819824208709
0.00819731246324
0.00819640273
0.00819550627029
0.00819415859368
0.00819297974714
0.00819184898976
0.00819074393907
0.00818966038251
0.0081885967359
0.00818755195255
0.00818652014886
0.00818550442819
0.00818450530379
0.00818351311837
0.00818253467728
0.00818157411519
0.00818062829072
0.00817969635791
0.0081787778828
0.00817787248762
0.0081769797381
0.00817609773845
0.00817522579072
0.00817436548641
0.00817351648984
0.00817267849376
0.00817169121006
0.00817073723768
0.00816981769811
0.00816891446573
0.00816802421169
0.00816714605647
0.0081662795446
0.00816532316219
0.00816426677395
0.00816316738086
0.0081620684076
0.00816098831438
0.00815992545389
0.00815887894859
0.00815784812076
0.00815683237703
0.0081558311462
0.00815484392775
0.00815387032526
0.00815290988065
0.00815196215688
0.00815102700597
0.00815010390197
0.00814919248641
0.00814829241143
0.00814740336747
0.0081465250717
0.0081456572769
0.00814479970352
0.00814395203562
0.00814311408191
0.0081422856579
0.00814146668685
0.00814065688541
0.00813985594805
0.00813906299085
0.00813827840311
0.00813750212998
0.00813673399142
0.00813597382237
0.00813522144899
0.00813447670662
0.00813373944125
0.00813301214777
0.00813229338233
0.00813158418029
0.00813088364906
0.00813019006002
0.00812950572241
0.0081288276026
0.00812815851261
0.00812749489754
0.00812676298787
0.00812593897849
0.00812514141028
0.00812435690111
0.00812358300942
0.00812281908737
0.00812206482202
0.00812131997393
0.00812058415383
0.00811985710462
0.00811913858307
0.0081184283568
0.00811772620864
0.00811703193205
0.00811634534983
0.00811566627218
0.00811499450102
0.00811432986325
0.008113672199
0.00811302135108
0.00811237716131
0.00811173947857
0.00811110815901
0.00811048307099
0.00810985431234
0.00810922797612
0.00810860792554
0.00810799395585
0.0081073859581
0.00810678381233
0.00810618667043
0.00810521161598
0.0081042698619
0.00810334902222
0.00810237003177
0.00810142867721
0.00810051539165
0.00809961914721
0.00809873891996
0.00809787406304
0.00809674797728
0.0080954907862
0.00809429232761
0.00809312803038
0.00809199334298
0.00809088623578
0.00808980528805
0.0080887429162
0.00808769505641
0.00808667026621
0.00808546257526
0.00808410014045
0.00808278154283
0.00808150173403
0.00808025821748
0.00807904909169
0.00807787254458
0.0080767269701
0.00807561087713
0.00807452287508
0.00807346161799
0.00807242592629
0.00807141471313
0.00807042685633
0.00806946119023
0.00806851597062
0.008067591345
0.00806668644901
0.00806580047044
0.00806493264108
0.00806408223463
0.00806324856737
0.00806243098698
0.00806162570282
0.00806075503608
0.00805990608763
0.00805907688312
0.00805822397807
0.00805732772777
0.0080564644529
0.00805562388434
0.0080548034064
0.00805400160161
0.00805321580155
0.00805244071599
0.00805168223387
0.00805093955141
0.00805021195783
0.00804949877498
0.00804873918063
0.00804796406512
0.00804719862206
0.00804645117354
0.00804572038877
0.00804500536871
0.00804430533751
0.0080436195902
0.00804294748042
0.0080422884151
0.00804164182267
0.00804100718184
0.00804038400634
0.00803977184185
0.00803917025795
0.00803857885116
0.0080379972418
0.00803742507124
0.0080368620016
0.00803630771114
0.00803576189926
0.0080352242745
0.00803469456214
0.0080341725019
0.00803365784646
0.00803315035998
0.00803264722863
0.00803190633686
0.00803128784504
0.00803069234673
0.00803011254348
0.00802954340073
0.00802898495863
0.00802843658942
0.00802759945699
0.0080268533113
0.00802617554578
0.00802496520245
0.00802379241422
0.0080226741305
0.00802160152722
0.00802057065897
0.00801957860968
0.00801862282166
0.0080177011456
0.00801681149807
0.00801595182481
0.00801512024357
0.00801431509983
0.00801353478074
0.00801277785746
0.00801204299625
0.00801132895683
0.00801063458567
0.00800995880935
0.00800930062666
0.00800865910294
0.00800803336487
0.00800742259601
0.00800682603268
0.00800624296168
0.00800567271698
0.00800511466695
0.00800456822263
0.00800403283127
0.0080034912122
0.00800296122076
0.00800211827758
0.0080011091569
0.00800024569968
0.00799942883642
0.00799864007175
0.00799787500541
0.00799713177679
0.00799640904865
0.00799570564363
0.00799502048447
0.00799435257799
0.00799369924913
0.0079928572768
0.00799210714324
0.00799138970795
0.00799069367126
0.00799001623721
0.00798935005802
0.00798869536318
0.00798805648065
0.00798743254283
0.00798682275012
0.00798622636714
0.00798564270633
0.0079845674352
0.00798354338618
0.00798263271908
0.00798176336778
0.00798092141269
0.00798010322539
0.00797930709453
0.00797853171654
0.00797777592819
0.00797703865542
0.00797631891209
0.00797561575607
0.00797492832437
0.00797425578285
0.00797359736407
0.00797294963028
0.00797220495086
0.00797150119075
0.00797081755219
0.00797015029243
0.00796949691109
0.00796885648452
0.0079682283255
0.00796761275015
0.00796700839277
0.00796641446441
0.00796583045057
0.00796525587087
0.0079646902754
0.00796413324321
0.00796358435646
0.00796304326312
0.00796250961381
0.00796198308006
0.0079614632347
0.00796094975801
0.00796044253338
0.00795994130193
0.0079594458198
0.00795895585694
0.00795847119622
0.0079579916327
0.00795751553846
0.00795704244058
0.00795657399797
0.00795611003986
0.00795565040598
0.00795519494437
0.00795474342902
0.00795429378905
0.00795384799137
0.00795340586868
0.00795296729711
0.00795253216469
0.00795210036601
0.00795167180102
0.00795124639869
0.00795082405907
0.007950404683
0.00794998604206
0.0079492343123
0.00794837548611
0.00794746900821
0.00794660439689
0.00794576392016
0.00794494393424
0.00794413918182
0.00794335090382
0.00794229065047
0.00794126056872
0.00794021352228
0.00793906560556
0.00793731531577
0.00793582643336
0.00793440852385
0.00793289470542
0.00793142398606
0.00793000969986
0.00792863880771
0.00792730678545
0.00792601086155
0.00792474902865
0.00792351909584
0.00792231925814
0.00792114791177
0.00792000356709
0.00791888495807
0.00791763050489
0.00791633028915
0.00791507578439
0.00791386243958
0.00791268710475
0.00791154725061
0.00791044160608
0.00790936664553
0.00790832114112
0.00790720234337
0.00790593127911
0.00790476625665
0.00790364247669
0.00790252282159
0.00790143472978
0.00790002906218
0.00789861214331
0.00789724719388
0.0078959280423
0.00789465119277
0.00789341384541
0.00789221349837
0.0078910478694
0.0078899150948
0.00788881334641
0.00788773931298
0.00788669192615
0.00788567123713
0.00788467588819
0.0078837047415
0.00788275672119
0.00788183062501
0.00788057007696
0.00787928335659
0.00787802406106
0.00787680499937
0.00787562431093
0.00787447946092
0.00787336945555
0.00787229302168
0.00787124627168
0.00787022375557
0.0078692261507
0.00786825411801
0.00786730392289
0.00786637698546
0.00786546411384
0.00786455752671
0.00786367200209
0.00786272062115
0.00786179188826
0.00786088366954
0.00785999356367
0.00785912056563
0.00785826394781
0.00785742305614
0.007856597261
0.007855786015
0.00785498877955
0.00785420509004
0.00785343442275
0.00785267630554
0.00785193025346
0.00785119589171
0.00785047282661
0.00784975747219
0.0078489273903
0.00784808374895
0.00784729702644
0.00784653034296
0.00784577651792
0.0078450339028
