0.276500545548
0.139840168374
0.0966331275079
0.0793892564614
0.0712230371861
0.0653938567314
0.0616986466709
0.0589608546911
0.056651690772
0.0543404087422
0.0525767167996
0.0510564837133
0.0498244120504
0.0488155774227
0.0478415955673
0.0468138986547
0.0457443348174
0.0446325801646
0.04354472632
0.0426229742965
0.0418096645192
0.0411322273502
0.0405246919419
0.0399277755899
0.0393495804737
0.0388044607639
0.0382481827735
0.0376832528156
0.0371282469218
0.0365897745677
0.0360638199235
0.0355853121716
0.0351453342439
0.0347261799469
0.0343226200485
0.0339317247419
0.0335530713985
0.0331784869272
0.0327997323243
0.0324075172651
0.031978307665
0.0315289183408
0.0310944072386
0.0306827619531
0.0302986706453
0.0299208683366
0.0295251106741
0.0291103827032
0.0286892497328
0.0282804752069
0.027906787109
0.0275656897795
0.0272406607584
0.0269149561907
0.0265841206735
0.0262568603228
0.0259353409172
0.0256183910662
0.0253010888458
0.0249791651313
0.02466440341
0.0243699234448
0.0240971565129
0.0238323489075
0.0235702236377
0.023315258113
0.0230718800838
0.0228386327569
0.0226143165448
0.0223955644692
0.0221889471159
0.021988569472
0.0217961631693
0.0216164989615
0.0214510639337
0.0213028175299
0.0211724369481
0.0210564638127
0.0209515009857
0.0208507880136
0.0207559625747
0.0206648887678
0.0205768399592
0.0204902454878
0.0204039636861
0.0203175494954
0.0202315841189
0.0201441365221
0.0200576033245
0.0199683888347
0.019877112821
0.019784498928
0.0196903613799
0.019594915673
0.019498463641
0.0193993060256
0.0193020655842
0.0192067461596
0.0191163149215
0.0190312415156
0.0189492901181
0.0188716295549
0.0187992097181
0.0187314764175
0.0186677420977
0.0186050670675
0.0185449388019
0.0184881705649
0.0184346077106
0.018383585818
0.0183323882548
0.0182835311114
0.0182369063348
0.0181919109895
0.0181483596438
0.0181060699837
0.0180639431319
0.0180229775043
0.0179830062663
0.0179439771439
0.0179058740984
0.0178687622375
0.0178322561121
0.0177958387376
0.0177597842522
0.0177236880866
0.0176872615923
0.0176511522468
0.0176159055368
0.0175812593526
0.0175464141507
0.017512025154
0.017477911105
0.0174439809214
0.0174104579755
0.0173772270599
0.0173442033421
0.0173114108746
0.0172789124126
0.0172466715837
0.0172147117002
0.0171827904728
0.0171507430616
0.0171189104738
0.0170861768419
0.0170537388599
0.0170216364362
0.0169895421604
0.0169564042298
0.0169235966132
0.0168908626549
0.0168581238907
0.0168256927106
0.0167935406426
0.0167612885617
0.0167281271912
0.0166951107287
0.0166626718663
0.0166304641079
0.0165984732938
0.0165666875881
0.0165349789182
0.0165033055841
0.016471647812
0.0164399797497
0.0164086152585
0.0163772320844
0.0163457132693
0.0163141292738
0.0162812166712
0.016248063356
0.0162148091493
0.0161812015684
0.0161471308831
0.0161128984937
0.0160784771586
0.0160437271065
0.0160084533402
0.0159726863839
0.0159366852331
0.0159003476224
0.0158633877475
0.0158251560269
0.0157872345236
0.0157494140381
0.0157115079043
0.0156725013579
0.015632560362
0.0155924947681
0.0155524405192
0.0155122167447
0.015471103605
0.0154300192437
0.0153878838498
0.0153466179197
0.0153055471219
0.0152642854686
0.0152206646428
0.0151769608028
0.0151331675264
0.01508956882
0.0150449030299
0.0150004693366
0.014956032533
0.0149116233194
0.0148683200649
0.0148250314223
0.0147815956293
0.014738096682
0.0146945267814
0.0146505173332
0.0146061456231
0.0145616996556
0.014517759582
0.0144736280166
0.0144292231101
0.0143837014418
0.014336814865
0.0142897507087
0.014243157018
0.0141965186702
0.014148424856
0.0141006951065
0.0140532480206
0.0140061451724
0.0139594036672
0.0139130995257
0.0138667552827
0.0138202344098
0.0137735905835
0.0137268878579
0.0136801090103
0.013633100478
0.0135859380726
0.0135378595865
0.0134891837377
0.013440003875
0.0133899067503
0.0133386449274
0.0132855197516
0.0132303320348
0.0131744340465
0.0131173764825
0.0130585962958
0.0129975971728
0.0129332241412
0.0128666133096
0.0127976019414
0.0127237692435
0.0126458500252
0.0125653075951
0.0124805610323
0.0123929300305
0.0123021199118
0.0122094237811
0.0121160406406
0.012019875232
0.0119192797879
0.0118213769635
0.0117261577597
0.0116331142148
0.0115443115018
0.0114597712022
0.0113810678153
0.0113071678374
0.0112367737746
0.0111710805439
0.0111101632512
0.0110510301193
0.0109943550093
0.010941423188
0.01089111333
0.0108427967112
0.0107964886959
0.010752513635
0.0107095548016
0.0106685583456
0.0106278690525
0.0105876551267
0.0105480725463
0.0105092018921
0.0104710696886
0.0104337058987
0.0103970736437
0.0103608526585
0.01032515308
0.0102899051449
0.0102550295981
0.0102197379317
0.0101843469478
0.0101495652175
0.0101153316487
0.0100813309138
0.0100477771257
0.0100146664144
0.00998207973708
0.00994957246273
0.00991752661197
0.00988591644343
0.00985468515084
0.00982385167701
0.00979335081013
0.00976277143366
0.00973268036758
0.00970302666628
0.00967372112505
0.0096445052233
0.00961473235667
0.00958534781517
0.00955598215864
0.00952711557711
0.00949871904111
0.00947090395923
0.00944332551538
0.00941595869708
0.0093885384696
0.00936159671605
0.00933515615329
0.00930897701741
0.00928234286208
0.0092562356361
0.00923062323099
0.00920552862824
0.00918092365482
0.00915682383888
0.00913296918556
0.00910953388247
0.00908658424422
0.00906396233487
0.00904179943408
0.00902008906216
0.00899916593277
0.00897872411277
0.0089588646861
0.00893940043056
0.00892036360106
0.0089001358018
0.00888017127375
0.00886033883253
0.00884088478789
0.00882189184266
0.00880359030281
0.00878569886332
0.00876823941199
0.00875127533286
0.00873462881418
0.00871818195298
0.00870216668953
0.00868655944786
0.00867118583401
0.00865611308561
0.00864131418002
0.00862680098818
0.00861273536907
0.00859900110876
0.00858570499878
0.00857251683889
0.00855954391281
0.00854681110301
0.00853442566977
0.00852237714141
0.00851053724728
0.00849884163721
0.00848730413707
0.00847593749038
0.00846464593102
0.0084535392924
0.00844243125393
0.00843135938685
0.00842016019121
0.00840878186212
0.00839763874773
0.00838668145491
0.00837591924057
0.00836553262209
0.00835530928438
0.00834502577672
0.00833459757078
0.00832445052044
0.00831440978712
0.00830437580698
0.00829411983574
0.00828372087036
0.00827349521525
0.00826327743648
0.00825287856298
0.00824264979234
0.00823258516318
0.00822275937655
0.00821313900529
0.00820367737216
0.00819397310348
0.00818419244302
0.00817461206673
0.00816513419228
0.00815573893836
0.00814603150992
0.0081365045134
0.0081271484509
0.0081179544756
0.00810880174472
0.0080994948268
0.00809018816539
0.00808107387465
0.00807212993206
0.00806335287897
0.00805473461167
0.00804625368027
0.00803791745288
0.00802963316845
0.0080213836515
0.00801324889937
0.00800527379452
0.00799742997906
0.00798971458492
0.00798195474495
0.00797403500604
0.007966099136
0.00795832112027
0.00795062193679
0.00794300462805
0.00793550458162
0.00792771570455
0.00791981814851
0.00791185688457
0.00790406669595
0.00789648955568
0.00788907533178
0.00788180053426
0.0078744526179
0.00786699292843
0.00785970702372
0.00785259302644
0.00784560948866
0.00783874600254
0.00783200922553
0.00782503795627
0.00781812821175
0.00781136354445
0.00780470775702
0.00779815534768
0.00779185437156
0.00778587461342
0.0077800566144
0.00777434910181
0.00776873855752
0.00776321983921
0.00775779144213
0.00775240686101
0.00774709932852
0.00774189120191
0.00773679493402
0.00773178137985
0.00772684283751
0.00772175240692
0.00771674960497
0.00771179902584
0.0077069059996
0.00770219151424
0.00769755141961
0.00769297924816
0.00768845069728
0.00768398356469
0.00767958474086
0.00767525770871
0.00767095031812
0.00766670603233
0.00766252398285
0.00765840510926
0.00765434792383
0.00765033860887
0.00764631696603
0.00764234814382
0.00763844133872
0.00763459103397
0.00763079412768
0.00762705649048
0.00762327630141
0.00761944291552
0.00761580810919
0.00761214193795
0.00760853324664
0.00760501732417
0.0076015455055
0.00759811529849
0.00759469051459
0.007591294898
0.00758795372561
0.0075846292393
0.00758131615163
0.00757804549482
0.00757481660353
0.00757162808909
0.00756848548656
0.00756538926527
0.00756233141934
0.00755931109669
0.00755632902248
0.00755338167895
0.00755047968941
0.00754763350524
0.00754475265169
0.00754193523345
0.00753907615512
0.00753621276389
0.0075333875391
0.00753056856698
0.00752778976178
0.00752507742426
0.0075223953552
0.00751974108968
0.00751711639699
0.00751455948285
0.00751204327074
0.0075095627457
0.00750721288872
0.0075049156083
0.00750265313561
0.0075004192044
0.00749821585468
0.00749603757264
0.00749384836982
0.00749167453025
0.00748952346596
0.00748739360288
0.00748528488653
0.00748319631281
0.00748112695027
0.00747907612463
0.00747704419546
0.00747503062999
0.00747303911397
0.00747106550576
0.00746911518247
0.00746718629888
0.00746527357573
0.00746337650765
0.00746149492341
0.00745962777625
0.00745777620251
0.00745594083837
0.00745411975209
0.0074523124501
0.00745051846631
0.00744873763952
0.00744696954287
0.00744521472308
0.00744347766682
0.00744172706092
0.00743996961485
0.00743822459746
0.00743649180819
0.00743477087284
0.00743307164525
0.00743139533943
0.00742973186675
0.00742808005089
0.00742643988631
0.00742477912309
0.00742312718318
0.0074214822418
0.00741984882087
0.00741822638457
0.00741661442844
0.00741501263285
0.00741341001919
0.00741174833375
0.00741010047963
0.00740846398525
0.0074068427536
0.00740523286309
0.00740363362412
0.00740204611757
0.00740045821539
0.00739887921704
0.0073973108924
0.00739575528063
0.00739420845912
0.00739267211634
0.00739114470926
0.00738962594353
0.00738811766406
0.00738661942806
0.00738512947605
0.00738364785049
0.00738217496615
0.0073807111965
0.00737923272393
0.00737769795207
0.00737617043093
0.00737465592378
0.00737315247574
0.00737165933017
0.00737017498061
0.00736870019148
0.00736723350896
0.00736577852778
0.00736433253894
0.00736289425272
0.00736146394763
0.00736004565044
0.00735863622047
0.0073572336706
0.00735583970146
0.0073544536837
0.00735307601521
0.00735170523111
0.00735034224704
0.00734898707731
0.00734763924434
0.00734629798358
0.00734496323375
0.00734363481473
0.00734231255908
0.00734099447533
0.00733967960101
0.00733837041456
0.00733706636539
0.00733576592945
0.00733447282346
0.00733318458879
0.00733185869065
0.00733049958708
0.00732914860896
0.00732780478021
0.00732646849306
0.00732513052868
0.00732379377946
0.00732246632988
0.00732114588222
0.00731983402913
0.00731852856646
0.0073172298168
0.00731593763123
0.0073146534352
0.00731337548907
0.00731210067136
0.00731083159361
0.00730956743061
0.00730828093633
0.00730699817924
0.00730572250402
0.00730445390053
0.00730319522561
0.00730195330764
0.00730071688218
0.00729948589145
0.00729826226787
0.00729704726307
0.00729583737218
0.00729463272081
0.00729343452491
0.00729224142339
0.00729103113211
0.00728981325126
0.00728859933399
0.00728739136898
0.0072861886169
0.00728499024979
0.00728378558078
0.00728257853192
0.00728137795211
0.00728018218066
0.00727899087555
0.00727780387149
0.00727662183108
0.00727544479395
0.00727427245443
0.00727310510357
0.00727194154225
0.00727078249781
0.00726962741108
0.00726847793634
0.00726733257782
0.00726619129191
0.00726505356423
0.00726391969244
0.00726279344873
0.00726167941527
0.00726056904596
0.00725946192236
0.00725835811017
0.0072572574642
0.00725616013812
0.00725506767827
0.00725397866679
0.00725289326409
0.0072518116333
0.00725073402391
0.00724966036276
0.00724859049494
0.00724752345571
0.00724645914643
0.0072453960684
0.00724433496022
0.00724327660858
0.0072422208228
0.00724116805181
0.00724011796927
0.00723907050318
0.00723802630992
0.00723698527362
0.00723594702282
0.00723491134881
0.00723387823839
0.00723284791548
0.0072318203193
0.00723079552899
0.00722977301734
0.00722875324699
0.00722771229648
0.00722667058908
0.00722563256497
0.00722459808993
0.00722356699731
0.00722253917837
0.00722151500177
0.00722049419047
0.0072194766286
0.00721846139915
0.00721744893094
0.00721643909881
0.00721538135676
0.00721431204858
0.00721321187897
0.00721212252519
0.00721104402262
0.00720997396099
0.00720891128493
0.00720785511024
0.00720680486916
0.00720576686185
0.00720473871352
0.00720372089196
0.00720270801663
0.00720170176996
0.00720069790204
0.00719968756496
0.00719866538871
0.00719764385569
0.00719661534207
0.00719555820233
0.00719451012418
0.0071934694816
0.00719243539083
0.00719140729004
0.00719038505383
0.00718936899727
0.00718835685771
0.00718735003228
0.0071863486031
0.00718535179938
0.00718435931072
0.00718337109754
0.00718238700364
0.00718140658074
0.00718042919839
0.00717945562552
0.00717848595827
0.00717751999694
0.00717655778759
0.00717559915401
0.00717464400866
0.00717369142719
0.00717274174186
0.00717177569413
0.00717077602355
0.00716978347436
0.00716879711767
0.00716781597534
0.00716683969855
0.00716586773829
0.00716490013394
0.00716393710567
0.00716297792234
0.0071620215472
0.00716106778852
0.00716011787438
0.00715917159026
0.0071582293389
0.00715729108526
0.00715635603329
0.00715542409602
0.00715441610811
0.00715341550712
0.00715243152614
0.00715145981391
0.007150493863
0.0071495138016
0.00714853195882
0.0071475548401
0.00714658133741
0.00714561074907
0.00714464410457
0.00714368124583
0.00714272206995
0.00714176638651
0.00714081398122
0.00713986522476
0.00713892030443
0.00713797909778
0.00713704103499
0.00713610596112
0.00713517384286
0.00713424465759
0.00713331833717
0.00713239484327
0.00713147401944
0.0071305559513
0.00712964098904
0.00712872877772
0.00712781888242
0.00712690903631
0.00712599947956
0.00712509292818
0.00712418925551
0.00712328841059
0.00712239413356
0.00712150301034
0.00712061484303
0.00711972958161
0.0071188472046
0.00711796788966
0.00711709138491
0.00711621594824
0.00711534255881
0.00711447187217
0.00711360385298
0.00711273849759
0.00711187571125
0.0071110156674
0.00711015846047
0.007109303842
0.00710845160285
0.007107601871
0.00710675457693
0.00710590974752
0.00710506740554
0.00710422745113
0.00710338984592
0.0071025545788
0.00710172166025
0.00710089103094
0.0071000628925
0.00709923703958
0.00709841364669
0.00709759273741
0.00709675865317
0.00709580921283
0.00709487638035
0.00709395358814
0.007093038528
0.00709212999065
0.00709120471798
0.00709025696952
0.00708931549404
0.00708837916444
0.007087447529
0.00708652045491
0.00708559780779
0.00708467971714
0.00708376586044
0.0070828561863
0.00708195054373
0.00708104891662
0.00708015120282
0.00707925734002
0.00707836731567
0.00707748105909
0.00707659854108
0.00707571983686
0.00707484463842
0.00707397311087
0.00707310528871
0.00707224086243
0.00707138045583
0.00707052390678
0.00706967077306
0.00706882107206
0.00706797470037
0.00706713154203
0.00706629177451
0.00706545650462
0.00706462516123
0.00706379687077
0.00706297180404
0.00706214983745
0.00706133089881
0.00706051511186
0.00705970222122
0.00705887424766
0.00705804031373
0.00705721032584
0.00705638405944
0.00705556260067
0.00705475595738
0.00705396489292
0.00705318093339
0.00705240268535
0.00705162883735
0.00705085908316
0.00705009259775
0.00704932923181
0.00704856894863
0.00704781150551
0.007047056833
0.00704630489552
0.00704555533098
0.00704480833443
0.0070440637595
0.00704332158569
0.0070425818953
0.00704184462549
0.00704110966738
0.00704037709382
0.00703964687942
0.00703891900783
0.00703819349242
0.00703747034145
0.00703674950105
0.00703603086228
0.00703531458795
0.00703460052087
0.00703388904018
0.00703317972886
0.00703245935105
0.0070317304858
0.00703100566983
0.00703028434968
0.00702956619112
0.00702885237083
0.00702814156834
0.00702743352701
0.00702672634459
0.00702602103317
0.00702531826975
0.00702461794837
0.00702391999829
0.00702322447568
0.00702253131689
0.00702184045694
0.00702115205044
0.0070204659707
0.00701978167237
0.00701909944896
0.00701841946396
0.00701774170693
0.00701706660555
0.00701639370069
0.00701572293397
0.00701505430267
0.00701438781038
0.00701372346721
0.00701306119572
0.00701240097817
0.00701174279449
0.007011086639
0.00701041375751
0.00700974779996
0.00700908538969
0.00700842587854
0.00700776896096
0.00700711054892
0.00700643812012
0.00700572519115
0.00700502048787
0.0070043224782
0.00700362973379
0.00700294132594
0.00700225674059
0.00700157569058
0.00700089784137
0.0070002231232
0.00699955145012
0.00699888268164
0.00699821671937
0.00699755345998
0.00699689293092
0.0069962350382
0.00699557979673
0.00699492704325
0.00699427673096
0.00699362896521
0.00699298374679
0.00699234099509
0.00699170061396
0.00699106251981
0.00699042669593
0.00698979335517
0.00698916226243
0.0069885337217
0.00698790855543
0.00698728556522
0.00698666472855
0.00698604534032
0.00698541264386
0.00698478008312
0.00698415003503
0.00698352232557
0.00698289688572
