0.457577866622
0.110851140692
0.0738341959157
0.0605821755565
0.053164831677
0.0476849693116
0.0439630554754
0.0399223410181
0.0366504331271
0.0337225436051
0.030947343545
0.029041629326
0.0275824578064
0.0257442310924
0.0238334672364
0.0223419951775
0.0209642345525
0.0197706582802
0.0186072187647
0.0174681404085
0.0161570824675
0.0152688299276
0.0146698676783
0.0141924954208
0.0137479609321
0.0133636823973
0.0130983369633
0.0128762733604
0.0126327400055
0.0123638823576
0.0121146783339
0.0119010018009
0.0117172715424
0.0115537190911
0.011393524528
0.0112185242918
0.0110221854063
0.0108210163514
0.0106329937454
0.0104529379462
0.0102677282365
0.010077683
0.0099033853457
0.00975980008792
0.00964295873208
0.00954433377495
0.00945765781488
0.00937758826875
0.00930394706094
0.00923537709364
0.00917278090312
0.00911697240466
0.00906763029572
0.00902371969111
0.00898445907343
0.00894887896329
0.00891513352558
0.00888358842902
0.00885313713204
0.0088217541729
0.00879075188379
0.00876092637911
0.00873133003283
0.00870170345723
0.00867159600459
0.00864064405932
0.00860858914853
0.00857542554637
0.00854138119316
0.00850698183405
0.00847299218478
0.00844006303859
0.00840859029225
0.00837858389246
0.0083500568523
0.00832293140671
0.00829712019119
0.00827256228211
0.00824916225089
0.00822683999615
0.0082054491333
0.00818497143008
0.00816539746906
0.00814657583164
0.00812856567243
0.00811140108657
0.00809501835348
0.0080793552624
0.00806379743653
0.00804865284665
0.00803415759383
0.00801999563713
0.0080061188167
0.00799252517359
0.00797878092135
0.00796556128535
0.0079527410395
0.00793908586666
0.00792577487596
0.00791254872607
0.00789960916958
0.00788693656602
0.00787436909045
0.00786190772615
0.00784961906956
0.00783747452851
0.00782544840244
0.00781352338922
0.007801689078
0.0077898727563
0.00777794179047
0.00776601667761
0.00775406968749
0.00774206304088
0.00772981535279
0.00771740262413
0.00770465151006
0.00769135032926
0.00767784000348
0.00766375358308
0.00764939346156
0.00763485761957
0.00762025865875
0.00760533503874
0.00758990337294
0.00757468882092
0.0075597230376
0.00754511791793
0.00753051021188
0.00751618042995
0.0075024084471
0.00748921260483
0.00747640547488
0.00746393654882
0.0074519542728
0.00744035008376
0.00742912929312
0.00741828057323
0.00740777014307
0.0073975750668
0.00738766329182
0.00737801547931
0.00736860968756
0.007359427882
0.00735045465181
0.0073415056686
0.00733271314412
0.0073241153087
0.00731544783183
0.00730693840404
0.00729860583861
0.00729041586987
0.00728216160907
0.00727404769029
0.00726610655369
0.00725832775086
0.00725070468324
0.00724323156373
0.00723588415104
0.00722867827077
0.00722160847741
0.00721463533033
0.00720768632857
0.00720084084063
0.00719409191561
0.0071874662226
0.00718095751343
0.00717455838183
0.00716826340172
0.00716198860527
0.00715582389805
0.00714975757422
0.00714377486111
0.00713788664838
0.00713208733873
0.00712636054641
0.0071207038903
0.0071151149883
0.0071095896858
0.00710412469387
0.00709871928613
0.00709332251092
0.00708796036438
0.00708265914004
0.00707741721101
0.00707223142796
0.0070671013519
0.00706197846879
0.00705677974709
0.00705165233918
0.00704659220333
0.00704159864065
0.00703667204864
0.00703181403121
0.00702702507125
0.00702228813058
0.00701731430369
0.00701248009853
0.00700771538692
0.00700306272873
0.00699849130414
0.00699400048398
0.00698958887631
0.00698525747082
0.00698100063555
0.00697681650148
0.00697270489911
0.00696867047693
0.00696470344626
0.00696070326104
0.00695642042804
0.006952246021
0.00694816241084
0.00694415721
0.00694022345455
0.00693635648155
0.0069325400396
0.00692853653653
0.00692460738248
0.006920740339
0.00691693685771
0.00691317195647
0.00690945752614
0.00690579609451
0.00690218658703
0.00689861072596
0.00689508741306
0.00689160938916
0.00688817515802
0.00688478347202
0.00688143293547
0.006878128036
0.00687486374899
0.00687163678935
0.0068684460865
0.00686529667123
0.00686218313875
0.00685910375787
0.00685605694949
0.00685304185591
0.00685005770622
0.00684710417258
0.00684418286594
0.00684128724601
0.00683841904354
0.00683557876382
0.0068327655703
0.00682984242239
0.00682692155814
0.00682346853965
0.00682006262915
0.0068166952719
0.00681342195473
0.00681015097233
0.00680655886454
0.00680305279675
0.00679959884094
0.00679618506338
0.00679275379521
0.00678869098598
0.00678254229451
0.00677586639444
0.00676941880733
0.00676260274318
0.00675619568956
0.00675010276713
0.00674399339949
0.00673813883964
0.0067323949562
0.006726689078
0.00672061312529
0.00671470129979
0.00670891702908
0.00670323168838
0.00669760330498
0.00669180365753
0.00668610307866
0.00668049384954
0.00667497438578
0.00666953343105
0.006664167898
0.00665875101863
0.00665271708606
0.00664682354625
0.00664084926029
0.00663481297262
0.0066278348233
0.00662069756166
0.00661422712174
0.00660793168216
0.00660174294159
0.00659528813906
0.00658888467458
0.00658246592316
0.00657626384565
0.00657052470483
0.0065649924684
0.00655959163011
0.00655431600315
0.0065491520501
0.0065440948001
0.00653913902644
0.00653427191779
0.00652872049526
0.0065233889206
0.0065184430283
0.00651361964612
0.00650891121584
0.00650430808714
0.00649980749919
0.00649540340071
0.00649109076042
0.00648686326822
0.00648247047947
0.00647785494845
0.00647336738368
0.00646900817855
0.00646473958802
0.00646055732537
0.00645646123316
0.00645239964998
0.00644836974513
0.00644441531088
0.00644053996391
0.00643678344587
0.00643310801635
0.00642949660036
0.00642592907801
0.00642174499148
0.00641770798333
0.00641378464752
0.00640995789182
0.00640618491798
0.00640239156797
0.0063986894371
0.00639493607169
0.00639129433471
0.0063877502192
0.00638427909693
0.0063807945058
0.00637739801137
0.00637408491536
0.00637085615123
0.00636776982629
0.00636477040936
0.00636175504691
0.00635884759062
0.0063560352305
0.00635335384872
0.00635073780754
0.00634826414572
0.00634583905346
0.00634346648482
0.00634114520123
0.00633887491526
0.00633664935085
0.00633446882876
0.00633235007233
0.00633026373488
0.00632820936015
0.00632619327989
0.00632421358003
0.00632227524531
0.00632037797797
0.00631851234963
0.0063166829963
0.00631488547598
0.00631286664648
0.00631087342042
0.00630896205228
0.00630708712418
0.00630524559506
0.00630338694118
0.00630154890451
0.00629974794977
0.00629792736553
0.00629609945243
0.0062943032479
0.00629253543913
0.00629079448643
0.00628907877408
0.00628738657164
0.00628570261261
0.00628393695731
0.00628219780172
0.0062804872493
0.00627881012058
0.00627715207222
0.00627551190374
0.00627388860862
0.00627228136003
0.00627068947842
0.00626911240218
0.00626754939623
0.00626600569951
0.00626447509098
0.00626295990807
0.00626146390262
0.00625998706734
0.00625852370286
0.00625707354623
0.00625563856593
0.00625419134941
0.00625275423749
0.00625132668243
0.00624991224371
0.00624850690877
0.00624711410856
0.00624573291077
0.00624435955675
0.00624299652937
0.0062416435407
0.0062402979668
0.00623896166331
0.00623763432076
0.00623631795938
0.00623502566454
0.00623374349967
0.00623247044053
0.0062312046882
0.00622994622979
0.00622869453327
0.00622744880385
0.00622620771685
0.00622497327108
0.00622374318111
0.00622251847289
0.00622130014707
0.006220089967
0.00621888508373
0.00621768443254
0.00621648839518
0.00621485270968
0.00621323129821
0.00621166438991
0.00621014361342
0.00620865674747
0.00620718055668
0.00620572097951
0.00620428459705
0.00620286445471
0.00620145989713
0.00620006728229
0.00619869717355
0.00619734488564
0.00619600073911
0.00619466876726
0.00619334841258
0.00619203793784
0.00619073433937
0.00618943628592
0.0061881426562
0.00618685078474
0.00618556540331
0.00618428653849
0.00618301480215
0.00618173894954
0.00618046147046
0.00617919270512
0.00617793066348
0.00617667634786
0.00617539107957
0.00617409751221
0.00617282243179
0.00617157751894
0.00617035603327
0.00616910712913
0.00616786157253
0.0061665396087
0.006165136427
0.00616370396297
0.00616228142514
0.00616085589055
0.00615945258466
0.00615806174794
0.00615668147663
0.00615531053226
0.00615394779153
0.00615257689958
0.0061512158314
0.0061497826977
0.0061481364546
0.00614656272679
0.0061450267504
0.00614355551363
0.00614212128932
0.00614069771278
0.00613928354069
0.00613787905985
0.00613648778707
0.00613510546431
0.00613373202567
0.00613236130561
0.00613099932974
0.00612964598377
0.00612830093719
0.00612695331827
0.00612561372952
0.00612428288783
0.00612296038182
0.00612164716406
0.00612035374538
0.00611906844331
0.00611779075431
0.00611652011975
0.00611525745159
0.00611400275721
0.00611275578189
0.00611151635221
0.00611028446581
0.00610901778175
0.00610773435069
0.00610646675109
0.00610520968266
0.00610396128314
0.00610272093453
0.00610148899862
0.00610026550408
0.00609904991433
0.0060978420678
0.00609664176784
0.00609535676961
0.00609393058452
0.0060925424073
0.00609118116511
0.00608982435142
0.00608846932138
0.00608713604668
0.00608581944995
0.00608451764809
0.0060832289885
0.0060819532972
0.00608068913409
0.00607943588089
0.0060781933406
0.00607696109572
0.00607573858612
0.00607452855605
0.00607333872659
0.006072176479
0.00607102296684
0.00606987780563
0.00606874059113
0.00606761139272
0.00606650713173
0.00606541128041
0.00606432369031
0.00606324457141
0.00606192219759
0.00606058921188
0.00605927278253
0.00605798038199
0.00605670507044
0.00605544322361
0.00605419745349
0.00605296450197
0.00605174346543
0.0060505334985
0.00604933497206
0.0060481468067
0.0060469689203
0.0060458011206
0.00604464322597
0.00604349529627
0.00604235842656
0.00604123146618
0.0060401139813
0.00603900585774
0.00603790658768
0.00603681597182
0.0060357348179
0.00603466551946
0.00603360486261
0.00603255284667
0.00603150232405
0.0060304587037
0.00602942438139
0.00602839815346
0.00602738065665
0.00602637131969
0.00602536983886
0.00602437684904
0.00602339304994
0.00602241747236
0.00602144865262
0.00602048796406
0.00601953415861
0.00601858829456
0.00601764963908
0.00601672482644
0.00601580746391
0.00601489895925
0.00601399564595
0.00601307404044
0.00601214568829
0.00601124043317
0.00601034992909
0.00600946608918
0.0060085889025
0.00600772834807
0.00600688850038
0.0060060623206
0.00600524551934
0.00600443842075
0.0060036389721
0.00600284734409
0.00600206312343
0.00600128573793
0.00600051482267
0.00599974916017
0.00599898969478
0.00599823681037
0.00599749702087
0.00599676959091
0.0059960504197
0.00599533914749
0.00599463633017
0.00599394038057
0.00599307043482
0.00599216700824
0.00599129520557
0.0059904474657
0.00598961916888
0.00598880778485
0.00598801278063
0.00598723169463
0.00598646339578
0.00598570567728
0.00598495762135
0.00598421848876
0.00598348764444
0.0059827647767
0.00598204926518
0.0059813407684
0.00598063915961
0.0059799459592
0.00597926048186
0.00597858067442
0.00597790615906
0.00597723680618
0.00597657303753
0.00597590417985
0.00597522375463
0.00597454965334
0.00597388093924
0.00597321737912
0.00597254314179
0.00597186767007
0.00597111211386
0.00597038359909
0.005969670374
0.00596896582332
0.00596826882618
0.00596757243181
0.00596687503977
0.0059661846575
0.00596550042102
0.00596482189965
0.00596414879645
0.00596348090026
0.00596281779606
0.00596215317521
0.00596148573093
0.00596082311909
0.00595998445272
0.00595895882388
0.00595800642546
0.00595710241967
0.00595621605171
0.00595532921738
0.00595446853705
0.00595362692885
0.00595280667366
0.00595200096793
0.00595120623562
0.00595042311952
0.00594965037394
0.00594888758231
0.00594813590681
0.00594739433749
0.00594665905733
0.00594593115744
0.00594520974083
0.00594449486074
0.00594378685833
0.00594308748513
0.00594239420535
0.00594170691735
0.0059410250801
0.00594034902054
0.00593967835701
0.0059390127695
0.00593835588239
0.00593770529481
0.00593706219963
0.00593642653493
0.00593579532736
0.00593516862284
0.00593454666932
0.00593393053103
0.00593325599798
0.00593238999863
0.00593155838532
0.00593052534855
0.00592955120382
0.00592862132336
0.00592772112253
0.00592684198352
0.00592598044931
0.0059251340077
0.00592430372139
0.00592348281713
0.00592267298141
0.00592187109721
0.00592107773896
0.00592029260784
0.00591951590507
0.00591874716675
0.00591798616793
0.00591723483982
0.00591649068064
0.00591575386689
0.00591502448299
0.0059143028187
0.00591358837878
0.00591288022649
0.00591217877039
0.00591148376594
0.00591079529478
0.00591011435211
0.00590926448415
0.00590846235931
0.00590770059982
0.00590695701737
0.00590619039455
0.00590541437835
0.00590464763406
0.00590386169408
0.0059029987262
0.00590209520971
0.0059011855055
0.00590030416844
0.00589944738028
0.00589860653177
0.00589778742324
0.00589698607633
0.0058962001675
0.00589542829044
0.0058946710886
0.00589392809375
0.0058931958692
0.00589247385863
0.0058917646662
0.00589106472174
0.00589037348604
0.00588969091896
0.00588901846329
0.00588836356781
0.00588771784581
0.00588707873596
0.00588644600773
0.00588581947467
0.00588519907763
0.00588446219632
0.00588298892098
0.00588183859522
0.00588069473244
0.00587960977118
0.0058785307831
0.00587753386951
0.00587672834044
0.00587594246918
0.00587518053209
0.00587442696906
0.00587370274217
0.00587299170473
0.00587229634645
0.00587161556691
0.0058709475524
0.00587029198699
0.00586964614936
0.00586903028051
0.00586843156161
0.00586783988177
0.00586725442925
0.00586667471828
0.0058661005028
0.00586552978369
0.00586496075693
0.00586439773833
0.00586383959973
0.00586328658113
0.00586273817701
0.0058621946802
0.00586165528373
0.00586112072413
0.0058605902292
0.00586006414768
0.00585954248609
0.0058590242222
0.00585850960975
0.00585800955669
0.00585752314318
0.00585704397354
0.00585657191842
0.00585610426536
0.00585563998705
0.00585518490871
0.00585473240794
0.00585428469727
0.00585384300902
0.00585340612131
0.00585297424927
0.00585255045748
0.00585213156472
0.00585172438468
0.00585132291516
0.00585092504239
0.00585052954128
0.0058501375402
0.00584974859057
0.00584936271438
0.00584897887103
0.00584859807254
0.00584821921719
0.00584784325946
0.00584746962827
0.00584709812713
0.00584672868904
0.00584636170205
0.00584599731781
0.00584563506287
0.00584527458447
0.00584491583833
0.00584455879092
0.00584420341372
0.00584384973821
0.00584349779131
0.00584314744729
0.00584279869098
0.00584245151754
0.00584210588449
0.00584176184494
0.00584142146836
0.00584108520133
0.00584075436905
0.00584042432595
0.00584009751254
0.00583977418293
0.00583945073605
0.00583913085234
0.00583881374482
0.00583849756467
0.00583818612624
0.00583787520727
0.00583756472617
0.00583725785132
0.00583695080716
0.00583664709432
0.00583634418076
0.00583604174611
0.00583574199893
0.00583544423624
0.00583514608555
0.00583484975153
0.00583455599152
0.00583426265555
0.00583396978066
0.00583367928761
0.00583339016357
0.0058331008888
0.00583281415731
0.00583247454972
0.00583210848867
0.00583174596843
0.00583139282154
0.00583104557765
0.00583070293193
0.00583036413347
0.00583000085685
0.00582963644108
0.00582927982653
0.00582893142502
0.00582858819623
0.00582824842907
0.00582791164866
0.00582757777005
0.0058272466147
0.00582691847685
0.00582659233385
0.00582626902118
0.00582594800027
0.00582562976961
0.00582531454049
0.00582500206297
0.00582469324489
0.00582438629469
0.0058240822232
0.00582377960642
0.00582347836798
0.00582317845885
0.005822882382
0.0058225848425
0.00582228934886
0.005821996211
0.00582170258776
0.00582141138249
0.00582112108932
0.00582083349816
0.00582054749317
0.00582026406626
0.00581997937864
0.00581969573502
0.00581941364199
0.00581913387096
0.0058188536953
0.00581857580551
0.00581829751817
0.00581802151864
0.00581774514444
0.00581747100982
0.00581719645189
0.00581692416172
0.00581665135813
0.00581637969456
0.00581611007906
0.00581584009218
0.00581557099821
0.0058153027842
0.00581503651306
0.00581476923546
0.0058145027739
0.00581423720619
0.00581397261549
0.00581371006425
0.00581344890361
0.00581318636671
0.00581292630087
0.00581266735377
0.00581240833646
0.00581215015528
0.00581189248976
0.0058116354914
0.00581137924047
0.00581112378253
0.00581086819651
0.00581061413321
0.00581036081792
0.00581010824246
0.00580985565392
0.00580960441536
0.00580935393847
0.00580910398268
0.0058088543859
0.00580860603424
0.00580835735769
0.00580810911132
0.00580786267081
0.00580761627358
0.00580737106252
0.00580712603193
0.00580688207984
0.00580663892626
0.00580639547722
0.00580615251953
0.00580591059443
0.00580566988822
0.00580542926654
0.00580518992557
0.00580494928942
0.00580471100082
0.00580447282195
0.00580423590478
0.0058039977217
0.00580376180978
0.00580352592773
0.00580329036546
0.00580305550137
0.00580282151742
0.00580258846056
0.00580235559851
0.00580212294718
0.00580189076425
0.00580165998693
0.00580142922024
0.00580119903405
0.00580096879913
0.00580073969997
0.00580051161275
0.00580028258723
0.00580005517787
0.00579982865344
0.00579960139032
0.00579937599055
0.0057991507954
0.00579892530411
0.00579870148311
0.00579847700973
0.00579825426173
0.00579803101775
