0.45329069349
0.441691444101
0.43024501937
0.415393920056
0.39407325065
0.170344464905
0.0449483747998
0.0390581384237
0.0348561601737
0.0324764308113
0.0308377657573
0.0291778497057
0.0280293197912
0.027163878551
0.0263060365992
0.0254198156539
0.0246763671804
0.0241240597598
0.0236970917495
0.0233490309775
0.0230614884315
0.0228188006873
0.0226098836698
0.0224265604991
0.0222624085454
0.022113134519
0.0219748094716
0.0218443118552
0.0217193466302
0.0215987201756
0.0214814297846
0.021368118159
0.0212618971483
0.0211620732557
0.0210681942763
0.0209780293618
0.0208918706132
0.0208095444421
0.0207310912107
0.0206567492518
0.0205869313535
0.0205220943276
0.020462340699
0.0204069223858
0.0203558174633
0.0203081235745
0.0202644499629
0.0202237520372
0.0201859109012
0.0201509099811
0.0201183375599
0.0200878106889
0.0200589565868
0.0200314435923
0.0200049998706
0.0199794039058
0.0199544738533
0.0199300764169
0.0199054260425
0.0198811352745
0.0198572342554
0.0198337349151
0.0198106718921
0.0197881206255
0.019766111774
0.0197446502674
0.0197238065868
0.0197035972531
0.0196833656748
0.0196634170474
0.0196440299264
0.0196251845519
0.0196068216331
0.0195889640148
0.0195708092644
0.0195531428147
0.0195359930576
0.0195193321808
0.0195031735383
0.0194874992832
0.0194722294593
0.0194573430952
0.019442826163
0.0194285984964
0.0194146865541
0.0194010731341
0.0193877881054
0.0193747775908
0.0193620089068
0.0193494573706
0.0193370525009
0.0193247830082
0.0193126898572
0.019300798088
0.0192890958643
0.0192775490505
0.0192661287935
0.0192548737124
0.0192437543486
0.0192326310372
0.0192216009837
0.0192106550523
0.0191997661803
0.0191886715134
0.0191776882773
0.019166845762
0.0191560847965
0.0191454055305
0.0191348523214
0.019124425673
0.0191140829166
0.0191038465975
0.0190936600453
0.0190836585272
0.0190738018305
0.0190640900135
0.0190545133994
0.0190450844869
0.0190354564491
0.0190251049326
0.0190138231128
0.0190021811082
0.018990782906
0.0189796712534
0.0189687434557
0.0189579443556
0.0189473372658
0.0189369632061
0.0189268203521
0.018916898567
0.018907190874
0.0188971333631
0.0188872750313
0.0188764143601
0.0188657995558
0.0188553370923
0.0188451369877
0.0188351796977
0.0188254864984
0.0188162703037
0.0188089391142
0.0188110722935
0.01885524957
0.0189693033989
0.0190281963693
0.0190266485649
0.0190147150387
0.0190027635168
0.0189920999026
0.0189822659927
0.0189730547667
0.018964238471
0.0189556833465
0.0189476013792
0.0189398336266
0.0189321593205
0.0189246273155
0.0189173277574
0.0189101538412
0.0189030303124
0.0188960604739
0.0188892337973
0.0188824023094
0.0188756224883
0.0188689040671
0.0188623684013
0.0188558834983
0.0188499085293
0.0188450413722
0.0188402563004
0.0188351814456
0.0188298904801
0.0188243538177
0.0188186438442
0.0188128295342
0.0188068552968
0.0188009225897
0.0187950168735
0.0187891293997
0.0187832068067
0.0187775081274
0.0187717159785
0.0187659783208
0.0187602678257
0.0187545730978
0.0187488861956
0.0187431841233
0.018737497759
0.0187318280877
0.0187261447392
0.0187204361443
0.0187147570705
0.0187086481549
0.018702723118
0.0186968372137
0.0186906445569
0.0186844095035
0.0186782036509
0.0186721415299
0.0186661408551
0.0186602182779
0.0186550227045
0.0186501893429
0.0186466462893
0.0186428486399
0.0186384580282
0.0186338747752
0.018631368064
0.0186326453239
0.0186336616115
0.0186317585207
0.0186278745679
0.0186229819716
0.018617612721
0.0186137256977
0.0186113645837
0.018609546321
0.0186055379288
0.018599958769
0.0185935714594
0.0185864258313
0.018579158659
0.0185726968018
0.0185669698728
0.0185604470168
0.0185529667569
0.0185448220968
0.01853638282
0.0185280013648
0.0185197256632
0.0185116463242
0.0185034557991
0.0184973785438
0.0184910611328
0.0184856627714
0.0184795390758
0.0184746820405
0.0184689737996
0.0184669736121
0.0184647373043
0.0184604804012
0.0184552332493
0.0184492909344
0.0184419265675
0.0184338837291
0.0184255816393
0.0184169570883
0.0184083134313
0.0183994565695
0.0183904495485
0.0183825495125
0.0183744579903
0.0183653823659
0.0183561039866
0.0183466929443
0.0183370974575
0.018326050029
0.0183153987703
0.018304402431
0.018293398884
0.0182824334754
0.0182715219843
0.0182611648329
0.0182510958174
0.018239423138
0.0182283415368
0.0182176781931
0.018207213143
0.0181965888826
0.0181860802839
0.0181758696442
0.0181658097443
0.0181562561047
0.0181487228899
0.0181399159489
0.0181300357769
0.018120083419
0.0181099657105
0.0180994825543
0.0180894328361
0.0180795161984
0.0180694065737
0.0180593782952
0.018049313607
0.0180392505377
0.0180275004844
0.0180167083438
0.0180062196325
0.0179973448014
0.0179866294868
0.0179755588151
0.0179637881149
0.0179517099983
0.0179403940007
0.0179298415549
0.0179192340114
0.0179084894416
0.0178981668578
0.0178920550278
0.0178833108785
0.0178725149072
0.0178614334684
0.0178503587032
0.017839244121
0.0178273055092
0.0178167245104
0.0178075112842
0.0177976284192
0.0177864000771
0.0177743556077
0.017762414538
0.0177497020666
0.0177363642735
0.0177229369813
0.0177096271871
0.0176962422941
0.0176838069569
0.017671027198
0.0176589742595
0.0176457310439
0.0176314533987
0.0176224338613
0.0176126869405
0.0176009483036
0.0175870111868
0.0175730739676
0.0175594073913
0.017546756851
0.0175360202474
0.0175242566379
0.017511725102
0.0174986715277
0.0174849986776
0.0174713266125
0.0174575921306
0.0174436188908
0.0174291832933
0.0174138116523
0.0173986043685
0.0173837659818
0.0173692662807
0.017354968524
0.0173408055805
0.0173259991862
0.0173129122192
0.0173007584633
0.0172879762484
0.0172747788939
0.0172610793904
0.0172473685141
0.0172337646805
0.0172200889803
0.0172070294601
0.0171929677316
0.0171786845663
0.0171639916737
0.0171484735958
0.0171335221072
0.0171188168364
0.0171041074124
0.0170895495812
0.0170751088458
0.0170599746143
0.0170457376272
0.017031741805
0.0170168713441
0.017002323643
0.0169877023209
0.0169722097299
0.0169597755097
0.0169474258972
0.0169344938497
0.0169212342749
0.0169072912772
0.0168923400716
0.0168763222783
0.0168614314631
0.0168470004756
0.0168328496112
0.0168189148791
0.0168048732729
0.0167910523751
0.0167781925061
0.0167670701721
0.0167558119164
0.0167431170897
0.0167292891113
0.0167151786266
0.016701826369
0.0166863977687
0.0166701140461
0.0166533977915
0.0166367994601
0.0166200366376
0.0166044549538
0.0165892806662
0.0165730776734
0.0165562621821
0.0165423662514
0.0165294557145
0.0165158222526
0.0165011287571
0.0164869805395
0.0164728092163
0.0164563182187
0.0164400859934
0.016423360409
0.0164075965556
0.0163906605319
0.0163722551951
0.0163545911685
0.016336852514
0.0163185062017
0.0163016129233
0.0162825313331
0.0162644548998
0.0162464929195
0.0162286526394
0.0162103962797
0.0161936006038
0.016177139043
0.0161593484585
0.016140695974
0.0161207666286
0.0161006903576
0.0160803502833
0.0160598988379
0.0160391146617
0.0160186191712
0.0159982232092
0.0159777718094
0.0159572311439
0.0159367803551
0.0159167445739
0.0158964418003
0.0158756587015
0.01585519023
0.0158352371263
0.0158154798414
0.0157962274005
0.015777240716
0.0157570294602
0.0157378483148
0.0157182470625
0.0156982348994
0.0156784434409
0.0156588159724
0.0156393817055
0.0156199181123
0.0156006295302
0.0155814720167
0.015561939394
0.0155427622389
0.0155253495328
0.0155080683693
0.0154909611285
0.0154740576537
0.0154559717643
0.015436038472
0.0154189463604
0.0154004029074
0.0153814605621
0.0153624361872
0.0153431423363
0.015324068356
0.0153052303263
0.0152863779505
0.0152676331757
0.0152489221043
0.0152303035079
0.0152117912027
0.0151933112789
0.0151749580805
0.0151545609174
0.0151347717735
0.015114803017
0.0150951325508
0.0150749099903
0.0150541461175
0.0150324077411
0.0150097268867
0.0149879843353
0.0149670061488
0.0149463456465
0.0149258213676
0.014905415165
0.0148849698638
0.0148647834527
0.0148440881291
0.0148233541265
0.0148019865836
0.0147804868044
0.014759390463
0.0147376186174
0.0147160266433
0.0146949650314
0.0146742415153
0.0146556811004
0.0146397275571
0.0146249482655
0.0146079200155
0.0145910985991
0.0145741729994
0.0145572458988
0.0145403174464
0.0145236444735
0.0145074049824
0.0144910801298
0.014473868063
0.01445678434
0.0144410954373
0.0144316794002
0.0144200646879
0.0144072763114
0.014393986063
0.0143800450941
0.0143688503851
0.0143574977221
0.0143442507218
0.0143294717039
0.0143170932692
0.0143031651697
0.0142856421766
0.0142674375216
0.0142502670478
0.0142320736414
0.0142111056342
0.0141895728244
0.014169091107
0.0141493430706
0.01413135819
0.0141151464428
0.0141011903234
0.0140866660994
0.0140710896384
0.0140552037096
0.0140394236834
0.0140239001024
0.0140086524658
0.0139937731902
0.0139790578602
0.0139645663303
0.0139502532017
0.013935605054
0.0139214990387
0.0139080097941
0.0138947040078
0.0138809875486
0.0138668161675
0.0138530716338
0.0138395126977
0.0138252588456
0.0138107453428
0.0137962128902
0.0137817812952
0.0137675381582
0.0137535091238
0.0137397777853
0.0137266293063
0.0137138254537
0.0137012404679
0.0136873187862
0.0136650762072
0.0136450841961
0.0136275823866
0.0136094689667
0.0135910892858
0.0135726579216
0.0135552617424
0.0135385102171
0.0135223961406
0.0135060500293
0.013490011242
0.0134754967389
0.0134623213195
0.0134497630772
0.013437926505
0.0134262645992
0.013414537791
0.0134027244865
0.0133885235185
0.0133744557129
0.0133625898179
0.0133507677816
0.0133385293691
0.0133268311218
0.0133142582308
0.0133005921139
0.0132860402092
0.013270873404
0.0132553211794
0.0132394572969
0.0132227414161
0.0132056278546
0.0131876838663
0.0131667961266
0.0131462113006
0.01312639531
0.0131070920185
0.0130896219334
0.0130729744304
0.0130568372402
0.0130407927194
0.0130247170629
0.0130086355008
0.0129926175949
0.0129768029128
0.0129613729587
0.0129460261026
0.0129308055416
0.0129156760535
0.0129003978623
0.0128852808894
0.012870287481
0.012855448242
0.0128407471793
0.0128262092466
0.0128118719122
0.0127977400205
0.0127838044037
0.0127700559453
0.0127564846444
0.0127430790535
0.0127298299795
0.0127166415543
0.0127035478945
0.0126905321204
0.0126763168473
0.0126617295921
0.012647179156
0.0126327579291
0.0126180533938
0.0126026405522
0.0125864972689
0.0125709386058
0.0125558777754
0.0125412102743
0.0125268323585
0.0125123756968
0.0124975044776
0.0124826623214
0.0124679031356
0.0124532054125
0.0124370707094
0.0124209987359
0.0124050574953
0.0123892352104
0.0123732334901
0.0123570016312
0.01234001542
0.012322937033
0.0123059236622
0.0122882020712
0.0122700537083
0.0122521286044
0.0122344118007
0.0122163646423
0.0121981021646
0.0121798118158
0.0121617926661
0.0121440279607
0.0121265028941
0.0121092136949
0.0120921469043
0.0120750591938
0.0120580454269
0.0120413262702
0.0120248860668
0.0120087034337
0.0119925626896
0.0119766233405
0.0119603493803
0.0119440924466
0.0119278491216
0.0119109872136
0.0118944936022
0.0118783193105
0.011862441552
0.0118468469239
0.0118315256872
0.011816135328
0.0118003956536
0.0117850171011
0.011769853907
0.011754994122
0.0117404084466
0.0117257947285
0.0117113588639
0.0116971681956
0.0116831805267
0.0116692267804
0.0116554415044
0.0116417445339
0.0116282727241
0.0116150211844
0.0116019847551
0.0115891593673
0.0115763208775
0.0115636540697
0.0115511775772
0.0115388859037
0.0115267919837
0.0115148949226
0.0115031870509
0.0114916203095
0.0114802265725
0.0114688278207
0.0114572794828
0.0114458986766
0.0114346785482
0.0114236133078
0.0114126962354
0.0114019205742
0.0113912807962
0.0113807702114
0.0113703827197
0.0113599269249
0.0113490130498
0.0113377158001
0.011325691667
0.0113132701239
0.0113004862163
0.011287842501
0.0112753132464
0.0112628912916
0.0112505678367
0.0112383287393
0.0112261683397
0.0112140826459
0.0112020689014
0.011190124945
0.0111782497578
0.0111663840994
0.0111545897261
0.0111426930647
0.0111304585178
0.0111183432052
0.0111063453912
0.0110944635336
0.0110826968744
0.0110710464746
0.0110595146695
0.0110474695825
0.0110353313409
0.0110232319351
0.0110112751875
0.010999502912
0.0109879083117
0.0109764995153
0.0109652660874
0.0109542079812
0.0109433252417
0.0109323230025
0.0109202608798
0.0109085005367
0.0108970040468
0.0108856509633
0.0108745058189
0.0108635635576
0.010852819575
0.0108422694513
0.0108318010019
0.0108211588521
0.0108107286816
0.0108004962522
0.0107903819143
0.0107802719589
0.0107703371039
0.0107605828137
0.0107510005882
0.0107411849115
0.0107311474661
0.0107210959687
0.01071116029
0.0107014860341
0.0106920254556
0.0106827575801
0.0106736719947
0.0106647591804
0.0106560064284
0.0106473992338
0.0106386287271
0.0106299089403
0.0106213743196
0.010613000036
0.0106047742513
0.0105966483533
0.0105885508306
0.0105805909728
0.0105725972036
0.0105645309771
0.0105566119331
0.0105488243174
0.0105411593515
0.0105336108191
0.0105261737004
0.0105188729963
0.010511686857
0.0105045990733
0.0104976057911
0.0104907059946
0.010483895017
0.0104771678548
0.0104705225304
0.0104638936834
0.010457215106
0.0104506156281
0.0104440501846
0.0104374309444
0.0104308915438
0.0104244158267
0.0104180165316
0.0104116600033
0.010405360257
0.0103991028338
0.0103928406219
0.0103866510042
0.0103805286308
0.0103744406265
0.0103683971664
0.0103624145119
0.0103564914932
0.0103506265397
0.0103448186954
0.0103390666078
0.010333369195
0.0103277255141
0.0103221345825
0.0103165921411
0.0103111011802
0.0103056612718
0.0103002719708
0.0102949323782
0.0102896419963
0.0102844003487
0.0102792073012
0.010273549835
0.0102675533844
0.0102616813164
0.0102558930268
0.0102501764549
0.0102445264908
0.0102389406289
0.0102334159397
0.0102279507519
0.0102225433355
0.0102171930496
0.0102118984829
0.010206658522
0.0102014722094
0.0101962437181
0.0101908673267
0.0101855567644
0.0101803038375
0.0101751057468
0.0101699610213
0.010164869499
0.0101598294708
0.0101548399735
0.0101499001654
0.0101450092616
0.0101401663321
0.0101353705446
0.0101306139864
0.0101258491934
0.0101211356832
0.0101162242367
0.0101109175833
0.0101055284777
0.0101001893558
0.0100948989332
0.0100896561635
0.0100844621117
0.010079332087
0.0100742456758
0.0100692017415
0.0100641990493
0.0100592364582
0.0100541388036
0.0100487500286
0.0100434029063
0.010038101452
0.0100328419163
0.0100276217978
0.0100224395787
0.0100172880005
0.0100121686866
0.0100070826507
0.0100020287547
0.00999700626602
0.00999201373182
0.00998703767989
0.00998203898927
0.00997705317877
0.0099720996288
0.00996717616883
0.00996228108257
0.00995741287404
0.00995257022846
0.00994775196953
0.00994295705798
0.00993818446344
0.00993343333545
0.0099284218236
0.00992340052324
0.00991828337075
0.00991277515585
0.00990711922407
0.00990138458785
0.00989557828344
0.00988975708084
0.00988398105063
0.00987823676065
0.00987250769225
0.00986677789833
0.00986106150427
0.0098553532229
0.00984965178382
0.00984395493679
0.00983826063852
0.00983256717664
0.00982687313868
0.00982117732893
0.00981482643222
0.00980831251923
0.00980184455985
0.00979540671543
0.00978898211703
0.0097825220741
0.0097760228079
0.009769405075
0.00976264237241
0.00975580979621
0.00974896752707
0.00974211385505
0.00973478843391
0.00972735038262
0.00971993415544
0.00971252617167
0.00970512143173
0.00969771797205
0.0096902311491
0.00968274081653
0.00967525263205
0.00966776708048
0.00966028768029
0.00965281796816
0.00964534385898
0.0096378592286
0.00963038179155
0.00962205646873
0.00961350612105
0.00960499302163
0.00959651311157
0.00958806449199
0.00957887459373
0.00956963057409
0.00955999421903
0.00955037124347
0.00954085013385
0.00953096072741
0.00952100561893
0.00951120954656
0.00950152482051
0.00949195921638
0.00948251068092
0.00947316484188
0.0094639200803
0.00945477859817
0.00944554987951
0.00943645024242
0.00942745724535
0.00941807770451
0.00940855117555
0.0093991686831
0.00938990646676
0.00938075332074
0.00937170195539
0.00936274228984
0.00935387378861
0.00934509389894
0.0093363998723
0.00932763806582
0.00931848100796
0.00930948825379
0.00930062892307
0.00929188455732
0.00928324300158
0.00927467907738
0.00926620066941
0.00925780738317
0.00924949653084
0.00924126585786
0.00923311095804
0.00922503084699
0.00921702401943
0.00920908956789
0.00920109248983
0.00919302940778
0.00918505021175
