0.478874977347
0.469218820166
0.455470288301
0.421558304686
0.340034686851
0.296596540307
0.262441554421
0.229478839519
0.194642007681
0.124167253118
0.080461364015
0.0484456559081
0.0471460222387
0.0338665137152
0.0318892174754
0.028051606
0.0261840552687
0.024906335294
0.0239363626149
0.0232920826179
0.0228216345631
0.0224354866403
0.0221209179764
0.0218774737608
0.0216814612376
0.0214970854291
0.0213349044132
0.0211877769673
0.0210523398066
0.020929293172
0.0208173697933
0.0207140934089
0.0205995356161
0.0204864949385
0.0203788961682
0.0202774776811
0.0201813564461
0.0200963560012
0.0200037110096
0.0199043252506
0.0197957413467
0.0197048453212
0.0196134241142
0.0195353400215
0.0194516633935
0.0193756197983
0.0193045366872
0.01923142885
0.0191580656312
0.0190747428854
0.0189921076416
0.0189088986574
0.0188338394025
0.0187635186669
0.0186856028502
0.0185923593503
0.0184913449889
0.0183740837769
0.0182705434565
0.0181777835508
0.0180897661679
0.0180029836808
0.0179202121072
0.017842374634
0.0177667952218
0.0176881241225
0.0175775652074
0.0174505288988
0.0173470320225
0.0172585795735
0.0171809580469
0.0171107422546
0.0170388917935
0.0169655987728
0.016899161649
0.0168374289952
0.0167751177244
0.0167091072673
0.016645325735
0.0165845829468
0.0165278479479
0.0164737175916
0.0164191267273
0.0163651392745
0.0163141957358
0.0162656843355
0.0162187430182
0.0161724075988
0.0161263610348
0.0160794723324
0.0160217877981
0.0159656747088
0.0159131919342
0.0158592310893
0.0158074111807
0.015753525483
0.0156988757209
0.0156422288231
0.0155810339784
0.0155131111399
0.0154312871305
0.0153515623422
0.0152743365526
0.0152004931767
0.0151296830057
0.0150610678266
0.0149942028167
0.0149283806356
0.0148628642637
0.0148006006671
0.0147414914846
0.0146847454671
0.0146234664011
0.0145642355882
0.0145071274578
0.0144497865258
0.0143974993359
0.0143495283135
0.0143054558769
0.0142649772163
0.0142273684751
0.0141922489135
0.014154883997
0.0141190241401
0.0140857882063
0.0140546220228
0.0140252571362
0.013997727276
0.013971691861
0.0139466785599
0.0139230919927
0.0139008005907
0.0138796951217
0.0138596815337
0.0138406784274
0.0138226139815
0.0138054243188
0.0137890518074
0.0137734420435
0.0137585466085
0.0137443224602
0.0137306143608
0.0137174627995
0.0137047471501
0.0136924340248
0.0136806202595
0.013669285849
0.0136579491466
0.0136462798882
0.0136350233736
0.0136239742607
0.01361327339
0.0136028874137
0.013592212896
0.0135815369304
0.0135701193221
0.0135569463411
0.0135437232601
0.0135303261491
0.0135167178721
0.0135002235123
0.0134831292018
0.0134632830408
0.0134437270719
0.0134247334123
0.0134065078179
0.0133888741398
0.0133706464971
0.0133526342523
0.0133354348963
0.0133189598752
0.0133028592897
0.013287095498
0.0132718447617
0.0132571044566
0.013242856458
0.0132285221916
0.0132127688018
0.013197406758
0.0131823828271
0.0131676452921
0.0131529088666
0.0131382248209
0.013123787919
0.0131096728957
0.013095767199
0.0130814802861
0.013066287407
0.0130519069487
0.01303796001
0.0130242971697
0.013010984534
0.0129979906082
0.0129852597629
0.0129727296275
0.0129603360125
0.0129479961287
0.0129356139907
0.012921554244
0.0128985308171
0.0128764328546
0.0128557720881
0.0128341322654
0.0128127783508
0.012790534794
0.0127691658327
0.0127451556636
0.0127094528262
0.0126717241025
0.0126370821332
0.0125999322535
0.0125672617167
0.0125383935758
0.0125122971018
0.0124882965957
0.0124648420758
0.0124367575667
0.012411393955
0.0123876411058
0.0123653581293
0.0123442997389
0.0123244791784
0.0123057829393
0.0122881158005
0.0122713945835
0.0122549697227
0.0122381886221
0.0122222989313
0.012207163944
0.0121894391848
0.012170092447
0.0121517365342
0.0121337287321
0.0121161688281
0.0120993897606
0.0120833591844
0.0120663349709
0.012049560502
0.0120334770615
0.012018060847
0.0120033046414
0.0119890205992
0.011975343741
0.0119623125611
0.0119499114826
0.0119381185373
0.0119269094492
0.0119162573127
0.01190613552
0.0118961599324
0.0118865779758
0.0118774569506
0.0118687657984
0.0118604738148
0.0118525508913
0.0118449573559
0.0118376761813
0.0118306527041
0.0118238027381
0.0118172170885
0.011810758216
0.0118044915265
0.011798443825
0.011792600747
0.0117869499327
0.0117814805899
0.0117761832562
0.0117710035067
0.0117659462589
0.0117610443324
0.0117562872908
0.0117516677019
0.0117471851284
0.0117428350513
0.0117386129953
0.0117345145772
0.0117305353555
0.0117266721295
0.0117229176131
0.0117192717908
0.0117157309611
0.0117122916519
0.0117089504295
0.0117057039112
0.0117025487281
0.0116994815446
0.0116964990524
0.0116932130017
0.0116897190666
0.0116863779216
0.0116831478467
0.0116800209224
0.0116769914245
0.011674054059
0.0116712038233
0.0116684286548
0.0116655578926
0.0116627603513
0.0116600317818
0.0116573681765
0.0116547657325
0.0116522208318
0.0116497299849
0.0116472873358
0.011644795214
0.011642357031
0.011639966581
0.0116376204851
0.0116353156722
0.0116330492289
0.0116308184463
0.0116286206309
0.0116264531903
0.0116243138459
0.0116222002986
0.0116201103395
0.011618041844
0.0116159928005
0.0116139611954
0.0116119451156
0.011609942707
0.0116079505239
0.0116059614578
0.0116039802622
0.0116020056329
0.0116000359249
0.0115980695211
0.0115961048298
0.0115941402801
0.0115921743159
0.011590205393
0.0115882317111
0.0115862518971
0.0115842645159
0.0115822107014
0.0115796922667
0.0115771654166
0.0115746284388
0.0115720795929
0.0115695169237
0.01156693882
0.0115643431129
0.0115616862503
0.0115590076097
0.0115563052473
0.0115535479701
0.011550745701
0.0115479136368
0.0115450498445
0.0115421521535
0.0115392183168
0.0115362459374
0.0115332326823
0.011530176246
0.0115270741917
0.0115239240428
0.0115207163389
0.011517442878
0.0115141144965
0.0115107285893
0.0115072811346
0.0115037689693
0.0115001915369
0.0114963001423
0.0114921186508
0.0114878509137
0.0114834965449
0.0114789702154
0.0114742957274
0.0114695260174
0.0114646600109
0.0114596971421
0.0114546374182
0.011449385784
0.0114439735991
0.0114384763845
0.0114328966597
0.0114272371548
0.0114214976688
0.0114156870778
0.011409811689
0.0114038776562
0.011397885656
0.0113918396806
0.0113857552357
0.0113796396279
0.0113734999769
0.0113673400312
0.0113611497456
0.0113549406546
0.011348729666
0.0113425233096
0.0113363244219
0.0113301349432
0.0113239414657
0.0113177031139
0.0113114724072
0.0113052479916
0.0112990276154
0.0112928084563
0.011286587191
0.0112803603081
0.0112739261897
0.0112671245622
0.011260235542
0.0112533166168
0.0112463657165
0.0112393790788
0.0112322444686
0.0112250032348
0.011217712976
0.0112103235505
0.0112028563057
0.0111953369173
0.0111877715631
0.0111798538033
0.0111714936027
0.011163027309
0.0111542151402
0.0111453028934
0.0111362111208
0.011127042451
0.0111177915565
0.0111084516034
0.011099012554
0.0110894614131
0.0110796951073
0.0110691186562
0.0110583814147
0.0110474567139
0.0110363144992
0.0110248666988
0.0110130333211
0.0110007091075
0.0109879964731
0.0109747645226
0.0109603655964
0.0109450699828
0.0109292729546
0.0109128393151
0.0108951346497
0.0108762031085
0.010856419242
0.0108354028068
0.0108136756471
0.0107908109002
0.0107662977619
0.0107388365575
0.0107104714859
0.0106811498332
0.0106478144439
0.0106141530026
0.0105786505192
0.0105421790761
0.0105053643743
0.0104683074964
0.0104312990636
0.0103941373434
0.0103546210185
0.0103124926106
0.0102693979604
0.0102260625707
0.0101815553664
0.0101352719599
0.0100897128329
0.0100463708738
0.0100052162576
0.00996554783582
0.00992725078165
0.00988933341998
0.0098503076134
0.00980786317971
0.00976563445405
0.00972379980629
0.00968284555733
0.00964322662652
0.00960542845856
0.00956711315918
0.00952990398814
0.00948900342849
0.00944736783973
0.00940701706411
0.0093682382954
0.00933158044882
0.00929643610413
0.00926239905473
0.00922938747736
0.00919752009737
0.00916766554859
0.00914036684458
0.00911368797328
0.00908726356829
0.00906110415731
0.00903446454542
0.0090072848409
0.00898037228407
0.00895395402159
0.00892783201334
0.00890185791703
0.00887596326794
0.00885009292955
0.00882446596027
0.00879910484091
0.00877405022682
0.00874933144401
0.00872494901753
0.00870095437039
0.0086773905829
0.00865424223021
0.00863160727579
0.00860955303084
0.00858799556386
0.00856695660029
0.00854644765231
0.00852640171358
0.00850635016104
0.00848684704107
0.00846781864772
0.00844904060623
0.00843046774635
0.00841261185337
0.00839545769073
0.00837897758342
0.00836307705297
0.00834774900436
0.00833295485778
0.008318672246
0.00830483164681
0.00829140519657
0.00827836373596
0.0082656806915
0.00825313441926
0.00824064604311
0.00822845053142
0.00821650624264
0.00820484740681
0.00819343421841
0.00818212916449
0.0081709520972
0.00815896404721
0.00814484542178
0.00813141920031
0.00811844730791
0.00810548027005
0.0080926954692
0.00808024308896
0.0080680407778
0.00805605314649
0.00804425779392
0.0080324119629
0.00802023021136
0.00800840000692
0.00799677762266
0.00798538796369
0.00797416786055
0.00796308412751
0.00795214584452
0.00794135413986
0.00793067411853
0.00792013462567
0.00790971514312
0.00789939288548
0.0078891636279
0.00787903194518
0.0078689906499
0.00785908523183
0.00784931118938
0.00783943966751
0.00782962154055
0.00781986913931
0.00781017942445
0.00780047805109
0.00779032486414
0.00778030130903
0.00777037217532
0.00776057438756
0.00775104428974
0.0077415793758
0.00773217655232
0.00772269179621
0.00771297292285
0.00770330873089
0.00769370074717
0.00768414849519
0.00767465174897
0.00766518431967
0.00765576580163
0.00764640451445
0.0076369842264
0.00762768160544
0.0076184563937
0.00760930549108
0.00760025448561
0.007591280324
0.00758237976204
0.00757355266064
0.00756479903335
0.00755611929137
0.00754751426565
0.00753898458694
0.00753047823656
0.00752203693912
0.00751366601799
0.00750539364385
0.00749724159277
0.0074891732778
0.00748118755952
0.00747328378212
0.0074654572377
0.00745770531936
0.00745003316111
0.00744244058375
0.00743493041071
0.00742727372327
0.00741968414661
0.00741217988495
0.00740475817321
0.00739741404866
0.00739014985681
0.00738296476368
0.007375911275
0.00736893788255
0.00736203827453
0.00735521177315
0.00734845703851
0.0073417726498
0.00733515749691
0.00732861179413
0.00732213802605
0.00731573005145
0.00730938671638
0.00730310693191
0.00729656366928
0.0072899337647
0.00728339132722
0.00727692735792
0.00727053496334
0.00726390952301
0.00725735502172
0.00725089216986
0.00724453169747
0.0072382393961
0.0072320117821
0.00722586555541
0.00721978674993
0.00721378912651
0.00720778705167
0.00720183788966
0.00719594533684
0.00719010723965
0.00718432260511
0.00717856163971
0.00717212183001
0.00716556887582
0.00715914337047
0.00715282691971
0.00714661145982
0.0071404756894
0.00713441917028
0.00712842877726
0.00712250206101
0.00711657696849
0.00711063216384
0.00710475326014
0.00709894115804
0.00709318846977
0.00708749330314
0.00708185304534
0.00707597110047
0.00706949423658
0.00706320102463
0.0070565131572
0.00704983630271
0.00704333192576
0.00703695993154
0.0070307313222
0.00702480559778
0.00701894582619
0.00701315027941
0.00700717430376
0.0070010967832
0.0069946841956
0.00698842025179
0.00698227943804
0.00697595985235
0.00696969477106
0.00696357761533
0.00695756617573
0.00695164472801
0.00694580327333
0.00694003540647
0.0069343363329
0.00692877939515
0.00692331152001
0.00691790229118
0.0069125492478
0.00690725049917
0.00690200453395
0.00689681025486
0.00689166890254
0.00688658134394
0.00688142436169
0.00687597046133
0.00687059221349
0.00686528237658
0.00686004041907
0.0068548617279
0.00684973897781
0.00684467097685
0.00683965895396
0.00683469883738
0.00682979207217
0.0068249392542
0.0068201348177
0.00681538014605
0.00681067254448
0.00680601083841
0.0068013945292
0.00679682240981
0.0067923871333
0.0067880624075
0.00678380664578
0.00677960822953
0.00677545968095
0.00677135109831
0.00676728187198
0.00676325181665
0.00675925942714
0.00675527732769
0.00675132331907
0.00674743093709
0.00674357551616
0.00673975538755
0.00673596972363
0.00673221729678
0.00672849721609
0.00672480876087
0.00672115129235
0.0067175242283
0.00671392700788
0.00671035916715
0.00670682050321
0.00670331020489
0.00669982780552
0.0066963728519
0.00669294492391
0.00668954358599
0.00668616843014
0.00668281915391
0.0066794952324
0.00667619483646
0.00667291774795
0.00666968874988
0.00666647151658
0.00666298650384
0.00665954872833
0.00665615121331
0.00665278981525
0.00664945861469
0.00664615585821
0.00664288019217
0.00663926527923
0.00663558016919
0.00663196461624
0.00662856237833
0.00662522088969
0.00662190416851
0.00661861243756
0.00661534410581
0.00661209868027
0.00660887569037
0.00660567483429
0.00660249590337
0.00659933832712
0.00659619966748
0.00659308016996
0.00658998237556
0.00658690531646
0.00658384788456
0.00658080978244
0.00657779071177
0.00657479039154
0.00657180855173
0.00656884490859
0.00656589920019
0.00656297099323
0.00656005848387
0.00655715252142
0.00655426619423
0.00655139707227
0.00654854464359
0.00654570865145
0.00654288901258
0.00654008562686
0.00653729805609
0.00653452611225
0.0065317696392
0.00652902846818
0.0065263024271
0.00652359127383
0.00652089486723
0.00651823897267
0.00651562878748
0.0065130436587
0.00651048569483
0.00650795690968
0.00650537157684
0.0065027868928
0.00650022901466
0.00649769697844
0.0064951894579
0.00649270221942
0.00649023261806
0.00648777900729
0.00648534032963
0.00648291561621
0.00648050466542
0.00647810722424
0.00647572311213
0.0064733522147
0.00647099446352
0.0064686498188
0.00646631826182
0.00646399979459
0.00646169447146
0.00645940232362
0.00645712334072
0.00645485757362
0.00645260505094
0.00645036582226
0.00644813712962
0.00644580399447
0.00644311332855
0.00644048532381
0.00643790301244
0.0064351292312
0.00643213471791
0.00642922868455
0.00642638962299
0.00642360364608
0.00642085977155
0.00641815265851
0.0064154790725
0.00641283690662
0.00641022483406
0.00640764182781
0.00640508720802
0.00640256045568
0.00640006085864
0.00639758838009
0.00639514275517
0.00639272372737
0.00639033105626
0.00638796450997
0.00638562386126
0.00638330886581
0.00638101929914
0.00637875500768
0.00637651570059
0.00637430966351
0.0063721516744
0.0063700236721
0.00636792661495
0.00636586028921
0.00636382674486
0.00636182208798
0.00635984569092
0.00635789779096
0.0063559497655
0.00635400034245
0.00635207215337
0.00635016491379
0.00634827834411
0.00634641216867
0.00634456611481
0.00634267941944
0.00634057978963
0.00633865189535
0.00633676740971
0.00633490831748
0.00633307176375
0.00633125701532
0.00632946364675
0.00632769129103
0.0063259395792
0.00632420814636
0.00632249664475
0.00632080475324
0.00631913213001
0.00631747845135
0.00631584339817
0.00631422664629
0.00631262788402
0.00631104680464
0.00630948310669
0.00630793649362
0.0063064066732
0.00630489335688
0.00630335176964
0.00630177283395
0.00630021495284
0.0062986758287
0.00629715397528
0.00629564840311
0.00629415812871
0.00629268191489
0.00629121968286
0.00628976820629
0.00628831978168
0.00628688534615
0.00628545951476
0.00628404511374
0.00628264401223
0.00628125596015
0.00627988071606
0.00627851804484
0.00627716752813
0.00627582911836
0.0062745025951
0.00627318773941
0.00627188432802
0.0062705921559
0.00626931102449
0.00626804073264
0.00626678108297
0.00626553188154
0.00626429293803
0.00626306406531
0.00626184507925
0.0062606357991
0.00625943633535
0.0062582457801
0.00625701109167
0.00625581544782
0.00625465356927
0.00625350096644
0.00625235727734
0.00625122222127
0.00625009558149
0.0062489771658
0.00624786680488
0.00624676432695
0.00624566958054
0.00624458240708
0.00624350269016
0.00624243029998
0.00624136505021
0.00624030680135
0.00623925541661
0.00623821075463
0.00623717267517
0.00623614106313
0.00623511579606
0.00623409674194
0.00623308377676
0.00623207677849
0.00623107562668
0.0062300802024
0.0062290903888
0.00622810607119
0.00622712713618
0.00622615347397
0.00622518497229
0.0062242214199
0.00622326266536
0.00622230874523
0.00622135955478
0.00622041499112
0.00621947495153
0.00621853934036
0.00621760805217
0.00621668098862
0.0062157580421
0.00621483912082
0.00621392411151
0.0062130129359
0.006212105512
0.0062112017486
0.0062103015556
0.00620940484392
0.00620851154144
0.00620762155007
0.00620673477851
0.00620585092364
0.00620496980049
0.00620409163923
0.00620321626653
0.00620234365732
0.00620147376513
0.00620060651
0.00619974181315
0.00619887959582
0.0061980197839
0.00619716244543
0.00619630740822
0.00619545454578
0.00619460378626
0.00619375505294
0.00619290827
0.00619206336417
