0.223693404719
0.207795449046
0.192339355102
0.181168985964
0.172913209198
0.165256497916
0.158915498503
0.153851023587
0.149408313002
0.145953326528
0.143423863294
0.141621639078
0.139928184702
0.138529135189
0.137278458784
0.136123341558
0.134991204623
0.133903002951
0.132853126557
0.131820766361
0.13079798281
0.129793368794
0.128795578156
0.127813296587
0.126831278369
0.12585680965
0.12490291454
0.12396096346
0.123031736407
0.122111971824
0.121193508018
0.120289184957
0.119397630242
0.118518474045
0.117649348713
0.116789496067
0.115933231098
0.115086895446
0.114247748787
0.113412656767
0.112587170991
0.111776925009
0.110977131026
0.110189181699
0.109415352644
0.108652108904
0.107896226154
0.107149175797
0.106409251662
0.105676766663
0.104951567744
0.104236728348
0.103532597161
0.102838549595
0.102154481782
0.101480945221
0.100818799441
0.100167754584
0.0995260573464
0.0988931869726
0.0982682801943
0.0976532776046
0.0970457429239
0.0964449913273
0.0958509656444
0.0952620963794
0.0946786411573
0.0941016604
0.0935317911877
0.0929682334261
0.0924119857449
0.0918629835646
0.0913216357435
0.0907863195767
0.0902575855248
0.0897333103253
0.0892146767905
0.0887012063499
0.0881944875207
0.0876936056826
0.0871967589593
0.08670283142
0.0862128859368
0.0857272832769
0.0852488076893
0.0847749728078
0.0843068873899
0.0838440308742
0.0833841485558
0.0829272789019
0.0824744495888
0.0820243728688
0.0815770313358
0.0811327060168
0.0806914705835
0.0802558944795
0.0798247561378
0.0793977025869
0.0789764399539
0.0785583023921
0.0781429351116
0.0777310383025
0.0773231252375
0.0769203889662
0.0765221708633
0.0761292765477
0.0757394855619
0.0753533067933
0.0749709790023
0.0745925111074
0.0742189632864
0.0738507017589
0.0734870794416
0.0731297638285
0.0727758794154
0.0724255181293
0.0720803018554
0.0717397278671
0.07140426426
0.0710729768035
0.0707451478795
0.0704213118565
0.0701007356639
0.0697841409522
0.0694717847189
0.0691637995638
0.0688593538445
0.0685575129167
0.0682589536558
0.0679639463656
0.0676723694024
0.0673839096013
0.0670985577413
0.0668174141623
0.0665392607568
0.0662645611932
0.065992553659
0.0657236443841
0.065457678719
0.0651942157732
0.0649338258418
0.0646768697223
0.0644222588981
0.0641697321921
0.0639202371273
0.0636721585545
0.0634264782785
0.0631826184415
0.0629400033467
0.0626984025348
0.0624582360019
0.0622198116347
0.0619826078659
0.0617465097545
0.0615117859203
0.0612786675252
0.0610475410425
0.0608179942829
0.0605894308306
0.0603620585185
0.0601360198009
0.059911415845
0.0596894605174
0.0594698920314
0.0592526152918
0.0590373492208
0.0588240850405
0.058612496309
0.0584021300717
0.0581930968941
0.0579850604221
0.0577787479151
0.0575743269767
0.0573721956808
0.0571721480508
0.0569740265658
0.0567778883173
0.0565830634871
0.0563897259676
0.056197661005
0.0560069029227
0.0558175314256
0.0556304371039
0.055445916154
0.0552629831902
0.0550813534593
0.0549007482252
0.0547219603619
0.054544631633
0.0543689234457
0.0541947785815
0.0540224831288
0.053851652938
0.0536821485653
0.0535138358325
0.0533468815978
0.0531814886139
0.0530175583356
0.0528550556833
0.0526940482053
0.0525348394789
0.0523771478466
0.0522207768586
0.0520657636673
0.0519120894767
0.0517597048534
0.0516084961959
0.0514593290249
0.0513118541978
0.0511658623641
0.0510212950866
0.0508783947463
0.0507371328625
0.0505971190581
0.0504586980846
0.0503218309156
0.050186199511
0.0500517650385
0.0499184239992
0.0497860739038
0.0496548842522
0.0495247094336
0.049395485088
0.0492670562522
0.0491394730699
0.0490129407441
0.0488874668558
0.0487627674916
0.0486391767827
0.0485165173126
0.0483951361211
0.0482746397598
0.0481551645779
0.0480365758438
0.0479188004096
0.0478020053522
0.0476863395649
0.0475713837446
0.0474571026525
0.0473433181506
0.0472301842333
0.0471178549204
0.0470062522283
0.0468953294696
0.0467851632344
0.04667579033
0.0465672846207
0.0464595068664
0.046352417261
0.0462460072825
0.0461401808987
0.0460350136081
0.0459304850029
0.0458266280176
0.0457237755703
0.0456219576406
0.0455209436662
0.0454204224725
0.045320467267
0.0452210891579
0.0451222890376
0.0450239787598
0.0449260916749
0.0448287071953
0.0447318520376
0.0446357190144
0.0445399933891
0.0444447367741
0.044350217743
0.0442561386174
0.0441625493644
0.0440694000187
0.0439769541472
0.043885111817
0.0437938108539
0.0437028757439
0.0436124777744
0.0435226224287
0.0434332975918
0.0433445454944
0.0432563142403
0.0431685279149
0.0430811909698
0.0429942426748
0.04290773138
0.0428217295611
0.0427361935193
0.0426511732629
0.0425668096367
0.0424829370602
0.042399520213
0.0423165893021
0.0422341364911
0.0421520982725
0.0420705135563
0.0419895853157
0.0419091873648
0.0418292196131
0.0417495103328
0.0416703556491
0.0415917262948
0.0415135714573
0.0414359550009
0.041358979371
0.0412824564622
0.0412064432108
0.0411312206509
0.0410564338129
0.0409820711177
0.0409081171362
0.0408346572511
0.0407616462591
0.0406890489217
0.0406167799469
0.0405447008252
0.0404730885968
0.0404020216144
0.0403314430707
0.0402613434629
0.0401916801222
0.0401224123895
0.0400536467747
0.0399854095304
0.0399176788707
0.0398504051978
0.0397834064635
0.0397167898289
0.0396507109924
0.0395850114875
0.0395196854603
0.039454744746
0.0393901605625
0.0393258930067
0.0392620153733
0.0391985600867
0.0391355718564
0.0390730775009
0.0390109583437
0.0389491761747
0.0388877557981
0.0388267092555
0.0387661261737
0.0387060351672
0.0386463091377
0.0385869418986
0.0385279287529
0.0384693202043
0.0384111294576
0.0383532009252
0.0382954328147
0.0382379297719
0.0381807879708
0.0381241474298
0.0380678624057
0.0380119270446
0.0379564023493
0.0379012395711
0.0378463726837
0.0377917518715
0.0377375112378
0.0376835287826
0.0376298618547
0.037576513614
0.0375233408055
0.0374703655617
0.037417742946
0.0373654416511
0.037313441688
0.037261827233
0.0372105452614
0.0371595315919
0.0371087934792
0.0370583345347
0.0370081742146
0.0369583164736
0.0369087158653
0.0368594414732
0.0368105402777
0.0367619524711
0.0367136549726
0.0366656749483
0.0366179497133
0.0365704758629
0.0365232499653
0.0364762871896
0.0364295614341
0.0363831106453
0.0363369147764
0.0362910697721
0.0362456464464
0.0362005005523
0.0361555945039
0.0361109720278
0.0360666454335
0.0360225080629
0.0359786007088
0.035934923238
0.0358915163595
0.0358483693488
0.035805341944
0.0357624601388
0.0357197935892
0.0356773415827
0.0356351100072
0.0355930965971
0.0355513358429
0.0355098106612
0.0354685220836
0.0354274827126
0.0353866611593
0.0353460482632
0.0353056914363
0.0352655544677
0.0352256008719
0.0351857686919
0.0351460171223
0.0351063738001
0.0350669266895
0.0350276763883
0.0349886225574
0.034949766953
0.0349111078046
0.0348726291883
0.0348343223932
0.0347962783883
0.0347584287194
0.0347207535181
0.0346832326939
0.0346459308611
0.0346087946716
0.0345718327074
0.0345350463903
0.034498417604
0.0344619475974
0.0344256493039
0.0343895210821
0.0343535472594
0.0343177763811
0.0342821658943
0.034246725595
0.0342114476203
0.0341763301056
0.0341413850513
0.034106646518
0.034072063701
0.0340376337227
0.0340033729986
0.0339692807412
0.0339353333226
0.0339015022154
0.0338678246906
0.033834298961
0.0338009670376
0.0337677219388
0.0337345790346
0.0337015767835
0.0336687198609
0.0336360411944
0.0336035289296
0.0335712177633
0.033539059458
0.0335070327978
0.0334751360792
0.0334433719116
0.0334117391735
0.0333802369134
0.0333488641516
0.0333176199206
0.0332865032677
0.0332555132529
0.0332246489468
0.0331939100492
0.0331633175291
0.0331328470938
0.0331024626416
0.0330721776066
0.033042010027
0.0330119625893
0.0329820351011
0.0329522265036
0.0329225595229
0.0328931084193
0.0328637774245
0.0328345598018
0.0328054839178
0.0327765192476
0.0327476703593
0.032718950412
0.0326903383319
0.0326618333048
0.032633434531
0.0326051812718
0.032577041149
0.0325490041084
0.0325210610401
0.0324931913256
0.0324654157492
0.0324377364356
0.0324101576567
0.0323827023434
0.0323553483804
0.0323280923499
0.0323009333925
0.0322738707216
0.0322469214214
0.0322200993235
0.0321933708522
0.0321667349567
0.0321401908053
0.032113737648
0.0320873748127
0.0320611016461
0.0320349707282
0.0320089329625
0.0319829817744
0.0319571571793
0.0319314846336
0.0319058867539
0.0318802921598
0.0318547534827
0.0318292961603
0.0318039042527
0.0317785755225
0.0317533081047
0.0317281323776
0.0317030598536
0.0316780780458
0.0316531580961
0.0316283350334
0.0316035899297
0.031578921398
0.0315543285012
0.0315298139449
0.0315053779496
0.0314810147085
0.0314567205336
0.0314324993919
0.0314083491168
0.0313841947587
0.0313601028389
0.0313360874236
0.0313121462343
0.0312882663406
0.0312644607717
0.0312407282502
0.0312170676199
0.0311934778874
0.0311699557897
0.0311464770284
0.0311230516672
0.0310996756333
0.0310763654883
0.0310531068092
0.0310298626326
0.0310066094568
0.0309834080085
0.0309602363937
0.0309371349028
0.0309141035715
0.0308910730966
0.0308681330959
0.0308452756182
0.0308223990479
0.0307995651589
0.0307768040331
0.0307541118081
0.0307313227708
0.0307086033262
0.0306859804176
0.0306634413871
0.0306409787673
0.0306185262505
0.0305960871402
0.0305737137557
0.0305514218431
0.0305292042282
0.0305070504682
0.0304850350871
0.0304631166398
0.0304412492267
0.0304194321143
0.030397632855
0.0303758230326
0.0303540784547
0.0303323896865
0.0303107570043
0.0302891774274
0.0302676148948
0.0302461007304
0.0302246516902
0.03020326614
0.0301819428988
0.0301606045337
0.0301392078674
0.03011787207
0.0300966008674
0.0300753923472
0.0300541104853
0.0300328923326
0.0300117484052
0.0299906731633
0.0299696805772
0.0299487523558
0.0299278833209
0.0299070725398
0.0298863324666
0.0298656508637
0.0298450190247
0.0298244361617
0.0298039105243
0.0297834404398
0.0297630253902
0.0297426650454
0.0297223591408
0.0297021043288
0.0296819025267
0.0296617545853
0.0296416674336
0.0296216341197
0.0296016458111
0.0295816905893
0.0295617876041
0.0295419242289
0.0295221069291
0.0295023532883
0.0294826763276
0.029463054662
0.0294434881107
0.029423976586
0.0294045428749
0.0293851667258
0.0293658478476
0.0293465872332
0.0293273220548
0.0293081012562
0.0292889469511
0.0292698233187
0.0292507790879
0.0292317872625
0.0292128473751
0.0291939532704
0.0291750838105
0.0291562670126
0.0291375110552
0.0291188314178
0.0291002396188
0.0290816785726
0.0290631660044
0.0290447115835
0.0290263150179
0.02900797606
0.0289896944933
0.0289714701246
0.0289533029186
0.0289351926074
0.0289171389906
0.0288991419209
0.0288812012522
0.0288633168393
0.0288455033791
0.0288277542097
0.0288100607267
0.0287924227706
0.0287748401745
0.0287573127636
0.0287398403815
0.0287224499133
0.0287051135829
0.0286878556153
0.0286706537746
0.0286534905517
0.0286363799739
0.0286193218599
0.0286023157538
0.0285853484667
0.0285684207404
0.0285515455425
0.0285347225674
0.028517951511
0.028501229594
0.0284845567318
0.0284679557377
0.0284514092353
0.0284348217257
0.0284182826091
0.0284017913732
0.0283853280763
0.0283689026251
0.0283525134511
0.0283361539995
0.0283198165803
0.0283033646209
0.0282869614951
0.0282706068383
0.028254314463
0.0282380129853
0.0282217729795
0.0282056005607
0.0281894756419
0.0281733985802
0.0281573696942
0.0281413792098
0.0281254268651
0.028109527096
0.0280936836741
0.0280778822619
0.0280621247545
0.0280464108509
0.0280307402156
0.0280151125247
0.0279995274658
0.027983976315
0.0279684619961
0.0279529749511
0.0279375338693
0.0279221157707
0.0279067294363
0.0278913855079
0.0278760923233
0.0278608457141
0.0278456403028
0.0278304582243
0.0278153129304
0.0278001999851
0.0277851226117
0.0277700644149
0.0277550435043
0.027740064318
0.0277251353476
0.0277102550338
0.0276954156882
0.0276806229719
0.0276659024996
0.0276512317808
0.0276365631813
0.0276219487591
0.0276073909125
0.0275928741367
0.0275783188562
0.0275637132759
0.0275490544694
0.0275344310923
0.0275198363064
0.0275052845384
0.0274907752292
0.027476307902
0.0274618821314
0.0274474975397
0.0274331537878
0.0274188505696
0.0274045876079
0.0273903646668
0.0273761940741
0.0273620704805
0.0273479807454
0.0273339088871
0.0273198765908
0.0273058837153
0.0272919304586
0.0272780148106
0.0272641216887
0.0272502652154
0.0272364483929
0.0272226709794
0.0272089327564
0.027195233522
0.0271815732331
0.0271679594404
0.0271543883528
0.0271408554586
0.02712736119
0.0271139047687
0.0271004810784
0.0270870636137
0.0270736504995
0.0270602515804
0.0270468932574
0.0270335749286
0.0270202962086
0.0270070567448
0.0269938562401
0.026980694727
0.0269675940032
0.0269545285341
0.0269414948855
0.0269284983327
0.0269155359677
0.0269026077947
0.0268897158977
0.0268768600416
0.0268640401103
0.0268512435406
0.0268384896314
0.0268257786756
0.0268131030563
0.0268004633335
0.0267878583817
0.0267752878959
0.0267627516413
0.0267502493906
0.0267377886251
0.0267253722106
0.0267129889589
0.0267006385603
0.0266883207661
0.0266760351429
0.0266637815928
0.0266515671631
0.0266393791253
0.0266272226396
0.0266150975131
0.0266029720433
0.0265908482986
0.0265787536953
0.0265666728464
0.0265546212766
0.0265426007995
0.0265306112157
0.0265186654672
0.0265067508904
0.0264948531212
0.0264829846385
0.0264711462871
0.0264593372533
0.0264475009777
0.0264356863563
0.026423906095
0.0264121597705
0.0264004436887
0.0263887443616
0.0263770646426
0.0263654149342
0.0263537947751
0.0263422030804
0.0263306410439
0.0263191107811
0.0263076041491
0.0262961289151
0.0262846883275
0.0262732756876
0.026261890702
0.0262505318781
0.0262391999929
0.0262278950984
0.0262166170119
0.0262053655998
0.0261941406436
0.0261829542657
0.0261718242494
0.0261607229941
0.026149660326
0.026138618677
0.0261275996435
0.0261166052902
0.0261056353893
0.0260946897439
0.0260837682078
0.0260728705692
0.0260619966618
0.0260511406165
0.0260402697259
0.026029395371
0.0260185409108
0.0260077106242
0.0259969039155
0.0259861171239
0.0259753414841
0.0259645874692
0.0259538544865
0.0259431364048
0.0259324419955
0.0259217710002
0.0259111231843
0.0259004703419
0.025889811403
0.0258791864804
0.0258685881153
0.0258579982257
0.0258472445613
0.0258365088342
0.0258257830703
0.0258150629565
0.0258043708315
0.0257937100681
0.0257830677344
0.0257724472429
0.0257618474524
0.02575125008
0.0257406745088
0.0257301106061
0.025719549289
0.025708981275
0.0256984370039
0.0256879136953
0.0256774109359
0.0256669153956
0.0256564396108
0.0256459813605
0.0256355393106
0.0256251073717
0.0256146913177
0.0256042771178
0.0255938666568
0.0255834618756
0.0255730662027
0.0255626872069
0.0255523128791
0.0255419567123
0.0255316228628
0.0255213135062
0.0255110250143
0.0255007569908
0.0254905020012
0.0254802581692
0.0254700347835
0.0254598315831
0.0254496483258
0.0254394847822
0.0254293407371
0.0254192229772
0.0254090099408
0.0253987318022
0.0253884794135
0.0253782452582
0.0253680139866
0.025357802228
0.0253476129517
0.0253374466968
0.0253272991972
0.0253171751294
0.0253070699092
0.0252969780069
0.0252869146315
0.0252768752626
0.0252668537468
0.0252568449122
0.0252468441361
0.025236861195
0.0252269057971
0.0252169797151
0.0252070709618
0.0251971752839
0.0251872996116
0.025177442663
0.0251676022311
0.0251577781604
0.0251479677741
0.0251381561978
0.0251283599488
0.0251185763276
0.0251088024529
0.0250990439901
0.0250893008388
0.0250795731404
0.0250698607546
0.0250601637199
0.0250504939162
0.0250408388565
0.0250311987155
0.0250215734059
0.0250119479781
0.0250023270816
0.0249927205939
0.024983123946
0.0249735398064
0.0249639699403
0.0249544080731
0.0249448545114
0.0249353097859
0.0249257792652
0.0249162609869
0.0249067550061
0.0248972503485
0.0248877598705
0.0248782819231
0.0248688190072
0.024859372186
0.0248499311441
0.0248405106621
0.0248310380819
0.0248215053341
0.0248119819425
0.0248024726637
0.0247929752932
0.0247834906591
0.0247740230597
0.0247645655964
0.0247551251683
0.0247457013546
0.0247362937873
0.0247269021422
0.0247175261324
0.0247081655035
0.0246988169942
0.0246894733132
0.0246801452222
0.0246708212643
0.0246615113512
0.0246522161954
0.0246428867696
