0.592664763858
0.424440345881
0.258261236393
0.157399266719
0.137397897383
0.125743753838
0.117603928566
0.110437180531
0.103456700513
0.0956830894289
0.0881341608291
0.0789581411819
0.0717650209859
0.0655066072201
0.0582323395669
0.0513565864059
0.0450122115762
0.0383907485881
0.0329017775466
0.028500642595
0.0247604444609
0.0221609732635
0.02040529162
0.0193632982757
0.0186877316325
0.0182120710855
0.0178451926728
0.0175548211832
0.0173097938922
0.0170926293659
0.0169069380514
0.0167441957786
0.0166055344232
0.0164843872068
0.0163791150046
0.0162879371908
0.0162113602161
0.0161453661654
0.0160881098313
0.0160381859422
0.0159931208215
0.0159511099836
0.0159118621647
0.0158736090232
0.0158364686382
0.0157996204196
0.0157622020676
0.0157251032524
0.0156882027716
0.0156506856934
0.0156134991326
0.015574218934
0.0155337833868
0.0154940680679
0.0154550146187
0.01541400733
0.0153737349375
0.0153339873213
0.0152943806489
0.0152553853444
0.0152163633147
0.0151781841147
0.0151410440024
0.0151045068505
0.0150677904912
0.0150314110591
0.0149932395765
0.0149558264225
0.0149182111734
0.0148811552128
0.0148443316803
0.0148087690227
0.0147743926181
0.0147404734239
0.014707307654
0.0146751989032
0.0146439359497
0.0146133894742
0.0145835270653
0.0145539979336
0.0145241269838
0.0144950761342
0.0144668248576
0.0144393629519
0.0144110060313
0.0143830259366
0.0143551614456
0.0143281072797
0.014301744786
0.0142760599293
0.0142510013481
0.0142264967682
0.0142022667804
0.0141781528345
0.0141541261967
0.0141303510172
0.0141063200422
0.0140818048722
0.0140578194261
0.0140343135092
0.0140112511697
0.013988625436
0.0139663530854
0.0139445010037
0.0139230611989
0.0139019958313
0.013881303944
0.013861002987
0.0138410175829
0.0138211036942
0.0138011891781
0.0137815406426
0.0137621744899
0.0137430570931
0.0137242084383
0.0137055906362
0.0136872281214
0.0136691138387
0.0136512421087
0.0136336301507
0.0136162699623
0.0135991346968
0.0135822151592
0.0135655129721
0.0135490195049
0.0135327452841
0.0135164214838
0.0134995859686
0.013482995671
0.0134666334478
0.013450483778
0.0134345508236
0.0134188033797
0.0134032004402
0.013387781666
0.0133725682535
0.013357540343
0.0133425574527
0.0133276537766
0.0133129575776
0.0132984677055
0.0132841822088
0.0132700618598
0.0132561394572
0.0132424126044
0.0132288787624
0.013215526148
0.0132023304221
0.0131893236294
0.0131765044742
0.0131638685199
0.0131513252246
0.0131387124599
0.0131262802533
0.0131140141636
0.0131016937525
0.0130884362693
0.0130751349059
0.0130620107264
0.0130490541303
0.0130362592059
0.0130234720106
0.0130107047282
0.0129980945614
0.0129855902343
0.0129729771299
0.0129592329926
0.0129457780482
0.0129322363964
0.0129188874134
0.0129057039722
0.0128926592867
0.0128797517773
0.0128667125955
0.012853768398
0.0128409760771
0.0128283248516
0.0128157841489
0.0128033341959
0.0127909938861
0.0127787568734
0.0127666179445
0.0127545721862
0.0127426152869
0.0127307452337
0.0127189418013
0.0127072155925
0.0126955628425
0.012683378474
0.0126705707853
0.0126579326486
0.012644909408
0.0126313525154
0.0126179276792
0.0126046186393
0.0125913606954
0.0125778936823
0.0125623465574
0.0125457318146
0.0125296341181
0.0125138918943
0.012498109902
0.0124816175877
0.0124652562469
0.0124490095597
0.0124330445614
0.0124172171132
0.0124015476736
0.0123860783327
0.0123707678335
0.0123556219393
0.0123406284068
0.0123257961461
0.0123111195667
0.0122955563464
0.0122787093752
0.0122615769082
0.012242735853
0.0122231253416
0.012204031389
0.0121853530137
0.0121670607184
0.0121490627612
0.0121313173203
0.0121134633484
0.0120954193581
0.0120777174154
0.012059977986
0.012042416866
0.0120246543233
0.0120057449678
0.0119869322101
0.011967716266
0.0119487637851
0.0119304255042
0.0119127245333
0.0118954553396
0.0118785426541
0.0118619504823
0.0118456822724
0.0118296851498
0.0118138767394
0.0117983147303
0.0117830606004
0.0117669567214
0.011751082614
0.011735396978
0.0117200789445
0.0117040928566
0.0116885324162
0.0116733991156
0.0116587015007
0.0116448023379
0.011631213184
0.0116179208073
0.0116048967223
0.0115921337853
0.0115795522405
0.011567181744
0.0115550573201
0.0115431773704
0.0115315269354
0.0115201033315
0.0115085284768
0.0114966460075
0.0114850588965
0.011473732261
0.01146250038
0.0114514258326
0.0114405783078
0.0114296923391
0.0114181544137
0.0114065015039
0.0113951896987
0.0113841277763
0.011373294425
0.0113626793656
0.0113523293828
0.0113421686462
0.0113321928069
0.0113223958375
0.0113129168067
0.0113036147526
0.0112944802563
0.0112855103962
0.0112766957604
0.0112680335694
0.0112595136331
0.0112511328129
0.0112428882357
0.0112347751685
0.0112267007658
0.0112186866974
0.011210821035
0.0112030839069
0.0111954707212
0.0111879802106
0.0111806598738
0.0111736544453
0.0111666419
0.0111596906484
0.011152833506
0.011145957193
0.0111390029999
0.0111321689546
0.0111254314416
0.0111187838297
0.0111122213323
0.0111057414648
0.011099341369
0.0110930167775
0.0110867553103
0.0110805565281
0.0110744273605
0.0110683661134
0.0110623803779
0.0110564592983
0.011050600192
0.0110447997871
0.0110390559691
0.0110333667471
0.0110277306595
0.0110221456071
0.0110166132429
0.011011150806
0.0110056618817
0.011000153151
0.0109946814401
0.0109892480676
0.0109838523302
0.0109784884268
0.0109731658146
0.0109678763365
0.0109626133503
0.010957375165
0.0109521602755
0.0109469669383
0.0109417940407
0.0109365702831
0.0109313199563
0.0109260834933
0.0109208598262
0.0109156473575
0.0109104439107
0.0109052478789
0.010900057652
0.0108948716396
0.0108896885454
0.0108844820407
0.0108791901541
0.0108738516309
0.0108684069506
0.0108629511718
0.0108574822344
0.0108519980697
0.0108464965577
0.0108409728908
0.0108354119562
0.0108298275472
0.0108241275326
0.0108183170096
0.0108124697461
0.0108065990554
0.010800700074
0.0107947715579
0.010788782265
0.0107827541545
0.0107766863905
0.0107705744901
0.0107644150414
0.0107581453012
0.0107517899979
0.0107453861571
0.0107389247321
0.0107323886925
0.0107257757004
0.0107190933356
0.0107123386207
0.0107055085608
0.0106986001181
0.0106914911988
0.0106842157422
0.010676833488
0.0106693542596
0.0106617741979
0.0106540919484
0.0106463071373
0.0106384182363
0.0106303460593
0.0106221626038
0.0106137975357
0.010604925259
0.0105959542809
0.0105868695494
0.0105776618297
0.0105683291259
0.0105588530232
0.0105492362248
0.0105394619693
0.0105292337018
0.0105188632399
0.0105083563414
0.0104977157382
0.0104869457159
0.0104760498288
0.010464766044
0.0104531075028
0.0104412928419
0.0104293463187
0.0104172728097
0.0104050780524
0.0103925599317
0.0103797384342
0.0103668371963
0.0103538009327
0.0103406966797
0.0103272415769
0.0103131639929
0.010299157061
0.0102851857767
0.0102711929094
0.0102571883579
0.0102431891308
0.0102291892619
0.0102151811678
0.0102011721108
0.0101871819871
0.0101732564155
0.0101593845737
0.0101455562971
0.0101317495418
0.0101179696682
0.0101035438087
0.010088852064
0.0100740092166
0.0100581661015
0.0100423018105
0.0100262247022
0.0100087984845
0.00999131528435
0.00997275531767
0.00995358161693
0.00993426329423
0.00991470875386
0.00989500481778
0.00987522878778
0.00985538426782
0.00983548492586
0.00981548787921
0.00979532574097
0.0097750191439
0.00975453714235
0.00973274942378
0.00970968686575
0.00968591440159
0.00966051047558
0.00963376601926
0.00960655134201
0.0095791420265
0.00955129595191
0.009522241781
0.00949137088034
0.00945926681782
0.00942605682469
0.00939271059607
0.00935824059811
0.00932337214466
0.00928744442183
0.00924761530997
0.0092031873458
0.00915547917482
0.00910629403185
0.00905786280676
0.00901040547544
0.00896431674528
0.00891959891289
0.00887639726708
0.00883383751819
0.00879136789634
0.00875077203425
0.0087113362468
0.00867370571835
0.00863800330902
0.00860357685146
0.00857085215409
0.00853740291689
0.00850411222626
0.00847270264981
0.00844323304661
0.00841508984118
0.00838660425664
0.00835825975618
0.00833117966275
0.00830487490324
0.0082785263335
0.00825280745208
0.00822763279145
0.00820196909586
0.00817622573134
0.00815155445708
0.00812725842661
0.00810035880295
0.00807394776758
0.00804830663874
0.00802398643271
0.00800020195784
0.00797706845314
0.007955350203
0.00793443042813
0.00791440642405
0.00789504523105
0.00787609055198
0.00785695748587
0.00783904230986
0.00782194818226
0.00780558300818
0.0077889043121
0.00777246763874
0.00775687567065
0.00774149513185
0.00772681389446
0.00771232003073
0.00769759994748
0.00768337058679
0.00766901441786
0.00765465271101
0.00764142887954
0.00762903630007
0.00761692453165
0.00760455216959
0.00759203880892
0.0075794989587
0.00756805764802
0.00755699087467
0.0075460908956
0.00753561172367
0.00752556753609
0.00751554647863
0.00750595631934
0.00749668123543
0.00748750344021
0.00747868799036
0.00747026514829
0.0074621812402
0.00745440494296
0.00744675092026
0.00743931978838
0.00743216737847
0.00742528833475
0.00741858423879
0.00741209649321
0.00740581745003
0.00739938547434
0.00739319160336
0.00738719055027
0.00738148014361
0.00737595300628
0.00737058518343
0.00736536752156
0.00736029138006
0.00735534924358
0.00735053553148
0.0073458439654
0.0073412675286
0.00733680203735
0.00733244332133
0.00732818673586
0.00732402734316
0.00731967898072
0.00731529323053
0.00731055711748
0.00730604927207
0.00730167195378
0.00729739947726
0.00729322625417
0.00728914805353
0.00728516598145
0.0072812676731
0.00727719208864
0.0072732482977
0.00726939459757
0.00726562051752
0.00726188549312
0.00725819401635
0.00725458437211
0.00725104685312
0.00724742321782
0.00724386788509
0.0072403964453
0.00723699049619
0.00723364707387
0.00723036631705
0.00722713917982
0.00722396175241
0.00722043284543
0.00721713092437
0.00721390531248
0.00721075057982
0.00720764826527
0.00720459586276
0.00720133445407
0.00719815884052
0.00719506514886
0.00719204650727
0.00718909062812
0.00718618547085
0.00718327271205
0.0071804002999
0.00717757860559
0.00717480444869
0.00717209157318
0.00716942739528
0.00716680247398
0.0071642156595
0.0071616669452
0.00715915333597
0.00715667358289
0.00715422630395
0.00715180953756
0.00714941908609
0.00714705810913
0.00714472550125
0.00714241487494
0.00714012164091
0.00713785463577
0.00713561325456
0.00713337671078
0.00713115697799
0.00712896541467
0.00712680042502
0.00712466005969
0.00712254318213
0.00712035870597
0.00711799411296
0.00711571466713
0.00711347318081
0.00711125973602
0.0071090715082
0.00710690712739
0.00710476567097
0.0071026465112
0.00710054879314
0.00709847229335
0.00709641612433
0.00709437971564
0.00709236251984
0.00709036405384
0.00708838370741
0.00708642104992
0.00708447581802
0.00708254745939
0.00708063557786
0.00707873986052
0.00707685954047
0.00707499467494
0.00707314483524
0.00707131002656
0.00706948986688
0.00706768403457
0.00706589261682
0.00706411516885
0.0070623514477
0.00706060108226
0.00705886386147
0.00705713957397
0.0070554281457
0.0070537293866
0.00705204299402
0.00705037330668
0.00704873501376
0.00704711109825
0.00704549924894
0.00704389904831
0.00704231016755
0.00704073244824
0.00703916594593
0.00703761023701
0.0070360651583
0.00703453056569
0.0070330063188
0.00703149331118
0.00702999250097
0.00702849972748
0.00702701463978
0.00702553955813
0.00702407423126
0.00702261912008
0.00702117486298
0.00701974010829
0.00701831469311
0.00701689853065
0.00701549133028
0.00701409299682
0.00701267496798
0.00701123209907
0.00700981230547
0.00700840433775
0.00700700609876
0.00700561711519
0.00700423721294
0.0070028219465
0.00700140359288
0.0069999972866
0.00699860186226
0.00699721662111
0.00699584102763
0.00699447471011
0.00699311778126
0.00699178029053
0.00699045505194
0.00698912875037
0.00698781124676
0.00698650185062
0.00698518513513
0.00698387392235
0.0069825708472
0.00698127568067
0.00697998837429
0.00697870879612
0.00697743682818
0.00697617243878
0.00697491564934
0.00697366623064
0.0069724241797
0.00697118937904
0.00696996171163
0.00696874112866
0.0069675275449
0.00696632089464
0.00696512111354
0.00696392813708
0.00696274189548
0.00696154620376
0.00696035446444
0.00695917016054
0.00695799302602
0.00695682285679
0.00695565951932
0.00695450289326
0.00695335286635
0.00695220939043
0.00695107233363
0.00694994162466
0.00694881724613
0.00694769913747
0.00694658959525
0.00694548844486
0.00694439331924
0.00694330414147
0.00694222077912
0.00694114329773
0.00694007163781
0.00693900574484
0.00693794552937
0.00693689407092
0.0069358493042
0.00693481044103
0.00693377722669
0.00693274953767
0.00693172726093
0.00693071030593
0.00692969860602
0.0069285252914
0.00692739666655
0.00692628711794
0.0069251871329
0.00692409473366
0.0069230093088
0.00692193049452
0.00692085777027
0.00691979119618
0.00691873077162
0.00691767638634
0.00691662794141
0.00691558534458
0.0069145485365
0.00691351768362
0.00691249241888
0.00691147272071
0.00691045845445
0.00690944954888
0.00690844609041
0.00690744819116
0.00690645352693
0.00690546293905
0.00690447736376
0.00690349675671
0.00690252118146
0.00690155138778
0.00690058653041
0.00689962657762
0.0068986713419
0.00689772238148
0.00689677851306
0.00689583914633
0.00689490426182
0.00689397375723
0.00689304758249
0.0068921256816
0.00689120800815
0.00689029452251
0.0068893851986
0.00688848012294
0.00688757925624
0.00688668245566
0.00688578969837
0.00688490089698
0.00688401603615
0.00688313508218
0.00688225797373
0.00688138467695
0.00688043765948
0.00687946668142
0.00687850661977
0.00687755243565
0.00687660304971
0.00687565816752
0.00687471765138
0.00687378140945
0.00687284945403
0.00687192167651
0.00687099809171
0.0068700774071
0.00686915998997
0.00686824668915
0.00686733741363
0.00686643210546
0.00686553071928
0.00686463321457
0.00686373955276
0.00686284969751
0.00686196361182
0.00686108129535
0.00686020526278
0.00685933492317
0.00685846829419
0.00685760525608
0.00685674575577
0.00685588975554
0.00685503730212
0.00685418830499
0.00685334270937
0.00685250048948
0.00685166175001
0.00685082649549
0.00684999453116
0.00684916582925
0.00684834034658
0.00684751805577
0.00684669892929
0.00684588294007
0.00684507006178
0.00684426026895
0.00684345356028
0.00684264993673
0.00684184938069
0.00684105192702
0.00684025753345
0.00683946607898
0.00683867762026
0.00683789179992
0.00683710856825
0.00683632818482
0.00683555062964
0.00683477587708
0.00683400391383
0.00683323470652
0.0068324682568
0.00683170454504
0.00683094352624
0.00683018518119
0.00682942948186
0.00682867637031
0.00682787070693
0.00682709200641
0.00682632263793
0.00682555792485
0.0068247968134
0.0068240390117
0.00682328440316
0.00682253291124
0.00682178446742
0.00682103903663
0.00682029652199
0.0068195568774
0.00681882005458
0.00681808601154
0.00681735478598
0.00681662503408
0.00681589794061
0.00681517354585
0.00681445171499
0.00681373241502
0.00681301561362
0.00681230128226
0.00681158942946
0.00681088000781
0.00681017297759
0.00680946831623
0.00680876607719
0.00680806619067
0.00680736860727
0.00680667330933
0.00680598027921
0.00680528951274
0.0068046084112
0.00680393304418
0.00680325999823
0.00680258913374
0.00680192040659
0.00680125379384
0.0068005892862
0.0067999268711
0.00679926652224
0.00679860822608
0.00679795197478
0.00679729777235
0.00679664559212
0.00679599541195
0.00679534721707
0.00679470099481
0.00679405673285
0.00679341445786
0.00679277412402
0.00679213571572
0.00679149922114
0.00679086463323
0.00679023194031
0.00678960112672
0.00678897218422
0.00678833904083
0.00678769806821
0.00678706036659
0.0067864245131
0.00678579061787
0.0067851586244
0.00678452849854
0.00678390023027
0.00678327386705
0.00678264939494
0.006782026726
0.00678140584636
0.00678078674343
0.00678016940846
0.00677955382972
0.00677893999316
0.00677832788911
0.0067777175125
0.00677710885631
0.00677650192787
0.00677589670108
0.00677529315224
0.00677469127121
0.00677409104848
0.00677349247845
0.00677289555282
0.00677230025636
0.00677170658148
0.00677111451749
0.00677052405475
0.00676993518418
0.00676934789703
0.00676876218438
0.00676817803733
0.00676759544821
0.00676701441094
0.00676643491627
0.00676585695595
0.00676526905087
0.00676467154042
0.00676407804397
0.00676348676555
0.00676289728503
0.00676230951145
0.00676172340184
0.00676113893482
0.00676055609435
0.00675997487183
0.00675939526737
0.00675881725061
0.00675824081312
0.00675766587526
0.00675709076742
0.00675651744143
0.00675594571781
0.00675537556602
0.00675480697016
0.00675423991745
0.00675367439641
0.00675311039622
0.00675254790612
0.0067519869158
0.00675142377727
0.00675086129529
0.0067503005183
0.00674974132677
0.00674918363925
0.0067486274445
0.00674807274354
0.00674751951192
