0.491589
0.444497
0.4387
0.433421
0.428145
0.420871
0.411425
0.401775
0.391214
0.3788
0.361233
0.135426
0.0483545
0.0366126
0.0309309
0.028384
0.0265912
0.0253643
0.0243754
0.0232905
0.0221629
0.0212731
0.0206531
0.0202107
0.0198684
0.0196092
0.0194043
0.0192289
0.0190642
0.018897
0.0187087
0.0184871
0.0182562
0.018065
0.0179174
0.0177945
0.0176886
0.017594
0.01751
0.0174395
0.0173751
0.0173153
0.0172589
0.0172048
0.0171517
0.0170985
0.0170445
0.0169887
0.016931
0.0168722
0.016814
0.0167583
0.0167089
0.0166677
0.0166299
0.0165957
0.0165643
0.0165341
0.0165063
0.0164804
0.0164531
0.0164255
0.0163984
0.016371
0.016346
0.0163215
0.0163002
0.0162786
0.0162595
0.0162421
0.0162257
0.01621
0.0161949
0.0161808
0.0161671
0.0161537
0.0161391
0.0161241
0.0161085
0.0160937
0.0160795
0.0160659
0.0160528
0.0160403
0.0160281
0.0160163
0.0160047
0.0159936
0.0159828
0.0159717
0.0159597
0.0159471
0.0159348
0.0159216
0.0159075
0.0158934
0.0158791
0.0158644
0.0158474
0.0158292
0.0158041
0.0157751
0.0157413
0.0156999
0.0156546
0.015608
0.0155629
0.0155253
0.0154959
0.0154687
0.0154415
0.0154155
0.0153904
0.0153683
0.0153479
0.0153276
0.0153074
0.0152875
0.0152635
0.0152391
0.0152151
0.0151916
0.01517
0.0151494
0.0151284
0.015104
0.0150803
0.0150584
0.0150385
0.015019
0.0150006
0.0149838
0.0149654
0.0149483
0.0149325
0.0149176
0.0149017
0.0148851
0.0148672
0.0148498
0.0148312
0.0148134
0.0147962
0.0147792
0.0147602
0.0147415
0.0147242
0.014708
0.0146922
0.0146732
0.0146504
0.0146269
0.0146033
0.0145808
0.0145574
0.0145358
0.014513
0.0144885
0.0144661
0.0144446
0.0144193
0.0143921
0.0143681
0.0143448
0.0143222
0.0142894
0.014258
0.0142281
0.0141951
0.0141587
0.0141289
0.0141019
0.0140752
0.0140448
0.0140197
0.0139857
0.0139497
0.0139178
0.0138904
0.0138641
0.0138408
0.013818
0.0137961
0.0137737
0.0137527
0.0137331
0.0137143
0.0136956
0.0136741
0.0136475
0.0136194
0.013588
0.0135501
0.0135137
0.0134808
0.0134495
0.0134198
0.0133917
0.0133636
0.0133354
0.0133006
0.0132651
0.0132309
0.0132012
0.0131679
0.0131371
0.0131101
0.0130858
0.0130598
0.0130355
0.0130132
0.0129926
0.0129699
0.0129467
0.0129253
0.0129038
0.0128768
0.0128443
0.0128012
0.012759
0.0127196
0.0126845
0.0126517
0.0126216
0.0125939
0.0125684
0.0125434
0.0125128
0.0124806
0.0124502
0.012415
0.0123757
0.0123361
0.012301
0.0122703
0.0122449
0.0122203
0.0121949
0.0121713
0.0121493
0.0121269
0.0121069
0.0120845
0.0120568
0.0120336
0.0120119
0.0119891
0.0119696
0.0119515
0.0119342
0.011918
0.0119009
0.0118855
0.0118712
0.0118579
0.0118457
0.0118336
0.0118219
0.0118106
0.0117963
0.0117802
0.0117661
0.011751
0.0117373
0.0117245
0.0117121
0.0117001
0.0116883
0.0116766
0.0116648
0.0116503
0.0116359
0.01162
0.0116024
0.011586
0.0115674
0.0115461
0.0115275
0.0115104
0.011494
0.0114776
0.0114596
0.011441
0.0114204
0.0113986
0.0113713
0.0113356
0.0113051
0.0112772
0.0112495
0.0112161
0.01118
0.0111428
0.0111077
0.011074
0.0110376
0.011003
0.0109708
0.0109395
0.0109052
0.0108702
0.0108368
0.0108048
0.0107716
0.0107385
0.0107065
0.0106758
0.0106463
0.010618
0.0105907
0.0105642
0.0105375
0.010511
0.0104856
0.010461
0.0104365
0.0104122
0.0103876
0.0103633
0.0103399
0.0103165
0.010292
0.0102679
0.010244
0.0102208
0.0101973
0.0101691
0.0101421
0.0101175
0.0100933
0.010069
0.0100456
0.0100224
0.00999913
0.00997648
0.00995435
0.00993273
0.00991151
0.00989064
0.00986917
0.00984804
0.00982715
0.00980659
0.00978629
0.00976511
0.0097429
0.00972092
0.00969918
0.00967764
0.00965604
0.00963497
0.00961266
0.00958772
0.00956312
0.00953917
0.00951565
0.0094926
0.0094696
0.00944608
0.00942199
0.00939869
0.00937608
0.00935412
0.00933273
0.00931183
0.00929136
0.00927044
0.00924995
0.00922981
0.00920919
0.0091891
0.00916949
0.00914983
0.0091305
0.00911161
0.00909312
0.00907447
0.00905573
0.00903756
0.00901966
0.00900177
0.00898429
0.00896721
0.0089505
0.00893414
0.00891813
0.00890211
0.00888633
0.00887024
0.00885452
0.00883906
0.00882349
0.00880791
0.00879107
0.00877291
0.00875443
0.00873673
0.00872024
0.00870456
0.00868953
0.00867496
0.00866081
0.00864709
0.00863375
0.00862077
0.00860812
0.00859574
0.00858347
0.00857148
0.00855947
0.00854611
0.00853301
0.00851877
0.00850336
0.00848641
0.00846809
0.00845187
0.00843645
0.00842151
0.00840721
0.00839343
0.0083801
0.00836638
0.00835281
0.00833883
0.00832534
0.0083124
0.00829993
0.00828775
0.00827605
0.00826475
0.0082538
0.00824317
0.00823285
0.00822278
0.00821298
0.00820341
0.00819401
0.00818478
0.00817574
0.00816689
0.00815822
0.00814971
0.00814135
0.00813259
0.00812377
0.00811402
0.00810322
0.00809301
0.00808224
0.00807079
0.00805992
0.00804948
0.00803935
0.00802927
0.00801951
0.00800999
0.00800003
0.00798987
0.00797987
0.0079702
0.00796078
0.0079515
0.00794103
0.00792959
0.00791848
0.00790761
0.00789696
0.0078866
0.00787649
0.00786661
0.00785597
0.00784454
0.00783349
0.00782273
0.0078122
0.00780192
0.00779188
0.00778205
0.00777186
0.00776178
0.00775198
0.00774231
0.00773257
0.00772308
0.00771382
0.00770478
0.00769534
0.00768571
0.00767639
0.00766736
0.00765856
0.00764999
0.00764162
0.00763343
0.00762536
0.00761723
0.00760833
0.00759958
0.00759104
0.00758264
0.00757439
0.0075656
0.00755695
0.00754844
0.00754006
0.0075318
0.00752365
0.00751553
0.00750729
0.00749881
0.00749027
0.00748183
0.00747313
0.00746409
0.00745521
0.00744614
0.0074371
0.00742822
0.00741948
0.00741038
0.00739992
0.00738979
0.00737988
0.00737015
0.00736059
0.00735119
0.00734194
0.00733283
0.00732388
0.00731506
0.00730638
0.00729765
0.00728886
0.00728022
0.0072717
0.00726326
0.00725478
0.00724617
0.00723727
0.00722817
0.00721666
0.00720491
0.0071919
0.00717944
0.00716529
0.00714953
0.00713451
0.00711884
0.00710384
0.00708879
0.00707369
0.00705905
0.00704431
0.00702994
0.00701592
0.0070024
0.00698831
0.00697538
0.00696375
0.00695256
0.0069418
0.00693119
0.00691983
0.00690876
0.00689815
0.00688775
0.00687763
0.00686777
0.00685805
0.00684855
0.00683937
0.00682972
0.00681993
0.00681063
0.00680173
0.00679112
0.00678107
0.00677174
0.00676295
0.00675466
0.00674676
0.00673914
0.00673069
0.00672224
0.00671439
0.00670692
0.00669977
0.0066929
0.00668614
0.00667975
0.00667348
0.00666719
0.00666122
0.00665522
0.00664841
0.0066419
0.00663569
0.00662969
0.0066236
0.00661732
0.00661125
0.00660573
0.00659936
0.0065932
0.0065872
0.0065814
0.00657593
0.0065707
0.00656407
0.00655755
0.00655121
0.00654518
0.00653907
0.00653175
0.00652524
0.00651895
0.00651282
0.00650696
0.00650132
0.00649588
0.00649064
0.00648556
0.00648063
0.00647585
0.00647039
0.00646214
0.00645464
0.00644669
0.00643875
0.00643165
0.00642515
0.00641909
0.00641336
0.00640794
0.00640276
0.00639781
0.00639304
0.00638844
0.006384
0.00637968
0.00637549
0.00637134
0.00636695
0.00636142
0.00635575
0.00635052
0.00634561
0.00634094
0.00633646
0.00633217
0.00632803
0.00632401
0.00632011
0.0063163
0.00631259
0.00630896
0.0063054
0.00630192
0.0062985
0.00629514
0.00629182
0.00628854
0.00628529
0.006282
0.00627878
0.0062756
0.00627249
0.00626919
0.00626583
0.00626255
0.00625936
0.00625622
0.00625314
0.00625012
0.00624715
0.00624424
0.00624137
0.00623855
0.00623578
0.00623305
0.00623038
0.00622774
0.00622512
0.00622248
0.00621989
0.00621734
0.00621485
0.00621239
0.00620997
0.00620759
0.00620451
0.00620127
0.00619791
0.0061947
0.00619163
0.00618817
0.00618436
0.00617992
0.00617578
0.00617184
0.00616804
0.00616436
0.00616077
0.00615717
0.00615367
0.00615026
0.00614695
0.00614371
0.00614055
0.00613739
0.00613422
0.00613039
0.00612675
0.00612324
0.00611982
0.00611649
0.00611284
0.00610902
0.00610534
0.00610178
0.00609831
0.00609493
0.00609164
0.00608836
0.00608465
0.00608093
0.00607729
0.00607356
0.00606998
0.0060665
0.006063
0.00605951
0.00605612
0.00605284
0.00604964
0.00604641
0.00604312
0.00603991
0.00603674
0.00603365
0.00603062
0.00602766
0.00602478
0.00602164
0.00601857
0.00601557
0.00601263
0.00600976
0.00600694
0.00600418
0.00600151
0.0059989
0.00599634
0.00599382
0.00599134
0.00598891
0.00598652
0.00598416
0.00598187
0.00597962
0.00597741
0.00597515
0.00597285
0.0059706
0.00596836
0.00596615
0.00596398
0.00596184
0.00595973
0.00595765
0.0059556
0.00595357
0.00595157
0.0059496
0.00594765
0.00594573
0.00594383
0.00594196
0.00594012
0.00593829
0.00593649
0.00593472
0.00593296
0.00593123
0.00592951
0.00592782
0.00592615
0.00592449
0.00592285
0.00592123
0.00591963
0.00591804
0.00591648
0.00591494
0.00591341
0.00591189
0.0059104
0.00590893
0.00590748
0.00590604
0.00590462
0.00590322
0.00590184
0.00590047
0.00589912
0.00589778
0.00589645
0.00589514
0.00589384
0.00589256
0.00589129
0.00589003
0.00588879
0.00588756
0.00588633
0.00588512
0.00588393
0.00588274
0.00588157
0.00588041
0.00587926
0.00587812
0.00587699
0.00587587
0.00587477
0.00587367
0.00587259
0.00587151
0.00587045
0.00586939
0.00586835
0.00586732
0.00586629
0.00586528
0.00586427
0.00586327
0.00586228
0.00586131
0.00586033
0.00585937
0.00585842
0.00585748
0.00585653
0.00585557
0.00585464
0.00585371
0.0058528
0.00585189
0.005851
0.00585013
0.00584926
0.0058484
0.00584756
0.00584671
0.00584593
0.00584517
0.00584443
0.00584368
0.00584288
0.00584165
0.00584053
0.00583948
0.00583848
0.00583752
0.00583657
0.00583566
0.00583476
0.00583388
0.00583301
0.00583218
0.00583136
0.00583058
0.00582982
0.00582909
0.00582838
0.00582769
0.00582702
0.00582626
0.00582553
0.00582481
0.00582411
0.00582344
0.00582278
0.00582213
0.00582151
0.00582089
0.00582028
0.00581968
0.00581909
0.00581852
0.00581794
0.00581738
0.00581682
0.00581627
0.00581573
0.00581519
0.00581466
0.00581413
0.00581361
0.00581309
0.00581258
0.00581208
0.00581157
0.00581108
0.00581059
0.0058101
0.00580962
0.00580914
0.00580866
0.00580818
0.0058077
0.00580723
0.00580676
0.0058063
0.00580584
0.00580538
0.00580493
0.00580448
0.00580404
0.0058036
0.00580316
0.00580273
0.0058023
0.00580187
0.00580145
0.00580103
0.00580062
0.0058002
0.0057998
0.00579936
0.00579892
0.00579849
0.00579805
0.00579762
0.0057972
0.00579677
0.00579635
0.00579594
0.00579552
0.00579512
0.00579471
0.00579431
0.00579363
0.00579304
0.0057925
0.00579199
0.00579149
0.00579099
0.00579051
0.00579004
0.00578957
0.00578911
0.00578865
0.0057882
0.00578775
0.00578731
0.00578688
0.00578645
0.00578602
0.0057856
0.00578518
0.00578476
0.00578435
0.00578395
0.00578354
0.00578313
0.00578265
0.00578209
0.00578158
0.00578111
0.00578066
0.00578022
0.00577979
0.00577937
0.00577897
0.00577857
0.00577818
0.00577779
0.00577741
0.00577704
0.00577666
0.00577629
0.00577592
0.00577557
0.00577521
0.00577487
0.00577452
0.00577418
0.00577384
0.00577351
0.00577318
0.00577284
0.00577252
0.00577219
0.00577187
0.00577155
0.00577124
0.00577092
0.00577061
