0.499286513405
0.499177210919
0.499037500971
0.498860328681
0.498632921386
0.498322016428
0.497850812456
0.497086283571
0.495998497459
0.494803751201
0.492846275776
0.485920714096
0.459942908575
0.456000947912
0.463710799387
0.438605614318
0.272643229135
0.160307129545
0.148216835981
0.123564320367
0.11123120356
0.112128748983
0.0952051522092
0.0901330815651
0.0810148786419
0.0731204395573
0.0689857006652
0.0639308195349
0.0590146045537
0.0554017458571
0.0525608631455
0.0497090291734
0.0474402789793
0.0453159277089
0.0430252584789
0.0412303168722
0.0397050011193
0.0379534546671
0.0361754907528
0.0348775759689
0.0338056864205
0.0327270137607
0.0314549116318
0.030191534586
0.0291559454019
0.028302864218
0.0275761949477
0.0269423811573
0.0263515683433
0.0257827806421
0.02525540292
0.0247762019029
0.0243455756561
0.0239634094371
0.0236362078167
0.0233491181861
0.0231043671522
0.0228899134676
0.0227044454535
0.0225448811052
0.0224028827507
0.0222739339542
0.0221556704883
0.0220439874118
0.0219375959857
0.0218320025802
0.0217317899716
0.0216382676442
0.0215534295146
0.0214677580985
0.0213815262836
0.0212927639415
0.021199706863
0.0211014763284
0.0210022614908
0.0209047780338
0.020813710892
0.0207293236859
0.0206443312753
0.0205596892164
0.0204734782678
0.0203913334287
0.0203146391453
0.0202416910581
0.0201735737962
0.0201108389466
0.0200507879326
0.0199965166166
0.0199422250382
0.0198923295446
0.0198489227314
0.0198114276104
0.0197741307802
0.0197416998104
0.0197131609709
0.0196843374162
0.0196571487273
0.0196329280433
0.0196114150788
0.0195919751304
0.0195744827665
0.0195593923119
0.0195455999333
0.0195329414705
0.0195212779022
0.019510496523
0.0195007760202
0.0194918553559
0.0194836753915
0.0194759244801
0.0194688662146
0.0194623147295
0.0194561572731
0.0194503466605
0.0194448651057
0.0194397287904
0.0194348325957
0.0194301515903
0.0194256636814
0.0194213500771
0.0194162466568
0.0194114213254
0.0194068880483
0.0194025298561
0.0193983229192
0.0193942492791
0.0193901878551
0.0193862013597
0.0193822523277
0.0193784272002
0.0193746761671
0.0193709879367
0.0193673514222
0.0193637570201
0.0193601924978
0.0193566285959
0.0193530335232
0.0193484637382
0.0193434403138
0.0193382296375
0.019333060999
0.0193278595298
0.0193215703871
0.0193123633816
0.0193031729721
0.0192936134238
0.0192838403197
0.0192740155651
0.0192643008831
0.019254807512
0.0192446368784
0.0192346840895
0.0192232863108
0.0192117837765
0.0192010162674
0.0191906851239
0.0191794855749
0.0191685499094
0.0191578070254
0.0191472758461
0.0191367460785
0.0191266434462
0.0191170147479
0.0191072914713
0.0190914304261
0.0190700338046
0.0190461658919
0.0190264037519
0.0190079877892
0.0189903307565
0.0189731876842
0.0189564240708
0.0189399396498
0.0189231458911
0.0189024503752
0.0188814201862
0.0188608570303
0.018840705384
0.018821388284
0.0188026908817
0.0187820431914
0.018762375563
0.0187424797407
0.018722868648
0.0187035020405
0.0186842597577
0.0186632082392
0.0186328021397
0.0186009630586
0.0185642343793
0.0185211508101
0.0184690049133
0.0184131202898
0.0183570588866
0.0183018522454
0.0182383121399
0.0181757228589
0.0181174745428
0.018066567901
0.0180211124605
0.0179797164865
0.0179432342655
0.01791049059
0.0178804623861
0.017851470734
0.0178244566316
0.0177988497162
0.0177745109907
0.0177458745908
0.0177177434925
0.0176876271793
0.0176568433828
0.0176264620522
0.0175964494516
0.0175637650032
0.017531902051
0.0175001237673
0.0174719246261
0.017446779324
0.0174242808262
0.0174022788846
0.017380953765
0.0173613010427
0.0173432214441
0.017326592878
0.017311191094
0.0172968483891
0.017283430481
0.0172708587743
0.0172590541671
0.0172479501988
0.0172373096981
0.0172272547538
0.0172177559634
0.0172058184823
0.0171927792538
0.0171806260142
0.0171691998188
0.0171581172027
0.0171468866896
0.0171363635614
0.0171264162162
0.0171169849516
0.0171080192169
0.0170994678805
0.0170913023308
0.0170834892121
0.0170753955169
0.0170672419268
0.0170594276238
0.0170518376379
0.0170437905596
0.0170359227708
0.0170283243159
0.0170209667604
0.0170138252852
0.0170068778798
0.0170000867104
0.0169934480673
0.0169869490532
0.016980575241
0.0169743137442
0.0169681531129
0.0169620833203
0.0169560957105
0.0169498799354
0.0169434283628
0.0169368711395
0.0169297143214
0.0169227016744
0.0169158110093
0.0169090391349
0.0169023868449
0.0168958537429
0.0168890981643
0.0168820714668
0.0168751483538
0.0168683195962
0.0168615887343
0.0168549589841
0.0168473812125
0.0168397076141
0.0168301361167
0.016819928926
0.0168102443041
0.0168008941625
0.0167918450133
0.0167830849224
0.0167746040079
0.016766387427
0.0167584213578
0.0167496184914
0.0167379033133
0.0167263339609
0.0167137921859
0.016699789002
0.0166787336372
0.016656211562
0.0166337409995
0.0166116522426
0.0165892817675
0.0165671842787
0.0165437719378
0.0165220573444
0.0164946861546
0.0164641119496
0.016424752482
0.0163801300482
0.0163293132143
0.0162599408742
0.0161684742706
0.0160786361977
0.015988604978
0.0158973252684
0.0158058938993
0.0157019541978
0.0155878080573
0.0154848851809
0.0153989106975
0.015322288144
0.0152523510496
0.0151890255787
0.0151273535841
0.0150673198085
0.0150075387374
0.0149473010242
0.0148819703897
0.0148181531215
0.0147510367975
0.0146889886551
0.0146314878237
0.0145783142328
0.0145310020276
0.0144888804071
0.0144510907796
0.0144115863815
0.0143759998553
0.0143414799691
0.0143079049522
0.0142771364491
0.014246244409
0.0142158306801
0.0141862689436
0.0141592890087
0.0141345694184
0.0141109692302
0.0140852885494
0.0140569786309
0.0140319091062
0.0140088687599
0.0139820183097
0.0139493833008
0.013920342099
0.0138933666444
0.0138677687832
0.0138340600594
0.0138035506692
0.0137759283387
0.0137483297137
0.0137136886092
0.0136702718411
0.0136315606585
0.0135981011389
0.0135634980787
0.013530922493
0.01350141076
0.0134750974137
0.0134464577377
0.0134186964373
0.0133931431769
0.0133681503965
0.0133455569714
0.0133235588791
0.0133017723745
0.0132813115139
0.0132622794604
0.0132432298272
0.0132216009532
0.0131999578609
0.0131740414792
0.0131505809232
0.0131282359769
0.0131043751771
0.0130814978354
0.0130530821195
0.013024925303
0.0129987648714
0.0129748364563
0.0129528249251
0.0129322792928
0.0129114168573
0.0128902690094
0.0128687292154
0.0128450573346
0.0128239572366
0.0128047217255
0.0127870652833
0.0127707221785
0.0127550870251
0.012738635001
0.012721243474
0.0127047799161
0.0126881394392
0.0126716527812
0.0126560132015
0.0126410847051
0.0126268169553
0.012613101985
0.0125938349421
0.0125734080347
0.0125527638316
0.0125308136035
0.0125083709411
0.0124874247914
0.012467765924
0.0124491736477
0.0124315879395
0.01241494257
0.0123991458461
0.0123841233409
0.0123698102628
0.0123561535904
0.0123431041869
0.0123305994787
0.0123185767415
0.0123070353312
0.012295818843
0.0122848075246
0.0122742450438
0.012264104279
0.012254346517
0.0122439450123
0.0122340212914
0.0122241902083
0.0122144032581
0.0122047132183
0.0121953499916
0.0121854096826
0.0121744389438
0.0121640547204
0.0121540571417
0.0121444227235
0.0121351308309
0.0121261264042
0.0121173251634
0.0121088108612
0.0121005739762
0.0120925989904
0.0120848197083
0.0120772350452
0.0120698958788
0.012062775353
0.0120558203823
0.012049060279
0.0120424935
0.0120361138204
0.0120298913514
0.0120234792831
0.0120169711049
0.0120106210458
0.0120044200825
0.0119983600725
0.0119922208225
0.0119861826206
0.0119802766787
0.0119744937345
0.0119688253497
0.011963264405
0.0119578043241
0.0119524393066
0.0119471489967
0.0119418360009
0.0119366102194
0.0119310808707
0.0119255888507
0.0119201746761
0.0119148360271
0.0119095651616
0.0119043591471
0.0118977544606
0.0118912050814
0.0118839860525
0.0118768823391
0.0118699843865
0.0118625967651
0.0118552999321
0.0118482202933
0.0118413319391
0.0118346145979
0.0118271122604
0.0118194213089
0.0118117639786
0.0118040681958
0.0117963366631
0.0117888050497
0.0117814969333
0.0117745008809
0.011767994488
0.011762352428
0.0117581517642
0.0117570123708
0.011761494139
0.0117616369987
0.0117654798992
0.0117798609399
0.0118102037424
0.0118312185651
0.0118384663084
0.0118221348331
0.0118087483693
0.0118003785679
0.0117942349234
0.0117890765413
0.0117846785445
0.011780737943
0.0117848522017
0.011786263144
0.0117846980801
0.0117812293913
0.0117775963205
0.0117738634564
0.0117343009282
0.011708604525
0.0116943363154
0.0116851506238
0.0116781808761
0.0116729631232
0.0116692463848
0.0116660911569
0.0116638436418
0.0116622888013
0.0116608199578
0.0116593460507
0.0116580450976
0.0116560734795
0.0116525014195
0.0116516458217
0.0116468470525
0.011637385327
0.0116311748586
0.0116241744714
0.0116116567108
0.011600553038
0.0115913527488
0.0115891151716
0.0115914757268
0.0115973887255
0.0116019987666
0.0116004403766
0.0115951181125
0.0115898933527
0.0115863801609
0.0115832438096
0.0115788409876
0.011572822508
0.0115601407752
0.0115533141257
0.0115470635245
0.0115284316494
0.011526637895
0.0115335216773
0.0115211222211
0.0114661335086
0.0114463697111
0.0114302407738
0.011437793788
0.0114132447319
0.011388700502
0.011369222697
0.0113487458924
0.0113300492057
0.0113076322086
0.0112881339144
0.0112676886301
0.0112320114783
0.0111844445471
0.011149630556
0.0111070828
0.0110739174867
0.0110463995314
0.0110229249862
0.0109934781542
0.0109570333093
0.010922597708
0.0108842640301
0.010843199995
0.0108022709987
0.0107612333612
0.0107161015351
0.0106672393062
0.0106153101905
0.0105645748821
0.0104891284361
0.0104034810102
0.0103189001137
0.0102244168858
0.0101214348107
0.0100152033915
0.00991181435967
0.00982502517269
0.00974745573513
0.00969950939532
0.0096154530125
0.00954122206232
0.00945177832955
0.00935434247146
0.00924191006411
0.00912272240472
0.00900563860313
0.00889928818006
0.00879490076554
0.00870387486253
0.00861231331945
0.00852585870282
0.00843411921924
0.00834679878277
0.00827004331369
0.00820044329533
0.0081301151982
0.00806911849215
0.00801817206726
0.00797116970934
0.00792644146996
0.00788456577981
0.00784543875884
0.00780803178648
0.00777358338936
0.00773670246578
0.00770179169696
0.00766844912414
0.00763804593557
0.00761029652435
0.00758417245192
0.00755894112667
0.0075360267697
0.00751568950593
0.0074973604774
0.00748071529294
0.00746501694345
0.0074491448772
0.0074326491021
0.00741754473009
0.0074031037861
0.00738859424313
0.00737375572581
0.00735994425997
0.00734708271753
0.00733559546287
0.00732458046872
0.00731346600762
0.00730300836123
0.00729346394342
0.00728470016436
0.00727669594524
0.00726937335126
0.00726255000364
0.00725599309002
0.00724921124189
0.00724283059687
0.00723583780927
0.00722926256022
0.00722277731433
0.00721667331582
0.00721101715609
0.0072057707095
0.00720088470511
0.00719629670523
0.00719152582307
0.00718646808694
0.00718213327682
0.00717812405252
0.00717439213094
0.00717089515331
0.00716758577282
0.00716444624709
0.00716146921408
0.00715854813828
0.00715572309378
0.00715296552802
0.00715007239283
0.00714712897672
0.00714436120043
0.0071417315123
0.00713922643778
0.00713678744159
0.00713441895402
0.00713215096234
0.00712997989296
0.00712792494346
0.00712594208339
0.00712404923617
0.00712222376103
0.00712045740632
0.00711872860968
0.00711688199112
0.00711504394277
0.00711326511434
0.00711153881303
0.00710986022665
0.00710822543716
0.00710663120774
0.00710508520141
0.00710357724177
0.00710210102812
0.00710065469577
0.00709923311701
0.00709787719925
0.00709663918459
0.00709543180729
0.00709424571003
0.00709307791189
0.0070917414926
0.00709038203491
0.00708905824099
0.00708776278932
0.00708649194709
0.00708524323177
0.00708371579905
0.00708191294444
0.00708005069134
0.00707829750753
0.00707664604491
0.00707507071037
0.0070735570091
0.00707209553757
0.0070706792752
0.00706930376134
0.00706796456559
0.0070666585223
0.00706538175872
0.00706375374496
0.00706211559084
0.0070606153588
0.00705913376943
0.00705770299185
0.00705610717559
0.00705366061695
0.00705172502221
0.007049985434
0.00704836617595
0.00704683363831
0.0070453659005
0.00704395014622
0.00704257196402
0.00704122431919
0.00703990237366
0.0070386043668
0.00703732438973
0.00703606295706
0.00703380379999
0.00703188527561
0.00703013382732
0.00702848858903
0.00702692215198
0.00702541617217
0.00702395794315
0.00702253811219
0.00702115012463
0.00701978912318
0.00701845157641
0.0070171367693
0.0070158442959
0.0070145684681
0.00701330824435
0.00701206279946
0.00701082150572
0.00700956295303
0.00700832271461
0.00700700753728
0.00700570951956
0.00700444175675
0.00700319874938
0.00700197605011
0.0070007716945
0.00699958436949
0.00699841236129
0.00699725450796
0.00699610287471
0.00699496430512
0.00699383859748
0.0069927254311
0.00699162433597
0.00699053500929
0.006989457151
0.00698839053421
0.0069873349201
0.00698628887073
0.00698525170276
0.00698422493043
0.00698320836884
0.00698218858129
0.00698117958058
0.00698018147982
0.00697919365757
0.00697821606225
0.00697724826062
0.00697629037621
0.00697534393114
0.0069744077116
0.00697346710838
0.00697251819176
0.0069715830151
0.00697065892845
0.00696974524008
0.00696884146647
0.00696794737176
0.00696706258486
0.00696618670779
0.0069653195199
0.0069644608306
0.00696360868492
0.0069627534336
0.00696190639098
0.00696106737424
0.00696023613784
0.00695941262844
0.00695859664725
0.0069577879794
0.00695698668285
0.006956192649
0.00695540577348
0.00695462595702
0.0069538503116
0.00695308056493
0.0069523149942
0.0069515482726
0.00695078838437
0.00695003520647
0.00694928866009
0.0069485486373
0.00694781504621
0.00694708781226
0.00694633240991
0.00694554552927
0.00694477450767
0.00694401487053
0.0069432645804
0.00694252256527
0.00694178845101
0.00694106147632
0.00694034137261
0.00693962792673
0.00693892096527
0.00693822034235
0.00693752590226
0.00693683755937
0.00693615521051
0.00693547875761
0.00693480811158
0.00693414319241
0.00693348391096
0.00693283018908
0.00693218195201
0.0069315391332
0.00693090166534
0.00693026947045
0.00692964248188
0.00692902057169
0.00692840320603
0.00692779085571
0.00692718346024
0.00692658096031
0.00692598329732
0.00692539042531
0.00692480230677
0.00692421888359
0.00692364007266
0.00692306582099
0.006922496076
0.00692193078483
0.00692136989628
0.0069208133609
0.00692026113055
0.00691971315597
0.00691916939023
0.0069186297855
0.00691809429341
0.0069175628652
0.00691703545478
0.00691651202281
0.00691599251844
0.00691547689761
0.00691496511736
0.00691445713444
0.00691395290626
0.00691345239106
0.00691295554741
0.00691246128086
0.00691196923161
0.00691148076158
0.00691099607713
0.00691051497451
0.00691003731946
0.00690956307379
0.00690909220034
0.00690862440583
0.00690812864409
0.00690763709358
0.00690714939609
0.00690666538896
0.00690618496359
0.00690566226962
0.00690512846297
0.00690460000836
0.00690407633262
0.00690355707654
0.00690304201257
0.00690253096904
0.00690202382001
0.00690152046241
0.00690102080939
0.00690052478853
0.00690003233627
0.00689954339822
0.0068990579149
0.00689857583654
0.00689807899461
0.00689757825051
0.00689708491108
0.00689659683862
0.00689611355854
0.00689563442553
0.00689515943774
0.0068946883265
0.00689422088658
0.00689375696157
0.00689329642166
0.00689283916461
0.00689238510624
0.00689193417588
0.00689148641174
0.006891041915
0.00689060040924
0.0068901618362
0.00688972615436
0.00688929332569
0.0068888633191
0.00688843609741
0.0068880116287
0.00688758988282
0.00688717083077
0.00688675444468
0.00688634069678
0.00688592956041
0.00688552100954
0.00688511501869
0.00688471156285
0.00688431061756
0.00688391215867
0.00688351616238
0.0068831226055
0.00688273146633
0.00688234272978
0.00688195636429
0.00688157234764
0.00688119065797
0.0068808112736
0.00688043416641
0.00688005931843
0.0068796867128
0.00687931632892
0.00687894814668
0.00687858213283
0.00687821827976
0.00687785656862
0.00687749697996
0.00687713949462
0.00687678409399
0.00687643075888
0.00687607947062
0.00687573021078
0.00687538296121
0.00687503770384
0.0068746944209
0.00687435309471
0.00687401370779
0.00687367624284
0.00687334068284
0.00687300701083
0.00687267521006
0.00687234526394
0.00687201715605
0.0068716908701
0.00687136639003
0.00687104369995
0.00687072278405
0.00687040362693
0.00687008621361
0.00686977052836
0.00686945655565
0.0068691442804
0.00686883368811
0.00686852476427
0.00686821749418
0.0068679118633
0.00686760785764
0.00686730546295
0.0068670046653
0.00686670545073
0.00686640780559
