0.309086541884
0.248232333086
0.241604138196
0.238585949801
0.235891410287
0.233243189755
0.230742196152
0.228341306601
0.225976979121
0.223620484836
0.221251228624
0.218814202946
0.216299816027
0.21386239948
0.211481945663
0.209153645382
0.206994634732
0.205072424322
0.203343178381
0.201750168345
0.200231522747
0.198702125017
0.197091571981
0.195367562369
0.193633998286
0.192018377119
0.190546080076
0.189183884422
0.187849527438
0.186459975529
0.185013190804
0.183573028836
0.182162842062
0.180748584607
0.179312972483
0.177880045845
0.176469340055
0.175110747988
0.173828938123
0.172622498521
0.171461697628
0.170310482324
0.169152790989
0.167991854154
0.166834050678
0.165675424275
0.164517285057
0.163368448737
0.162256083213
0.161198378761
0.160201325518
0.159264857836
0.158367471628
0.157491477381
0.156630325078
0.155787866075
0.154969284328
0.154173830255
0.153395014007
0.152626695078
0.151858303957
0.15107958679
0.150292329417
0.149495959679
0.148685147085
0.147858039842
0.147014505215
0.146156540817
0.145295224249
0.14444281105
0.143612449795
0.142807604184
0.142027148491
0.141270811916
0.140537722152
0.139821356259
0.139110151736
0.138391533197
0.137650625139
0.136885736387
0.13610080729
0.1353058852
0.134510246306
0.133717569805
0.132928423045
0.132143396832
0.131368276009
0.130610242707
0.129872745209
0.129154975363
0.128457327763
0.127778230901
0.127109885722
0.126448260272
0.125795624734
0.125153377583
0.124525300967
0.123912569395
0.123313103341
0.122722947221
0.122136726099
0.121546636123
0.120944775072
0.120326521904
0.119682373297
0.119004821281
0.118288686283
0.117534989721
0.116751525337
0.115952737492
0.115156656739
0.114372386749
0.113604386352
0.112847471227
0.112100029231
0.111364100737
0.110643273411
0.109939143936
0.109250771216
0.108575237589
0.107905314959
0.107228473088
0.106530373735
0.105793810223
0.104998227665
0.104133974081
0.103207999555
0.102251786832
0.101300229895
0.100370485958
0.0994691871034
0.098590543163
0.097721426721
0.0968541814322
0.0959805179938
0.0950919256477
0.0941846306424
0.093257706693
0.0923092039527
0.0913375523318
0.0903429715171
0.0893298744796
0.0883054045605
0.0872796464894
0.0862594340638
0.0852471640865
0.0842409690989
0.0832378331001
0.0822366294325
0.0812422760426
0.0802620985606
0.0793037301103
0.0783780628905
0.0774940101073
0.076656753467
0.0758589239151
0.0750917825744
0.0743382098262
0.0735809199896
0.0728020138794
0.0719848734568
0.0711230039926
0.0702260831182
0.0693104359649
0.0683923098978
0.0674772157448
0.0665679200412
0.0656554483434
0.0647284561839
0.0637723864871
0.0627788781385
0.0617460053122
0.0606756650445
0.0595804344542
0.0584727449478
0.0573716337828
0.0562954458759
0.0552584095923
0.0542690623572
0.0533317137007
0.0524440738
0.0516028638282
0.0508024029272
0.0500382063983
0.0493101367062
0.0486173197384
0.0479571313101
0.0473254515194
0.0467196993995
0.046141970707
0.0455951420362
0.0450824134863
0.0446016378602
0.0441558024167
0.0437459593486
0.0433668924128
0.0430074944064
0.0426715258652
0.0423525810478
0.042045792
0.0417503767649
0.0414662927308
0.0411897342909
0.0409214245298
0.0406578601188
0.0403987165466
0.0401440907349
0.0398984988532
0.0396577755454
0.0394260081703
0.039202661506
0.038984577901
0.038768762814
0.0385598174037
0.0383572131287
0.0381600052898
0.0379653846657
0.0377706130174
0.037572096745
0.037379265198
0.0371917236284
0.0370119634835
0.036838206616
0.0366686634789
0.0365030735915
0.036339936272
0.0361796604069
0.0360204898359
0.035860799698
0.035702771496
0.0355428794303
0.0353843539296
0.0352277218733
0.0350737237621
0.0349214919089
0.0347689878811
0.0346107186446
0.0344537563791
0.0342973008729
0.0341410077313
0.033984269214
0.0338259126035
0.0336658231352
0.0335064405891
0.0333496012426
0.0331943509724
0.0330427772093
0.032894309972
0.032747909421
0.0326027889176
0.0324619810177
0.0323249086231
0.0321887856313
0.032053632283
0.0319199718303
0.0317845616116
0.0316507382646
0.0315195159226
0.0313916292884
0.031266781569
0.0311413808016
0.0310132970119
0.0308842955063
0.0307593218706
0.0306370741971
0.0305150733725
0.0303961013219
0.0302816982534
0.030169448092
0.0300569875947
0.0299474613471
0.0298390582324
0.0297356378995
0.0296363945959
0.0295413464218
0.0294498397897
0.0293600090532
0.0292701533817
0.0291815647187
0.0290942215551
0.0290087729648
0.0289251463503
0.0288443464186
0.0287659798456
0.0286894805889
0.0286156889886
0.0285445780827
0.0284723704061
0.0284031354648
0.028335025161
0.0282693286313
0.0282060367955
0.0281441322322
0.0280849235595
0.0280283025822
0.0279726484342
0.027918079517
0.0278651196622
0.0278135677517
0.027762661576
0.0277120933783
0.0276619625102
0.0276114950347
0.0275603463514
0.0275098385773
0.0274598003692
0.0274107040344
0.0273624253675
0.0273148517813
0.0272671616739
0.0272191239785
0.0271706511103
0.0271220350903
0.0270721605132
0.0270219463266
0.0269720108994
0.0269221399992
0.0268725550858
0.0268227031735
0.026772687956
0.026722453399
0.0266719872921
0.0266216159898
0.026570855825
0.0265171663953
0.0264630657935
0.0264085587243
0.0263536914041
0.0262972290249
0.0262407031474
0.0261837527879
0.0261189626115
0.0260499074339
0.0259747533347
0.0259005162283
0.0258268755203
0.0257503120181
0.0256706109651
0.0255894947537
0.0255116806541
0.0254385084514
0.025369726633
0.0253050042893
0.0252429254388
0.025177966464
0.0251115828769
0.0250465507828
0.0249825429706
0.0249199725942
0.024860026381
0.0248029688678
0.0247485445709
0.0246965091166
0.0246463550856
0.0245980513036
0.0245515134979
0.0245065752768
0.0244616252096
0.0244168155716
0.0243722519671
0.0243284065722
0.0242855791687
0.0242428088016
0.0242009733872
0.0241592095004
0.0241154736876
0.0240726683543
0.0240306106949
0.0239892568123
0.0239480880157
0.0239058190448
0.0238616208434
0.0238142474209
0.0237640334149
0.0237137502915
0.0236626042209
0.0236096151731
0.0235560790236
0.0235019238198
0.0234465908939
0.0233911398247
0.023336572062
0.0232816617795
0.023224086999
0.023165886514
0.0231089008197
0.0230533793823
0.0229968358952
0.0229383208343
0.0228812815559
0.0228252051303
0.0227693999545
0.022714773794
0.0226612845283
0.0226088767877
0.0225574191987
0.0225069987033
0.0224573476279
0.0224076108415
0.022358051999
0.0223072554825
0.0222570179298
0.0222076678362
0.0221590944781
0.0221109971478
0.0220606539483
0.0220079316677
0.0219563707935
0.0219051672108
0.0218546544192
0.0218017773704
0.0217502431154
0.0216999427191
0.0216507874697
0.0216006493118
0.0215500175195
0.0214998945037
0.0214501813593
0.0214007891344
0.0213516606724
0.0213027830158
0.0212541656569
0.0212042006542
0.021154290314
0.0211035410463
0.0210535433204
0.0210012693819
0.0209492109952
0.0208982417202
0.0208484646248
0.0207970909452
0.0207447314147
0.0206903132651
0.0206330748064
0.0205655898726
0.0204993071156
0.0204362605624
0.0203762134049
0.0203196727947
0.0202659274032
0.0202136641585
0.020164387937
0.0201178203841
0.0200736973723
0.0200317851867
0.0199918424569
0.0199536187269
0.0199145124953
0.0198769919047
0.019837176877
0.0197934677861
0.0197505038576
0.0197087580386
0.0196670187411
0.0196240869194
0.0195826785353
0.0195405870219
0.0194992337035
0.0194587141218
0.0194181277255
0.0193778555957
0.0193378665519
0.0192989223243
0.0192609901278
0.0192240102793
0.0191861344753
0.0191474154416
0.0191096406811
0.019072757088
0.0190367978163
0.0190004383712
0.0189621371632
0.0189235391183
0.0188834682453
0.0188436596586
0.0188049199503
0.0187671975285
0.0187303131538
0.0186943639503
0.0186594113149
0.0186236837311
0.0185885227033
0.018554466083
0.0185210700197
0.018486168588
0.0184509325574
0.0184159697137
0.0183819975062
0.0183468945421
0.0183115007656
0.0182740724394
0.0182343554622
0.0181918846885
0.018148161515
0.0180995185772
0.0180473063443
0.0179964320678
0.0179444054481
0.0178923702774
0.0178402324867
0.0177877267803
0.0177342822991
0.0176812863949
0.0176283714258
0.0175757712819
0.0175217986737
0.0174679731642
0.0174144434123
0.0173608451162
0.0173039960993
0.0172455177467
0.0171822561239
0.0171205186331
0.0170605047611
0.0170023196966
0.0169443788748
0.0168852480425
0.0168290618233
0.0167744105764
0.0167187595837
0.0166663624445
0.0166170984417
0.0165705212595
0.0165248124375
0.0164783916454
0.0164335816158
0.0163917846525
0.0163466294924
0.0163024516509
0.0162613994596
0.0162238375994
0.016187024239
0.0161527298207
0.0161204411616
0.0160890092758
0.0160590901826
0.0160312130431
0.0160043008071
0.0159792158901
0.0159557145531
0.0159336521746
0.0159128528459
0.0158931667179
0.015874053147
0.0158558395857
0.0158384876673
0.0158219190807
0.0158060680322
0.0157907173429
0.0157756021299
0.0157610610779
0.0157470485643
0.0157335484552
0.0157204782144
0.0157078229119
0.0156955005216
0.0156834519394
0.0156717611847
0.0156601417201
0.0156479207797
0.0156360652262
0.0156245614782
0.015613385822
0.015602516988
0.0155919590525
0.0155816822229
0.0155716567924
0.0155618641682
0.015552049697
0.0155417143037
0.0155303063871
0.0155191920639
0.0155082505737
0.0154976046743
0.0154872379681
0.0154771770172
0.0154673873059
0.0154578304048
0.0154484927932
0.0154393580638
0.0154303909561
0.0154216550806
0.0154131192586
0.0154047440883
0.0153965104244
0.0153884208051
0.0153804534821
0.0153726166204
0.0153649074292
0.0153572411509
0.0153493894938
0.0153416684625
0.0153340226213
0.0153263399583
0.0153188034329
0.0153113846287
0.0153040419576
0.015296822254
0.0152896508842
0.0152822452602
0.0152747879056
0.0152672426855
0.0152598243786
0.0152525068026
0.0152445736429
0.0152367865795
0.0152291354215
0.0152216153205
0.0152142154142
0.0152069722813
0.0151996649336
0.0151921905494
0.0151848828831
0.0151777097014
0.0151706367871
0.0151636491513
0.0151567445016
0.0151498869831
0.015143011556
0.0151362162424
0.0151295248008
0.0151229625967
0.0151164448277
0.0151099898851
0.0151035983877
0.0150972643509
0.0150909915014
0.0150847822052
0.0150786332365
0.0150726019917
0.0150666183489
0.0150606794384
0.0150547916562
0.0150489610043
0.0150431191688
0.015037271415
0.0150314720071
0.0150257444793
0.0150200528079
0.0150143573349
0.0150086586944
0.0150029877875
0.0149973839477
0.0149917926054
0.014986221524
0.0149806810628
0.0149750634634
0.0149693216222
0.0149636129474
0.0149579360862
0.0149522909573
0.0149466760613
0.0149411513844
0.0149356672405
0.0149302174537
0.0149247945857
0.0149193979917
0.0149138744657
0.0149082787846
0.0149027225864
0.014897192201
0.0148915149642
0.014885710499
0.0148798646235
0.0148740577461
0.0148682846656
0.0148625452742
0.0148568399987
0.0148511767315
0.0148455514652
0.0148398622026
0.014834192916
0.0148285559648
0.014822947322
0.0148172725563
0.0148116042235
0.014805995902
0.0148003084401
0.0147945843725
0.0147887635042
0.0147829481412
0.0147771594211
0.01477139488
0.0147656238588
0.0147598651832
0.0147541292269
0.0147484379128
0.0147427858731
0.0147371313131
0.0147315186543
0.0147259306929
0.014720346088
0.0147147971249
0.0147092664359
0.014703754078
0.0146982605668
0.0146927889321
0.0146873278082
0.01468186457
0.0146764167609
0.0146709671682
0.0146651876343
0.0146591665466
0.0146529085394
0.0146466818115
0.0146405063436
0.0146343801497
0.0146282994456
0.0146222612796
0.0146162643426
0.0146103173359
0.0146042888843
0.014598271085
0.0145922891765
0.0145863410543
0.0145804266631
0.0145744776428
0.0145685338337
0.0145626362264
0.0145567676489
0.0145509136999
0.0145451521563
0.0145394406095
0.0145335479108
0.0145274933646
0.0145214797217
0.0145155048528
0.0145095527997
0.0145036346168
0.0144977659357
0.0144919333087
0.0144861317702
0.0144803637471
0.0144746302591
0.0144689293738
0.0144632606602
0.0144575936126
0.0144519155725
0.0144460436526
0.0144402188048
0.0144344359851
0.0144286928332
0.0144229881516
0.0144173242606
0.0144116979542
0.0144061102433
0.0144005597646
0.0143950441017
0.0143895734549
0.0143841710277
0.0143788041751
0.0143734039432
0.0143680090778
0.0143626528139
0.0143573422723
0.0143520689275
0.0143468278247
0.0143416179952
0.014336440478
0.0143312930116
0.0143262158037
0.0143211455587
0.0143160759658
0.0143110054184
0.0143058119758
0.0143006461298
0.014295507617
0.0142903962233
0.014285146831
0.0142798231697
0.0142745206115
0.0142692541678
0.0142640181288
0.0142588137189
0.014253632407
0.0142484821566
0.014243363852
0.0142382255089
0.0142331002067
0.0142279749176
0.0142228514182
0.0142177559303
0.0142126868399
0.0142076235925
0.014202546389
0.0141974969218
0.0141924774836
0.0141874862233
0.0141825199291
0.0141775780978
0.014172663812
0.014167775363
0.014162913684
0.0141580752814
0.0141532567184
0.0141483906578
0.0141435463919
0.0141387290562
0.0141339401823
0.0141290823035
0.0141241529554
0.0141191545753
0.0141141838001
0.0141092782019
0.0141043997884
0.0140995219458
0.0140946604435
0.014089819845
0.0140850027885
0.0140801955879
0.0140752749309
0.0140703531
0.0140654533094
0.0140605770458
0.0140557154095
0.0140508456786
0.014045976285
0.0140411166459
0.0140362826887
0.014031474022
0.0140267096252
0.0140219697696
0.0140172504987
0.0140125525161
0.0140078222185
0.0140030508135
0.0139983022666
0.0139935750565
0.013988869712
0.0139841852457
0.0139795258634
0.0139748882319
0.0139702699763
0.0139656753013
0.0139611019219
0.0139565579574
0.0139520329676
0.0139474082275
0.0139427794793
0.013938169898
0.0139335826789
0.0139290130466
0.0139244631785
0.0139199295464
0.01391543935
0.0139109786348
0.0139065406028
0.0139021188685
0.0138977130583
0.0138933524177
0.0138889975682
0.0138846584786
0.0138803321931
0.0138760312526
0.013871783373
0.0138674972562
0.0138631586694
0.0138588439858
0.013854529362
0.0138502086548
0.0138459053688
0.0138416197529
0.0138373498851
0.0138330307514
0.0138286063993
0.0138242250143
0.0138198602
0.0138154232164
0.0138109220351
0.0138064395867
0.013801976629
0.013797529617
0.0137930828348
0.0137885920579
0.0137840876559
0.013779565535
0.0137750585197
0.013770567044
0.0137660917133
0.0137616315334
0.0137571863372
0.0137527863599
0.0137484198289
0.013744071069
0.0137397421302
0.0137354438078
0.0137311813026
0.0137268367433
0.0137225068394
0.0137182709095
0.0137140964961
0.01370995739
0.0137057972528
0.0137016213133
0.0136974045995
0.0136932257947
0.0136889072065
0.0136844019443
0.0136799326045
0.0136754752144
0.0136709151095
0.0136663810078
0.0136618749743
0.013657397005
0.0136529502993
0.0136485257734
0.0136441231555
0.0136397443794
0.0136353871595
0.0136310467443
0.0136267246927
0.0136224710474
0.0136181760021
0.0136138983593
0.0136096376732
0.0136053976552
0.0136011629545
0.0135969445608
0.0135927424034
0.0135885926944
0.0135844581395
0.0135802784284
0.0135760506682
0.0135718374564
0.013567639077
0.0135634574098
0.0135592987601
0.0135551539957
0.0135510271532
0.0135469172468
0.0135428225652
0.0135387412415
0.0135346730436
0.0135306206451
0.0135265853316
0.0135225841978
0.0135186026171
0.0135146333802
0.0135106770471
0.0135067193198
0.0135027531278
0.0134987958307
0.0134949115521
0.0134910466482
0.013487196233
0.0134833612864
0.0134795384141
0.0134757394322
0.0134719706401
0.0134682157582
0.0134644729141
0.0134607413785
0.0134570206809
0.0134533106593
0.0134496118264
0.0134459240083
0.0134422482902
0.0134385919331
0.0134349421592
0.0134313018055
0.0134276714036
0.0134240510806
0.0134204408268
0.0134168266027
0.013413221002
0.0134096263075
0.0134060421149
0.0134024697689
0.0133989006688
0.0133953530997
0.013391824068
0.0133883047414
0.0133847990061
0.0133813141226
0.0133778416039
0.0133744202794
0.013371011974
0.0133675946577
0.0133641543662
0.0133607289591
0.0133573153304
0.0133539137492
0.0133505221487
0.0133471302581
0.0133437289573
0.0133403377186
0.0133369559098
0.0133335828381
0.0133300864549
0.0133265276705
0.0133229960353
0.0133194913945
0.0133160140115
0.013312566399
0.0133091323275
0.0133057106961
0.0133022998749
0.0132989004669
0.0132955117978
0.0132921331001
