0.459744902555
0.445413949749
0.353626552513
0.077652361722
0.0714499303353
0.0676693836467
0.063690224398
0.060239847905
0.0577079746886
0.0557430064986
0.0542288118209
0.0528391769281
0.0516177201864
0.0505307348845
0.049427684979
0.0484724443034
0.0476719589645
0.0469061450449
0.0460328912829
0.0451639192763
0.0444081600601
0.0437226836977
0.0430574477974
0.0424300018851
0.0418703962039
0.0413399727294
0.0407780255814
0.040237378901
0.0397378245306
0.0392852301244
0.0389050729369
0.0385418123345
0.0381736375882
0.0377587445423
0.0372790756992
0.0367394076368
0.036138584615
0.0353461208152
0.0345353900047
0.0339023165137
0.0334145623492
0.032981994023
0.0325607446783
0.0321225060373
0.0316442967681
0.0311060174191
0.0305479450648
0.0300784883718
0.0297067153667
0.0294167996299
0.0291770222387
0.0289648570096
0.0287585420844
0.0285705039795
0.0283970965864
0.0282358213479
0.0280838090576
0.0279386512864
0.0278002921641
0.0276691622858
0.0275447576905
0.027421296844
0.0273015944349
0.0271828141235
0.0270667543043
0.0269528725302
0.0268410451747
0.0267363406729
0.0266322988233
0.0265228429512
0.0264117167166
0.0262962334602
0.0261793752977
0.0260607137858
0.0259402073248
0.0258169431618
0.0256846753037
0.0255448064751
0.0254113077162
0.0252923598946
0.0251826818315
0.0250781388223
0.0249805185405
0.0248871224573
0.0247981990263
0.024715223445
0.0246383588638
0.0245666012724
0.0245005912278
0.0244390509758
0.0243804657124
0.0243251397194
0.0242734607172
0.0242259893013
0.024181359795
0.0241385567107
0.02409743298
0.0240583979034
0.0240201878264
0.0239823498784
0.0239414627768
0.0238999524561
0.0238585024443
0.023817823501
0.0237746438313
0.0237291462492
0.0236806432057
0.0236302970789
0.023577229722
0.0235233320322
0.0234680872184
0.0234152164402
0.0233646250034
0.0233141008395
0.0232635880446
0.0232087924922
0.0231535551226
0.0230963004006
0.0230370094611
0.022975613088
0.0229129649821
0.0228510374944
0.0227935773442
0.0227378562315
0.0226824891407
0.0226274446299
0.0225719274666
0.0225161672309
0.0224608336562
0.0224057351994
0.0223507144181
0.0222958988224
0.0222406059328
0.0221859979465
0.0221320726164
0.0220771741572
0.0220238329561
0.0219723273213
0.0219215765762
0.0218719672672
0.0218237937332
0.0217789788046
0.021738452614
0.0217009179723
0.0216650101549
0.0216305024643
0.0215977636339
0.0215673296968
0.0215389464318
0.0215129108406
0.0214877778511
0.0214633798513
0.0214390704803
0.0214151113222
0.02139141101
0.0213680715999
0.0213469291567
0.0213262412436
0.021305922375
0.0212857840243
0.0212657821753
0.0212467720736
0.0212282073018
0.0212097291181
0.0211913030357
0.0211729196447
0.0211552684831
0.0211387600536
0.0211224898278
0.0211062414546
0.0210887341761
0.0210702609983
0.0210469224852
0.0210256940907
0.0210060605151
0.0209870667733
0.0209684484826
0.0209500774874
0.0209315719208
0.020912920742
0.0208944003211
0.0208759450858
0.0208574890303
0.0208388200179
0.020820087346
0.0208012621214
0.0207826556106
0.0207641051683
0.0207453361888
0.0207263150203
0.0207070173254
0.0206876586122
0.0206685526272
0.0206494975778
0.0206303515101
0.020611246248
0.0205922597307
0.0205733844543
0.020554694993
0.0205362654514
0.0205181672538
0.0205004622008
0.0204832025082
0.0204664304599
0.0204501777916
0.0204348782222
0.0204205003928
0.0204064151782
0.0203926788911
0.0203795346519
0.0203653219734
0.020350247084
0.0203360027432
0.0203226231373
0.0203099842548
0.0202979917779
0.0202864865692
0.020275471612
0.0202651700771
0.0202555787398
0.0202463061436
0.0202363006834
0.0202268625145
0.0202179939715
0.0202095753662
0.0202015726162
0.0201939574391
0.02018662427
0.0201795911803
0.020172883634
0.0201664795728
0.020160358652
0.0201542029468
0.0201482789841
0.0201425983014
0.0201372114639
0.0201320542729
0.0201270978332
0.0201223312025
0.0201177414008
0.0201133167284
0.0201090476644
0.0201049272565
0.0201009451488
0.0200970879702
0.0200933480615
0.0200897184035
0.0200861925447
0.0200827645141
0.0200796671632
0.0200767203012
0.0200738616868
0.0200710859072
0.0200683884925
0.0200657647871
0.0200632103279
0.0200607212777
0.0200582941
0.0200559255196
0.0200536124975
0.0200513522145
0.0200492819644
0.0200473390207
0.020045449157
0.020043609232
0.0200418163935
0.020040068008
0.0200383616321
0.0200366949959
0.0200350660084
0.0200334727159
0.0200319132955
0.0200303860456
0.0200288893761
0.0200274182048
0.0200259677431
0.0200245457561
0.0200231500579
0.0200217798987
0.0200204347677
0.0200191131983
0.0200178128276
0.0200165311435
0.0200152612875
0.0200140110453
0.0200127791857
0.0200115648677
0.0200103673269
0.0200091858538
0.0200080197829
0.020006868487
0.0200057313729
0.0200046078801
0.0200034974062
0.0200023994325
0.0200013135727
0.0200002393698
0.0199991763893
0.0199981242177
0.0199970824613
0.019996051803
0.0199950309032
0.0199940193413
0.0199931150577
0.0199922380404
0.0199913701472
0.0199905108411
0.0199896596698
0.0199888162289
0.0199879801467
0.0199871510765
0.0199863286931
0.0199855126894
0.0199847027757
0.0199838986799
0.0199831002458
0.0199823096092
0.0199815240176
0.0199807429467
0.0199799665338
0.0199791945775
0.019978426888
0.0199776632846
0.0199769035965
0.0199761476612
0.0199753953247
0.0199746464402
0.0199739008686
0.0199731584777
0.0199724191413
0.0199716827395
0.0199709491584
0.0199702182898
0.0199694900307
0.0199687642832
0.0199680409542
0.0199673199557
0.0199666012036
0.0199658846196
0.0199651701168
0.0199644576307
0.0199637470973
0.0199630384524
0.0199623366296
0.0199616399679
0.0199609450656
0.0199602518621
0.0199595603025
0.019958870336
0.0199581819156
0.0199574949975
0.0199568095409
0.0199561255083
0.0199554428646
0.0199547615778
0.0199540816184
0.0199534029593
0.0199527255761
0.0199520494466
0.0199513745509
0.0199507008713
0.0199500283923
0.0199493586018
0.0199486901573
0.0199480228826
0.0199473567688
0.0199466918094
0.0199460279992
0.019945365335
0.0199447038147
0.0199440434382
0.0199433842105
0.0199427261422
0.0199420692241
0.0199414134614
0.0199407588619
0.0199401054295
0.0199394531719
0.0199388020975
0.0199381524082
0.0199375056115
0.0199368603038
0.019936216198
0.019935573305
0.0199349316368
0.019934291206
0.0199336519669
0.0199330139102
0.0199323771298
0.0199317416395
0.019931107453
0.0199304745841
0.0199298430465
0.0199292128539
0.0199285840197
0.0199279565576
0.0199273304809
0.0199267058021
0.0199260825338
0.0199254606885
0.0199248402813
0.019924221324
0.0199236038242
0.0199229877928
0.0199223732402
0.0199217601766
0.0199211486109
0.019920538552
0.0199199300085
0.0199193331218
0.0199187725783
0.0199182142901
0.0199176581905
0.0199171042218
0.019916552332
0.0199160024724
0.019915454597
0.019914908662
0.0199143646259
0.0199138224487
0.0199132820923
0.0199127435202
0.0199122081047
0.0199116849224
0.0199111695133
0.0199106558676
0.0199101438274
0.0199096333073
0.019909124253
0.0199086166248
0.0199081103897
0.0199076055185
0.0199071019844
0.0199065997622
0.0199060988283
0.0199055991601
0.0199051007361
0.0199046035358
0.0199041075395
0.0199036127283
0.0199031190844
0.0199026265903
0.0199021352294
0.0199016449857
0.0199011558436
0.0199006677882
0.0199001808051
0.0198996948803
0.0198992100003
0.019898726152
0.0198982433227
0.0198977614999
0.0198972806719
0.0198968008267
0.019896321953
0.0198958440396
0.0198953670757
0.0198948910508
0.0198944159544
0.0198939417765
0.0198934685073
0.0198929961369
0.019892524656
0.0198920540552
0.0198915843255
0.0198911154579
0.0198906474437
0.0198901802742
0.019889713941
0.0198892484349
0.0198887837429
0.019888319863
0.0198878567873
0.0198873945079
0.0198869330173
0.0198864723078
0.0198860123722
0.0198855532031
0.0198850947933
0.0198846371358
0.0198841802236
0.0198837240498
0.0198832686076
0.0198828138903
0.0198823598914
0.0198819066044
0.0198814540228
0.0198810021403
0.0198805509507
0.0198801004478
0.0198796495188
0.0198791905233
0.0198787324307
0.0198782751142
0.0198778185192
0.0198773626193
0.0198769074003
0.0198764528525
0.0198759989689
0.0198755457432
0.01987509317
0.0198746412437
0.0198741899592
0.0198737412171
0.0198732938813
0.0198728471772
0.0198724010994
0.0198719556434
0.0198715108043
0.0198710665825
0.0198706231267
0.0198701802754
0.0198697379054
0.01986929612
0.0198688549279
0.0198684143246
0.0198679743059
0.0198675348677
0.0198670960057
0.0198666577157
0.0198662199938
0.0198657828681
0.0198653463749
0.019864910438
0.0198644750535
0.0198640402176
0.0198636059263
0.0198631721759
0.0198627389624
0.0198623062822
0.0198618741315
0.0198614425063
0.0198610114033
0.0198605823678
0.0198601560049
0.0198597301294
0.0198593047376
0.0198588798259
0.0198584553907
0.0198580314286
0.0198576079362
0.0198571849103
0.0198567623475
0.0198563402446
0.0198559185984
0.0198554976507
0.0198550773845
0.019854657564
0.0198542381815
0.0198538192382
0.0198534007404
0.0198529827353
0.0198525651615
0.019852148016
0.0198517312961
0.0198513149989
0.0198508991685
0.0198504838594
0.019850068964
0.0198496544795
0.0198492404032
0.0198488267324
0.0198484134647
0.0198480005975
0.0198475881281
0.0198471760541
0.0198467643731
0.0198463530824
0.0198459421798
0.0198455316628
0.0198451215289
0.0198447117758
0.0198443024012
0.0198438934027
0.019843484778
0.0198430765248
0.0198426686409
0.019842261124
0.0198418539719
0.0198414471823
0.019841040753
0.019840634682
0.0198402289669
0.0198398236057
0.0198394185963
0.0198390139365
0.0198386096243
0.0198382056576
0.0198378020344
0.0198373987526
0.0198369958102
0.0198365999932
0.0198362049348
0.0198358102411
0.0198354159061
0.0198350219259
0.0198346282977
0.019834237087
0.0198338502261
0.0198334638424
0.0198330778651
0.0198326922638
0.0198323070234
0.019831922135
0.0198315375928
0.0198311533918
0.019830769528
0.0198303859976
0.019830002797
0.0198296199229
0.019829237372
0.0198288551414
0.0198284732281
0.0198280916292
0.0198277103421
0.019827329364
0.0198269486939
0.0198265683325
0.019826188273
0.0198258085129
0.0198254290501
0.0198250498825
0.0198246710079
0.0198242924243
0.0198239141297
0.0198235361221
0.0198231583997
0.0198227809606
0.0198224038031
0.0198220269253
0.0198216503255
0.019821274002
0.0198208979533
0.0198205221775
0.0198201466733
0.0198197714389
0.0198193964729
0.0198190217737
0.0198186473398
0.0198182731699
0.0198178992624
0.0198175256343
0.0198171522935
0.019816779212
0.0198164063881
0.0198160338203
0.019815661507
0.0198152894472
0.0198149176393
0.0198145460823
0.0198141747749
0.0198138037157
0.0198134329037
0.0198130623375
0.0198126920161
0.0198123219382
0.0198119521026
0.0198115825083
0.0198112131541
0.0198108440388
0.0198104751615
0.0198101065208
0.0198097381159
0.0198093699456
0.0198090020088
0.0198086343045
0.0198082668318
0.0198078995894
0.0198075325765
0.0198071657921
0.019806799235
0.0198064329045
0.0198060667994
0.0198057009189
0.0198053352619
0.0198049698276
0.019804604615
0.0198042396231
0.0198038748512
0.0198035102982
0.0198031459634
0.0198027818457
0.0198024179444
0.0198020542585
0.0198016907873
0.0198013275298
0.0198009644853
0.0198006016529
0.0198002390319
0.0197998720523
0.0197995042723
0.0197991372279
0.019798770672
0.0197984044986
0.0197980386598
0.0197976731321
0.0197973079022
0.0197969429614
0.0197965783031
0.0197962139218
0.019795849813
0.0197954859722
0.0197951223958
0.0197947590803
0.0197943960224
0.0197940332192
0.0197936706679
0.0197933083661
0.0197929463113
0.0197925845014
0.0197922229343
0.0197918616081
0.019791500521
0.0197911396713
0.0197907790573
0.0197904186775
0.0197900585306
0.0197896986151
0.0197893389338
0.0197889794922
0.0197886203097
0.0197882614774
0.0197879028715
0.0197875444909
0.0197871863346
0.0197868284016
0.0197864706909
0.0197861132017
0.0197857559329
0.0197853988839
0.0197850420537
0.0197846854415
0.0197843290465
0.019783972868
0.0197836169052
0.0197832611573
0.0197829056236
0.0197825503035
0.0197821951962
0.0197818403011
0.0197814856174
0.0197811311447
0.0197807768821
0.0197804228291
0.0197800689852
0.0197797153496
0.0197793619218
0.0197790087012
0.0197786556873
0.0197783028795
0.0197779502772
0.0197775978799
0.0197772456871
0.0197768936983
0.0197765419129
0.0197761883909
0.0197758327741
0.0197754775783
0.0197751227049
0.019774768112
0.0197744137811
0.0197740597027
0.0197737058719
0.0197733522849
0.0197729989406
0.0197726458354
0.0197722929758
0.0197719403597
0.0197715879775
0.0197712358278
0.0197708839091
0.0197705322201
0.0197701807584
0.0197698295201
0.0197694785086
0.0197691277228
0.0197687771615
0.019768426824
0.0197680767092
0.0197677268163
0.0197673771446
0.0197670276931
0.0197666784613
0.0197663294483
0.0197659806534
0.0197656320761
0.0197652837157
0.0197649355716
0.0197645876432
0.0197642399299
0.0197638924312
0.0197635451466
0.0197631980755
0.0197628506491
0.0197625031665
0.0197621559552
0.0197618089916
0.0197614622652
0.019761115771
0.0197607695062
0.0197604234689
0.0197600776577
0.0197597320714
0.019759386709
0.0197590415695
0.0197586966521
0.0197583519558
0.01975800748
0.0197576632239
0.0197573191868
0.019756975368
0.0197566317668
0.0197562883828
0.0197559452154
0.0197556022639
0.0197552595279
0.0197549170069
0.0197545747004
0.0197542326079
0.0197538916676
0.0197535510977
0.0197532107395
0.0197528705927
0.0197525306569
0.0197521909319
0.0197518514172
0.0197515121125
0.0197511730176
0.019750834132
0.0197504954556
0.0197501569882
0.0197498187294
0.0197494806789
0.0197491428363
0.0197488052014
0.019748467774
0.0197481305538
0.0197477935406
0.0197474567341
0.019747120134
0.0197467837403
0.0197464475525
0.0197461115706
0.0197457757943
0.0197454402233
0.0197451048576
0.0197447696968
0.0197444347409
0.0197440999895
0.0197437654426
0.0197434311
0.0197430969614
0.0197427630268
0.0197424292959
0.0197420957685
0.0197417624447
0.0197414293241
0.0197410964066
0.0197407636922
0.0197404311806
0.0197400988716
0.0197397667653
0.0197394348614
0.0197391031598
0.0197387716604
0.0197384403631
0.0197381092677
0.0197377783742
0.0197374476825
0.0197371171924
0.0197367869041
0.0197364568172
0.0197361269317
0.0197357972474
0.0197354677644
0.0197351384824
0.0197348094014
0.0197344805214
0.0197341518422
0.0197338233638
0.0197334950862
0.0197331670095
0.0197328391335
0.019732511458
0.019732183983
0.0197318567084
0.0197315296342
0.0197312027603
0.0197308760867
0.0197305496134
0.0197302233403
0.0197298972674
0.0197295713947
0.019729245722
0.0197289202495
0.019728594977
0.0197282699046
0.0197279450322
0.0197276203598
0.0197272958874
0.019726971615
0.0197266475425
0.01972632367
0.0197259999975
0.019725676525
0.0197253532523
0.0197250301796
0.0197247073068
0.019724384634
0.0197240621613
0.0197237398885
0.0197234178157
0.0197230959431
0.0197227742705
0.0197224527981
0.0197221315257
0.0197218104535
0.0197214895814
0.0197211689095
0.0197208484379
0.0197205281665
0.0197202080955
0.0197198882248
0.0197195685545
0.0197192490846
0.0197189298152
0.0197186107464
0.0197182918852
0.0197179732252
0.019717654766
0.0197173365075
0.0197170184633
0.0197167006501
0.0197163830383
0.0197160656278
0.0197157484186
0.0197154314113
0.0197151146056
0.0197147980016
0.0197144815992
0.0197141653986
0.0197138493998
0.0197135336029
0.019713218008
0.0197129026152
0.0197125874246
0.0197122724363
0.0197119576502
0.0197116430667
0.0197113286856
0.0197110145071
0.0197107005314
0.0197103867585
0.0197100731884
0.0197097598214
0.0197094466575
0.0197091336968
0.0197088209394
0.0197085083854
0.0197081960349
0.0197078838881
0.019707571945
0.0197072602058
0.0197069486706
0.0197066373394
0.0197063262124
0.0197060152898
0.0197057045715
0.0197053940578
0.0197050837489
0.0197047736448
0.0197044637456
0.0197041540515
0.0197038445625
0.0197035352788
0.0197032262005
0.0197029173278
0.0197026086608
0.0197023001996
0.0197019919444
0.0197016838952
0.0197013760523
0.0197010684157
0.0197007609857
0.0197004537622
0.0197001467456
0.0196998399358
0.0196995333332
0.0196992269377
0.0196989207496
0.0196986147689
0.0196983089959
0.0196980034307
0.0196976980735
0.0196973929243
0.0196970879833
0.0196967832508
0.0196964787268
0.0196961744114
0.0196958703049
