0.477556
0.476811
0.475905
0.474918
0.473653
0.471954
0.470085
0.468063
0.465708
0.461882
0.456881
0.450504
0.443809
0.438224
0.430596
0.42449
0.419524
0.412646
0.406042
0.398296
0.391804
0.385187
0.377
0.36963
0.362664
0.35534
0.348462
0.342283
0.335646
0.329783
0.324724
0.320117
0.314614
0.309526
0.304667
0.29986
0.295881
0.291952
0.288193
0.284196
0.279099
0.273591
0.269478
0.264398
0.260323
0.256544
0.253436
0.249325
0.245567
0.241289
0.236012
0.231346
0.227179
0.223499
0.21994
0.21693
0.213987
0.210911
0.20759
0.204672
0.201804
0.198826
0.195886
0.192861
0.189656
0.187033
0.184303
0.181303
0.178684
0.176421
0.17425
0.172054
0.170077
0.168379
0.166783
0.164986
0.163286
0.161783
0.16042
0.159133
0.157862
0.156467
0.154945
0.153551
0.152243
0.150958
0.149696
0.148392
0.147096
0.145908
0.144822
0.143792
0.142763
0.141667
0.140455
0.139192
0.138002
0.136854
0.13575
0.134665
0.133533
0.132368
0.131276
0.130233
0.129166
0.128025
0.126838
0.125658
0.124521
0.123481
0.122589
0.121843
0.121216
0.120679
0.120206
0.11977
0.119352
0.118937
0.118502
0.118014
0.117431
0.116721
0.11588
0.11491
0.113819
0.112565
0.111285
0.110149
0.109157
0.108248
0.107401
0.106602
0.105831
0.105048
0.104206
0.103265
0.102193
0.101059
0.099976
0.0989676
0.0980792
0.0973031
0.0965809
0.0958381
0.0950256
0.0941443
0.0932379
0.0923708
0.091574
0.090819
0.0900618
0.0892613
0.0884443
0.0876646
0.0869255
0.0862141
0.0855226
0.084845
0.0841382
0.0833556
0.0825291
0.0817247
0.0809452
0.0801585
0.0793232
0.0784378
0.0775676
0.0767604
0.0759892
0.075236
0.0745095
0.0737975
0.0730902
0.0723971
0.0716995
0.0709727
0.0702139
0.0694374
0.0686297
0.0677685
0.0668786
0.0659867
0.0651229
0.0643252
0.0635897
0.0628766
0.0621821
0.0615324
0.0609286
0.060346
0.0597728
0.0592135
0.0586617
0.0581174
0.0575975
0.0571001
0.0566068
0.0560993
0.0555517
0.0549249
0.0542506
0.053559
0.0528669
0.0522017
0.0515595
0.0508882
0.0501396
0.0493644
0.0486497
0.0479904
0.0473751
0.0467925
0.0462508
0.045763
0.0453164
0.044892
0.0444676
0.0440246
0.0435443
0.04301
0.0424085
0.041726
0.0409865
0.0402786
0.0396442
0.0390842
0.0385651
0.0380581
0.0375402
0.0369706
0.0363489
0.0357254
0.0351626
0.0346671
0.0342257
0.0338284
0.033465
0.0331125
0.0327525
0.0323848
0.0320179
0.0316664
0.0313398
0.0310375
0.0307523
0.0304754
0.0301936
0.0299051
0.0296053
0.0293088
0.0290322
0.0287842
0.0285596
0.0283638
0.0281935
0.0280436
0.0279092
0.0277885
0.0276758
0.0275685
0.0274657
0.0273647
0.0272647
0.0271654
0.0270667
0.0269687
0.0268719
0.0267754
0.0266787
0.0265824
0.026486
0.0263894
0.0262946
0.0262014
0.0261097
0.0260197
0.0259308
0.0258428
0.0257555
0.0256691
0.0255828
0.0254975
0.0254139
0.0253324
0.0252531
0.0251751
0.0250983
0.0250223
0.0249471
0.0248733
0.0248003
0.0247284
0.0246577
0.0245884
0.0245205
0.0244539
0.0243883
0.0243233
0.0242587
0.0241942
0.0241302
0.0240664
0.0240031
0.0239406
0.0238793
0.0238196
0.0237617
0.0237057
0.0236514
0.0235989
0.0235478
0.0234981
0.0234497
0.0234021
0.0233552
0.0233088
0.0232626
0.0232166
0.0231707
0.0231246
0.0230785
0.0230324
0.0229862
0.0229403
0.0228946
0.0228494
0.0228048
0.0227609
0.022718
0.0226761
0.0226353
0.0225955
0.0225568
0.022519
0.0224821
0.0224461
0.0224107
0.022376
0.0223417
0.022308
0.0222746
0.0222417
0.0222092
0.0221772
0.0221456
0.0221144
0.0220839
0.0220539
0.0220245
0.0219957
0.0219677
0.0219404
0.0219138
0.0218879
0.0218627
0.0218382
0.0218144
0.0217912
0.0217686
0.0217466
0.0217251
0.021704
0.0216838
0.021664
0.0216446
0.0216255
0.0216067
0.021588
0.0215695
0.0215512
0.021533
0.0215149
0.0214968
0.0214789
0.0214609
0.021443
0.0214247
0.0214063
0.021388
0.0213696
0.0213513
0.0213329
0.0213146
0.0212964
0.0212782
0.0212602
0.0212422
0.0212244
0.0212068
0.0211894
0.0211721
0.0211551
0.0211383
0.0211217
0.0211054
0.0210893
0.0210735
0.0210579
0.0210425
0.0210274
0.0210124
0.0209978
0.0209833
0.020969
0.0209549
0.020941
0.0209273
0.0209138
0.0209004
0.0208871
0.0208741
0.0208612
0.0208484
0.0208358
0.0208233
0.020811
0.0207988
0.0207867
0.0207747
0.0207628
0.0207511
0.0207395
0.020728
0.0207167
0.0207055
0.0206944
0.0206835
0.0206727
0.020662
0.0206515
0.020641
0.0206307
0.0206205
0.0206105
0.0206005
0.0205907
0.0205809
0.0205713
0.0205617
0.0205523
0.020543
0.0205338
0.0205246
0.0205156
0.0205066
0.0204977
0.0204889
0.0204803
0.0204716
0.0204631
0.0204545
0.0204455
0.0204368
0.0204281
0.0204194
0.0204109
0.0204024
0.020394
0.0203857
0.0203775
0.0203693
0.0203612
0.0203531
0.0203452
0.0203374
0.0203296
0.0203219
0.0203142
0.0203066
0.0202991
0.0202917
0.0202843
0.0202769
0.0202697
0.0202625
0.0202554
0.0202483
0.0202413
0.0202344
0.0202275
0.0202207
0.020214
0.0202073
0.0202007
0.0201941
0.0201876
0.0201812
0.0201748
0.0201685
0.0201622
0.020156
0.0201499
0.0201438
0.0201378
0.0201318
0.0201259
0.0201201
0.0201143
0.0201085
0.0201028
0.0200972
0.0200916
0.020086
0.0200804
0.0200747
0.0200691
0.0200635
0.020058
0.0200525
0.0200471
0.0200417
0.0200363
0.020031
0.0200258
0.0200206
0.0200155
0.0200103
0.0200053
0.0200002
0.0199952
0.0199903
0.0199853
0.0199804
0.0199756
0.0199707
0.0199659
0.0199611
0.0199564
0.0199516
0.0199469
0.0199423
0.0199376
0.019933
0.0199284
0.0199238
0.0199193
0.0199148
0.0199103
0.0199058
0.0199013
0.0198969
0.0198925
0.0198881
0.0198837
0.0198794
0.0198751
0.0198708
0.0198665
0.0198622
0.019858
0.0198537
0.0198495
0.0198453
0.0198411
0.019837
0.0198328
0.0198287
0.0198246
0.0198205
0.0198165
0.0198124
0.0198084
0.0198044
0.0198004
0.0197964
0.0197925
0.0197885
0.0197845
0.0197806
0.0197767
0.0197728
0.0197689
0.019765
0.0197611
0.0197572
0.0197534
0.0197496
0.0197457
0.0197419
0.0197381
0.0197343
0.0197305
0.0197267
0.0197229
0.0197192
0.0197154
0.0197117
0.0197079
0.0197042
0.0197005
0.0196968
0.0196931
0.0196894
0.0196857
0.0196821
0.0196783
0.0196746
0.0196708
0.019667
0.0196633
0.0196596
0.0196558
0.0196521
0.0196484
0.0196447
0.019641
0.0196373
0.0196336
0.0196299
0.0196263
0.0196226
0.0196189
0.0196153
0.0196116
0.019608
0.0196044
0.0196007
0.0195971
0.0195935
0.0195899
0.0195863
0.0195827
0.0195791
0.0195755
0.0195719
0.0195683
0.0195647
0.0195611
0.0195574
0.0195538
0.0195502
0.0195466
0.019543
0.0195394
0.0195358
0.0195321
0.0195285
0.0195249
0.0195213
0.0195177
0.0195141
0.0195105
0.0195068
0.0195032
0.0194996
0.019496
0.0194923
0.0194887
0.0194851
0.0194814
0.0194778
0.0194741
0.0194704
0.0194668
0.0194631
0.0194594
0.0194557
0.019452
0.0194483
0.0194445
0.0194407
0.0194369
0.019433
0.0194292
0.0194253
0.0194215
0.0194176
0.0194137
0.0194098
0.0194059
0.019402
0.0193981
0.0193941
0.0193901
0.0193862
0.0193822
0.0193781
0.0193741
0.0193701
0.019366
0.0193619
0.0193578
0.0193537
0.0193496
0.0193454
0.0193413
0.0193371
0.0193329
0.0193287
0.0193244
0.0193202
0.0193159
0.0193116
0.0193073
0.019303
0.0192986
0.0192943
0.0192899
0.0192855
0.0192811
0.0192767
0.0192723
0.0192678
0.0192633
0.0192589
0.0192544
0.0192499
0.0192453
0.0192408
0.0192363
0.0192318
0.0192272
0.0192226
0.0192181
0.0192135
0.0192089
0.0192043
0.0191997
0.019195
0.0191904
0.0191858
0.0191811
0.0191764
0.0191718
0.0191671
0.0191624
0.0191577
0.019153
0.0191483
0.0191436
0.0191389
0.0191341
0.0191294
0.0191247
0.0191199
0.0191152
0.0191104
0.0191056
0.0191008
0.0190961
0.0190913
0.0190865
0.0190817
0.0190769
0.019072
0.0190672
0.0190624
0.0190575
0.0190527
0.0190479
0.019043
0.0190381
0.0190333
0.0190284
0.0190235
0.0190186
0.0190138
0.0190089
0.019004
0.0189991
0.0189942
0.0189893
0.0189844
0.0189795
0.0189746
0.0189697
0.0189647
0.0189598
0.0189549
0.01895
0.0189451
0.0189402
0.0189353
0.0189304
0.0189255
0.0189206
0.0189157
0.0189108
0.018906
0.0189011
0.0188962
0.0188913
0.0188865
0.0188816
0.0188768
0.0188719
0.0188671
0.0188623
0.0188575
0.0188527
0.0188479
0.0188431
0.0188383
0.0188335
0.0188287
0.018824
0.0188192
0.0188145
0.0188097
0.018805
0.0188003
0.0187956
0.0187908
0.0187861
0.0187814
0.0187768
0.0187721
0.0187674
0.0187627
0.0187581
0.0187534
0.0187488
0.0187441
0.0187395
0.0187348
0.0187302
0.0187255
0.0187209
0.0187163
0.0187116
0.018707
0.0187024
0.0186975
0.0186927
0.0186879
0.0186831
0.0186783
0.0186734
0.0186685
0.0186636
0.0186587
0.0186538
0.0186489
0.018644
0.0186391
0.0186342
0.0186293
0.0186244
0.0186195
0.0186146
0.0186097
0.0186047
0.0185998
0.0185949
0.0185899
0.018585
0.0185801
0.0185751
0.0185702
0.0185652
0.0185603
0.0185553
0.0185504
0.0185454
0.0185404
0.0185355
0.0185305
0.0185255
0.0185205
0.0185155
0.0185105
0.0185054
0.0185004
0.0184954
0.0184904
0.0184854
0.0184802
0.0184748
0.0184695
0.0184641
0.0184587
0.0184534
0.018448
0.0184426
0.0184372
0.0184318
0.0184264
0.018421
0.0184156
0.0184102
0.0184048
0.0183993
0.0183939
0.0183884
0.0183829
0.0183774
0.018372
0.0183664
0.0183609
0.0183554
0.0183499
0.0183444
0.0183389
0.0183334
0.0183278
0.0183223
0.0183168
0.0183112
0.0183056
0.0183
0.0182944
0.0182888
0.0182832
0.0182776
0.0182719
0.0182662
0.0182606
0.0182548
0.0182491
0.0182433
0.0182376
0.0182318
0.018226
0.0182201
0.0182143
0.0182084
0.0182026
0.0181966
0.0181907
0.0181848
0.0181788
0.0181728
0.0181668
0.0181607
0.0181547
0.0181486
0.0181424
0.0181363
0.0181301
0.0181239
0.0181177
0.0181114
0.0181051
0.0180988
0.0180924
0.018086
0.0180796
0.0180731
0.0180667
0.0180601
0.0180536
0.018047
0.0180403
0.0180337
0.018027
0.0180202
0.0180133
0.0180063
0.0179992
0.017992
0.0179848
0.0179776
0.0179704
0.0179631
0.0179557
0.0179484
0.0179409
0.0179335
0.017926
0.0179184
0.0179109
0.0179032
0.0178956
0.0178879
0.0178801
0.0178723
0.0178645
0.0178566
0.0178487
0.0178407
0.0178327
0.0178245
0.0178164
0.0178082
0.0177999
0.0177916
0.0177832
0.0177748
0.0177663
0.0177578
0.0177492
0.0177406
0.0177319
0.0177232
0.0177144
0.0177055
0.0176965
0.0176874
0.0176783
0.0176691
0.0176598
0.0176504
0.017641
0.0176316
0.0176221
0.0176125
0.0176029
0.0175933
0.0175836
0.0175738
