0.313399
0.30844
0.303257
0.297995
0.292858
0.287718
0.282384
0.277018
0.271562
0.265844
0.259833
0.253612
0.24736
0.240893
0.234474
0.228317
0.222163
0.216138
0.210454
0.205086
0.199925
0.195017
0.190506
0.186512
0.182896
0.179488
0.176257
0.173188
0.17028
0.167564
0.165035
0.16268
0.160449
0.158317
0.156253
0.154231
0.152262
0.150386
0.148611
0.146931
0.145323
0.143776
0.142281
0.140847
0.139489
0.138222
0.137038
0.135927
0.134879
0.133893
0.132956
0.132077
0.131244
0.130461
0.12972
0.129012
0.128352
0.127712
0.127106
0.126521
0.125965
0.125427
0.124903
0.124403
0.123913
0.123438
0.122978
0.122522
0.122087
0.121655
0.121234
0.120815
0.120414
0.120016
0.11962
0.119236
0.118858
0.118487
0.118126
0.117762
0.117408
0.11706
0.116717
0.116382
0.116046
0.115722
0.115398
0.11508
0.114768
0.114455
0.114154
0.113849
0.113556
0.113264
0.112978
0.112692
0.112409
0.112137
0.111861
0.111596
0.11133
0.111063
0.110805
0.110553
0.110301
0.110049
0.109806
0.109559
0.10932
0.10908
0.108846
0.108613
0.108385
0.108156
0.107935
0.107713
0.107489
0.107274
0.107055
0.106846
0.106635
0.106422
0.106215
0.10601
0.105806
0.105603
0.105402
0.105205
0.105011
0.104815
0.104621
0.104433
0.10424
0.104054
0.103868
0.103681
0.103498
0.103319
0.103137
0.102959
0.102782
0.102606
0.10243
0.102258
0.102085
0.101915
0.101747
0.101579
0.101409
0.101247
0.101081
0.100921
0.100757
0.100598
0.100438
0.100281
0.100124
0.0999654
0.0998096
0.0996576
0.0995061
0.0993522
0.0992014
0.0990516
0.0989021
0.0987535
0.0986055
0.0984576
0.098313
0.0981665
0.0980199
0.0978773
0.0977358
0.0975937
0.0974484
0.0973111
0.0971708
0.0970297
0.0968906
0.0967507
0.0966148
0.0964754
0.0963402
0.0962019
0.0960675
0.0959325
0.095799
0.0956647
0.0955276
0.0953978
0.0952649
0.0951315
0.094999
0.09487
0.0947375
0.0946084
0.0944768
0.0943446
0.0942167
0.0940882
0.093961
0.0938332
0.093705
0.0935775
0.09345
0.0933228
0.0931963
0.0930691
0.0929418
0.0928145
0.092688
0.0925643
0.092438
0.0923149
0.0921914
0.0920651
0.0919385
0.091816
0.0916929
0.0915703
0.0914437
0.0913211
0.0912009
0.091075
0.090953
0.09083
0.0907074
0.0905854
0.0904661
0.0903403
0.0902216
0.0900991
0.08998
0.0898589
0.0897373
0.0896187
0.089497
0.0893781
0.0892573
0.0891393
0.089018
0.0888999
0.0887816
0.0886609
0.088544
0.0884271
0.0883105
0.0881927
0.0880735
0.0879602
0.0878413
0.0877246
0.0876115
0.087494
0.0873775
0.0872661
0.0871506
0.087033
0.0869222
0.0868074
0.0866945
0.0865799
0.0864699
0.0863558
0.0862458
0.0861339
0.0860204
0.085912
0.0857989
0.0856901
0.08558
0.0854695
0.0853592
0.0852521
0.0851441
0.0850332
0.0849256
0.0848171
0.0847101
0.0846039
0.0844943
0.0843879
0.0842826
0.0841777
0.0840729
0.0839675
0.083863
0.0837587
0.0836547
0.0835472
0.0834439
0.0833407
0.083238
0.0831354
0.083033
0.0829309
0.082833
0.0827316
0.0826305
0.0825295
0.0824297
0.0823292
0.0822288
0.0821288
0.0820299
0.0819305
0.0818354
0.0817376
0.0816391
0.081542
0.0814444
0.081351
0.0812542
0.0811567
0.0810602
0.0809674
0.0808718
0.0807764
0.0806808
0.0805893
0.0804944
0.0803992
0.0803082
0.080214
0.0801206
0.0800303
0.0799367
0.0798429
0.079753
0.0796607
0.0795677
0.0794791
0.0793862
0.0792973
0.0792058
0.0791177
0.0790258
0.0789336
0.0788463
0.0787554
0.0786682
0.0785764
0.0784895
0.0783988
0.0783121
0.0782207
0.0781341
0.0780438
0.0779574
0.0778661
0.0777804
0.0776939
0.077603
0.0775166
0.0774271
0.0773409
0.0772498
0.0771638
0.0770775
0.0769871
0.0769007
0.0768142
0.0767229
0.0766368
0.0765456
0.0764584
0.0763722
0.0762804
0.0761928
0.0761061
0.0760182
0.0759256
0.0758385
0.0757502
0.0756576
0.0755691
0.0754809
0.0753915
0.0752985
0.0752088
0.0751197
0.0750296
0.0749354
0.0748449
0.0747551
0.0746639
0.0745689
0.0744782
0.0743865
0.0742957
0.0742032
0.0741116
0.0740154
0.0739228
0.0738306
0.0737386
0.0736459
0.0735525
0.0734553
0.0733624
0.0732685
0.0731753
0.0730823
0.0729891
0.0728955
0.0728012
0.0727074
0.0726136
0.0725158
0.072422
0.0723284
0.0722338
0.0721401
0.0720465
0.0719529
0.0718596
0.0717662
0.0716731
0.07158
0.0714869
0.071394
0.0713013
0.0712087
0.0711163
0.071024
0.070932
0.0708402
0.0707484
0.070657
0.0705657
0.0704746
0.0703836
0.0702929
0.0702025
0.0701122
0.070022
0.0699331
0.0698434
0.069754
0.0696646
0.0695796
0.0694907
0.0694018
0.0693141
0.0692256
0.0691371
0.0690486
0.0689604
0.0688732
0.0687852
0.0686976
0.068614
0.0685266
0.06844
0.0683528
0.0682652
0.068178
0.0680918
0.0680049
0.0679219
0.0678363
0.0677496
0.0676627
0.0675758
0.0674905
0.0674078
0.0673216
0.0672361
0.0671498
0.0670634
0.0669783
0.0668961
0.0668101
0.0667252
0.0666389
0.0665541
0.0664718
0.0663866
0.066302
0.066216
0.0661314
0.0660498
0.0659646
0.0658804
0.0657948
0.0657108
0.0656295
0.0655458
0.0654606
0.0653769
0.065296
0.0652129
0.0651285
0.065044
0.0649611
0.0648812
0.0647986
0.0647148
0.0646325
0.0645533
0.0644714
0.0643895
0.0643107
0.0642295
0.064147
0.0640661
0.0639881
0.0639079
0.0638261
0.063746
0.0636688
0.0635888
0.0635092
0.0634323
0.0633534
0.0632729
0.0631971
0.063119
0.0630388
0.0629604
0.0628846
0.0628061
0.0627277
0.0626522
0.0625741
0.0624957
0.0624202
0.0623424
0.0622641
0.0621886
0.0621109
0.0620323
0.061957
0.0618792
0.0618007
0.0617251
0.0616471
0.0615686
0.0614929
0.0614145
0.0613358
0.0612599
0.0611812
0.0611027
0.0610277
0.0609475
0.060869
0.0607939
0.0607137
0.0606385
0.06056
0.0604809
0.0604047
0.0603258
0.0602472
0.0601721
0.0600921
0.0600173
0.0599387
0.0598605
0.0597856
0.059706
0.0596314
0.0595536
0.0594757
0.0594013
0.0593223
0.0592483
0.0591711
0.0590938
0.0590203
0.0589431
0.0588689
0.0587921
0.058719
0.0586435
0.0585672
0.0584951
0.0584182
0.0583466
0.0582713
0.0581994
0.0581255
0.0580511
0.0579802
0.0579061
0.0578347
0.0577612
0.0576911
0.0576182
0.0575454
0.0574763
0.0574038
0.0573349
0.0572627
0.0571943
0.0571213
0.0570533
0.0569821
0.0569141
0.0568434
0.0567758
0.0567055
0.0566351
0.0565683
0.0564981
0.0564318
0.0563616
0.0562955
0.056226
0.0561602
0.0560908
0.0560252
0.0559562
0.0558908
0.0558208
0.0557556
0.0556872
0.0556221
0.055554
0.0554891
0.0554211
0.0553565
0.0552885
0.055224
0.0551563
0.0550919
0.0550242
0.0549613
0.0548939
0.0548296
0.0547623
0.0546982
0.0546308
0.0545667
0.0544993
0.0544355
0.0543682
0.0543041
0.0542368
0.0541726
0.0541082
0.054041
0.0539768
0.0539098
0.0538453
0.0537781
0.0537136
0.0536477
0.0535834
0.0535158
0.0534516
0.0533839
0.0533192
0.0532544
0.0531866
0.0531221
0.0530543
0.0529909
0.0529231
0.0528583
0.0527904
0.0527252
0.0526599
0.0525923
0.0525271
0.0524605
0.0523955
0.0523276
0.0522624
0.0521969
0.0521293
0.0520642
0.0519979
0.0519328
0.0518654
0.0518003
0.0517352
0.0516681
0.0516049
0.0515375
0.0514734
0.0514086
0.051342
0.0512778
0.0512127
0.0511491
0.0510846
0.0510191
0.0509558
0.0508916
0.0508288
0.0507633
0.0507005
0.0506381
0.0505749
0.0505131
0.0504509
0.050387
0.0503255
0.0502634
0.0502026
0.0501415
0.0500788
0.0500199
0.0499575
0.0498975
0.0498379
0.0497776
0.0497187
0.0496592
0.0495983
0.0495413
0.0494808
0.0494223
0.0493645
0.049306
0.0492486
0.049191
0.0491318
0.0490765
0.0490175
0.0489607
0.0489045
0.0488479
0.0487917
0.048736
0.0486797
0.0486244
0.0485688
0.0485117
0.0484586
0.0484034
0.0483468
0.048294
0.0482376
0.0481834
0.048131
0.0480751
0.0480211
0.0479694
0.047914
0.0478605
0.047809
0.0477543
0.0477012
0.0476485
0.0475957
0.0475431
0.0474909
0.0474385
0.0473862
0.047336
0.0472825
0.0472305
0.0471809
0.0471277
0.0470764
0.0470268
0.0469741
0.0469232
0.046874
0.0468232
0.0467711
0.0467227
0.046672
0.0466217
0.0465721
0.0465221
0.046472
0.0464224
0.046373
0.0463237
0.0462741
0.0462267
0.046176
0.0461271
0.04608
0.0460312
0.045981
0.0459347
0.0458864
0.0458381
0.0457901
0.0457424
0.0456949
0.0456473
0.0456015
0.0455542
0.045507
0.0454607
0.0454137
0.0453669
0.0453206
0.0452761
0.0452283
0.0451822
0.0451383
0.0450922
0.0450469
0.0450014
0.0449579
0.0449114
0.0448662
0.0448233
0.0447781
0.0447339
0.0446894
0.0446469
0.0446013
0.0445572
0.0445152
0.0444714
0.0444277
0.0443841
0.0443426
0.0442993
0.0442564
0.0442136
0.0441706
0.0441282
0.0440856
0.044045
0.0440021
0.0439603
0.043918
0.0438779
0.0438359
0.0437927
0.043753
0.0437113
0.0436705
0.0436291
0.0435899
0.0435487
0.0435079
0.0434672
0.0434284
0.0433878
0.0433479
0.0433075
0.0432693
0.0432292
0.0431892
0.0431502
0.0431104
0.0430716
0.0430322
0.042995
0.0429557
0.0429174
0.0428785
0.0428419
0.0428032
0.0427655
0.0427271
0.0426908
0.0426524
0.0426152
0.0425774
0.0425417
0.042504
0.0424674
0.0424301
0.0423949
0.0423578
0.0423217
0.0422847
0.0422501
0.0422134
0.0421777
0.0421413
0.0421071
0.0420707
0.0420356
0.0419996
0.0419657
0.0419298
0.041895
0.0418594
0.0418259
0.0417903
0.041756
0.041721
0.0416878
0.0416526
0.0416186
0.0415834
0.0415506
0.0415157
0.0414819
0.0414471
0.0414146
0.0413798
0.0413465
0.0413118
0.0412794
0.0412469
0.0412127
0.0411794
0.0411453
0.0411132
0.0410789
0.041046
0.041012
0.0409806
0.0409465
0.0409138
0.04088
0.0408483
0.0408145
0.0407821
0.0407502
0.0407167
0.0406852
0.0406516
0.0406195
0.040586
0.0405551
0.0405217
0.0404898
0.0404564
0.0404253
0.040394
0.040361
0.0403292
0.0402961
0.0402653
0.0402325
0.040201
0.0401682
0.0401376
0.0401065
0.0400739
0.0400426
0.0400099
0.0399798
0.0399472
0.0399161
0.0398836
0.0398533
0.039823
0.0397906
0.0397599
0.039728
0.039698
0.0396657
0.0396353
0.0396052
0.0395732
0.0395435
0.039512
0.0394819
0.03945
0.0394205
0.0393909
0.0393593
0.0393295
0.0392984
0.0392693
0.0392379
0.0392087
0.0391792
0.0391481
0.0391196
0.0390886
0.0390595
0.0390305
0.0389999
0.0389714
0.0389412
0.0389123
0.0388819
0.0388537
0.0388255
0.0387952
0.0387672
0.0387372
0.0387093
0.0386813
0.0386516
0.038624
0.0385943
0.0385668
0.0385393
0.0385099
0.0384823
0.0384532
0.0384263
0.0383991
0.0383702
0.0383428
0.0383142
0.0382877
0.0382608
0.0382321
0.0382058
0.0381772
0.038151
0.0381245
