0.439958
0.438367
0.436714
0.434996
0.433198
0.431324
0.429371
0.427323
0.425186
0.422946
0.420596
0.418134
0.415548
0.412834
0.409985
0.406993
0.403846
0.400545
0.397073
0.393426
0.389598
0.385574
0.381358
0.376927
0.372283
0.367418
0.362326
0.357004
0.351455
0.34567
0.339666
0.33344
0.327017
0.320412
0.313656
0.306776
0.299809
0.29279
0.285766
0.27877
0.271845
0.265031
0.258366
0.251885
0.245617
0.239586
0.233809
0.228306
0.223088
0.218163
0.213529
0.209184
0.205121
0.201326
0.197788
0.194493
0.191424
0.188569
0.185911
0.183439
0.181138
0.178997
0.177003
0.175146
0.173413
0.171798
0.170289
0.168879
0.167557
0.166317
0.16515
0.164051
0.163009
0.162022
0.161084
0.160188
0.159333
0.158511
0.157724
0.156963
0.156229
0.155521
0.154833
0.154163
0.153514
0.152879
0.15226
0.151654
0.151062
0.150479
0.149906
0.149345
0.148793
0.148248
0.147712
0.147181
0.146657
0.14614
0.145628
0.145122
0.144621
0.144125
0.143634
0.143146
0.142662
0.142185
0.141709
0.141237
0.140768
0.140303
0.139842
0.139383
0.138926
0.138475
0.138025
0.137578
0.137133
0.136691
0.136253
0.135816
0.135383
0.134952
0.134523
0.134097
0.133673
0.133252
0.132831
0.132414
0.132
0.131587
0.131176
0.130769
0.130362
0.12996
0.129556
0.129155
0.128759
0.128364
0.12797
0.127577
0.127187
0.1268
0.126415
0.126031
0.12565
0.125268
0.124891
0.124513
0.12414
0.123767
0.123397
0.123028
0.12266
0.122294
0.121931
0.121567
0.121207
0.120848
0.12049
0.120134
0.119779
0.119428
0.119076
0.118725
0.118377
0.118032
0.117688
0.117344
0.117004
0.116662
0.116325
0.115991
0.115653
0.115321
0.114991
0.114659
0.114334
0.114006
0.113681
0.113359
0.113037
0.112718
0.1124
0.112084
0.11177
0.111456
0.111148
0.110836
0.110529
0.110225
0.109919
0.109616
0.109317
0.109019
0.108722
0.108426
0.108132
0.107841
0.107551
0.107263
0.106977
0.10669
0.106407
0.106125
0.105846
0.105567
0.105291
0.105015
0.104741
0.104468
0.104197
0.103929
0.103662
0.103396
0.103131
0.102867
0.102606
0.102346
0.102087
0.10183
0.101574
0.101319
0.101066
0.100813
0.100562
0.100313
0.100066
0.0998192
0.099575
0.0993301
0.0990883
0.0988462
0.098607
0.0983676
0.0981303
0.0978947
0.0976585
0.0974268
0.0971935
0.096962
0.0967327
0.0965043
0.0962763
0.0960527
0.0958266
0.0956038
0.0953807
0.0951609
0.0949401
0.0947213
0.094503
0.0942874
0.0940733
0.0938577
0.0936453
0.0934337
0.0932236
0.0930125
0.0928041
0.0925975
0.0923916
0.0921868
0.0919826
0.0917802
0.0915778
0.0913772
0.0911769
0.0909778
0.0907798
0.090583
0.090386
0.0901904
0.089996
0.089803
0.0896126
0.0894212
0.0892306
0.0890407
0.0888535
0.0886654
0.0884781
0.0882942
0.0881083
0.0879239
0.0877424
0.0875585
0.0873784
0.0871977
0.0870191
0.0868392
0.0866621
0.0864842
0.0863096
0.0861325
0.0859591
0.0857868
0.0856113
0.0854407
0.0852705
0.0850988
0.0849298
0.0847617
0.0845922
0.0844253
0.0842595
0.0840946
0.08393
0.0837664
0.0836011
0.0834397
0.0832778
0.0831167
0.0829577
0.0827984
0.0826397
0.0824824
0.0823249
0.0821691
0.082013
0.0818584
0.0817034
0.08155
0.0813983
0.0812463
0.0810968
0.0809459
0.0807965
0.0806468
0.0804979
0.0803505
0.0802047
0.0800583
0.0799126
0.0797675
0.0796249
0.0794808
0.0793374
0.0791966
0.0790543
0.0789135
0.0787745
0.078634
0.0784975
0.078358
0.0782202
0.0780845
0.0779468
0.0778131
0.0776772
0.0775437
0.077409
0.0772774
0.0771429
0.0770124
0.0768801
0.07675
0.0766205
0.0764899
0.076362
0.0762343
0.0761045
0.0759786
0.0758529
0.0757245
0.0756004
0.0754763
0.0753503
0.0752264
0.0751041
0.074982
0.074858
0.074736
0.074616
0.0744958
0.074376
0.0742541
0.0741359
0.0740166
0.0738994
0.0737818
0.0736653
0.0735488
0.0734325
0.0733172
0.0732024
0.0730857
0.0729716
0.0728582
0.0727451
0.0726317
0.0725195
0.0724076
0.0722969
0.072186
0.0720775
0.0719674
0.0718575
0.0717487
0.0716397
0.0715318
0.0714234
0.0713156
0.0712096
0.0711027
0.0709984
0.0708936
0.0707876
0.0706825
0.0705783
0.0704748
0.0703723
0.0702698
0.0701667
0.0700642
0.0699646
0.0698635
0.0697613
0.0696611
0.0695629
0.0694632
0.0693634
0.0692662
0.0691676
0.0690686
0.0689734
0.068876
0.0687782
0.068684
0.0685878
0.0684916
0.0683977
0.0683023
0.0682077
0.0681155
0.0680211
0.0679296
0.0678361
0.0677453
0.0676525
0.0675608
0.067471
0.0673789
0.0672908
0.0671987
0.0671101
0.0670203
0.0669326
0.0668427
0.0667564
0.066667
0.0665814
0.0664926
0.0664084
0.0663203
0.0662357
0.0661492
0.0660642
0.0659806
0.0658941
0.0658112
0.065727
0.0656438
0.0655593
0.0654774
0.065396
0.0653124
0.0652314
0.0651508
0.0650678
0.0649887
0.0649057
0.0648257
0.0647466
0.0646662
0.0645874
0.0645091
0.0644296
0.0643514
0.0642748
0.0641951
0.0641178
0.0640417
0.0639651
0.0638873
0.0638109
0.0637351
0.0636585
0.0635829
0.0635094
0.0634344
0.0633587
0.063284
0.0632109
0.0631377
0.0630651
0.0629901
0.062917
0.0628456
0.0627731
0.0626995
0.0626287
0.0625564
0.0624858
0.0624151
0.0623447
0.0622728
0.0622019
0.0621329
0.0620634
0.061994
0.0619249
0.0618547
0.061786
0.0617176
0.0616492
0.0615821
0.0615149
0.0614463
0.0613798
0.0613107
0.061244
0.0611784
0.0611114
0.0610451
0.0609796
0.0609147
0.0608495
0.0607842
0.0607184
0.0606541
0.0605899
0.0605256
0.0604613
0.0603957
0.0603321
0.0602689
0.0602056
0.0601428
0.0600802
0.0600178
0.0599555
0.0598934
0.0598314
0.0597696
0.059708
0.0596466
0.0595853
0.0595244
0.0594636
0.0594029
0.0593432
0.0592831
0.0592229
0.0591628
0.059105
0.0590459
0.0589865
0.0589274
0.0588682
0.0588104
0.0587526
0.0586936
0.0586352
0.0585774
0.0585196
0.0584629
0.0584055
0.0583481
0.0582934
0.0582363
0.0581794
0.0581241
0.058067
0.058011
0.0579548
0.0579003
0.0578443
0.0577909
0.0577351
0.0576812
0.057626
0.0575711
0.0575173
0.057463
0.0574105
0.0573559
0.0573032
0.0572488
0.0571953
0.0571431
0.0570912
0.057038
0.0569864
0.0569332
0.0568814
0.0568288
0.0567787
0.0567273
0.0566747
0.0566227
0.0565724
0.0565223
0.0564722
0.0564203
0.0563692
0.0563193
0.0562705
0.056221
0.0561702
0.0561208
0.0560719
0.056023
0.0559729
0.0559244
0.0558763
0.055828
0.0557785
0.0557305
0.0556831
0.0556353
0.0555863
0.0555388
0.0554921
0.0554448
0.0553966
0.0553497
0.0553037
0.0552569
0.0552095
0.0551631
0.0551188
0.0550712
0.055025
0.0549797
0.0549342
0.0548878
0.0548441
0.0547987
0.054752
0.0547071
0.0546628
0.0546183
0.0545737
0.0545296
0.0544852
0.0544412
0.0543977
0.0543535
0.0543097
0.0542667
0.0542232
0.0541796
0.054137
0.0540938
0.0540506
0.0540083
0.0539656
0.0539226
0.053881
0.0538381
0.0537957
0.0537546
0.0537118
0.0536704
0.0536301
0.0535871
0.0535476
0.0535059
0.0534649
0.0534237
0.0533828
0.0533417
0.0533028
0.0532604
0.0532218
0.053181
0.0531407
0.0531007
0.0530606
0.0530204
0.0529826
0.0529411
0.0529034
0.0528632
0.052824
0.0527863
0.0527468
0.0527086
0.0526688
0.0526302
0.0525932
0.0525541
0.0525162
0.0524777
0.0524404
0.0524025
0.0523644
0.0523274
0.0522898
0.0522523
0.0522141
0.0521781
0.0521407
0.0521031
0.052067
0.0520301
0.0519948
0.0519561
0.0519208
0.0518839
0.0518487
0.0518119
0.0517756
0.0517406
0.0517044
0.0516695
0.0516336
0.0515975
0.0515614
0.0515273
0.0514914
0.0514572
0.0514217
0.0513875
0.0513522
0.0513168
0.0512832
0.0512483
0.0512149
0.0511801
0.0511462
0.0511115
0.0510785
0.0510435
0.0510106
0.0509762
0.0509435
0.0509092
0.0508767
0.0508423
0.0508099
0.050776
0.0507438
0.05071
0.0506779
0.0506443
0.0506127
0.0505793
0.0505475
0.0505142
0.0504826
0.0504495
0.0504186
0.0503857
0.0503542
0.0503219
0.0502905
0.0502579
0.0502266
0.0501956
0.0501635
0.0501327
0.050101
0.0500703
0.0500385
0.0500079
0.0499771
0.049947
0.0499152
0.0498856
0.0498541
0.0498238
0.0497937
0.0497625
0.049733
0.0497021
0.0496722
0.0496424
0.049613
0.0495823
0.0495533
0.0495223
0.0494931
0.0494641
0.0494339
0.049405
0.0493761
0.0493473
0.049317
0.0492883
0.0492597
0.0492297
0.0492015
0.0491731
0.0491447
0.0491152
0.049087
0.0490587
0.0490295
0.0490015
0.0489734
0.0489458
0.0489169
0.0488885
0.0488615
0.0488325
0.0488061
0.0487779
0.0487499
0.0487228
0.0486942
0.0486684
0.04864
0.048613
0.0485858
0.0485575
0.0485324
0.0485038
0.0484776
0.0484506
0.0484231
0.0483977
0.04837
0.0483435
0.0483169
0.0482897
0.0482646
0.0482374
0.0482112
0.0481852
0.0481593
0.0481333
0.0481076
0.0480802
0.0480565
0.0480293
0.0480036
0.0479777
0.0479512
0.0479271
0.0479005
0.0478756
0.0478513
0.0478251
0.0477997
0.0477745
0.0477499
0.0477248
0.0476996
0.0476738
0.0476503
0.0476245
0.0475995
0.0475748
0.0475509
0.0475261
0.0475015
0.0474774
0.0474532
0.0474283
0.0474035
0.0473807
0.0473563
0.047331
0.0473083
0.0472833
0.0472591
0.047237
0.047212
0.0471878
0.0471657
0.0471412
0.047117
0.0470936
0.0470706
0.0470469
0.0470239
0.0470007
0.0469769
0.0469543
0.0469312
0.0469077
0.0468847
0.0468622
0.0468392
0.0468163
0.0467936
0.0467703
0.0467481
0.0467257
0.0467026
0.0466814
0.0466578
0.0466351
0.0466142
0.0465908
0.0465682
0.0465474
0.0465249
0.0465016
0.0464808
0.0464586
0.0464371
0.0464152
0.046393
0.0463712
0.0463491
0.0463274
0.0463061
0.0462838
0.0462637
0.0462411
0.0462196
0.0461994
0.0461779
0.0461552
0.0461353
0.0461139
0.0460927
0.0460711
0.0460501
0.0460292
0.046008
0.0459882
0.0459672
0.0459452
0.0459254
0.0459044
0.0458836
0.0458628
0.0458436
0.0458218
0.045801
0.0457818
0.0457609
0.0457407
0.0457201
0.0457001
0.04568
0.0456594
0.0456406
0.0456199
0.0456001
0.0455796
0.0455613
0.0455399
0.0455198
0.0455012
0.0454814
0.0454614
0.0454413
0.0454229
0.0454028
0.0453819
0.0453635
0.045344
0.0453246
0.045305
0.0452869
0.0452669
0.0452479
0.0452283
0.0452101
0.0451906
0.0451718
0.0451523
0.0451332
0.0451143
0.0450951
0.0450772
0.0450579
0.0450394
0.0450201
0.0450024
0.0449836
0.0449648
0.0449455
0.0449285
0.0449094
0.0448911
0.0448723
0.044855
0.044836
0.0448179
0.0447993
0.0447825
0.0447636
0.0447453
0.0447269
0.04471
0.0446917
0.0446734
0.0446552
0.0446382
0.0446199
0.0446022
0.0445836
0.0445671
0.0445489
0.0445315
