0.428941
0.24571
0.196161
0.182753
0.176125
0.170879
0.16589
0.160674
0.155327
0.1498
0.144379
0.138482
0.133203
0.128468
0.12397
0.119502
0.11453
0.109397
0.104934
0.100693
0.0967967
0.0935407
0.0906295
0.0878369
0.0852964
0.0830844
0.0811371
0.0794979
0.0780772
0.0767781
0.0756001
0.0745489
0.0736198
0.0727971
0.0720598
0.0713791
0.0707452
0.070159
0.0696144
0.0691065
0.0686246
0.0681645
0.0677271
0.0673076
0.0669039
0.0665158
0.066139
0.0657736
0.0654164
0.0650664
0.064722
0.0643814
0.064044
0.0637065
0.0633692
0.0630357
0.0627085
0.0623889
0.0620772
0.0617743
0.0614791
0.0611927
0.0609119
0.0606345
0.0603606
0.0600888
0.059814
0.0595346
0.0592539
0.058971
0.0586931
0.0584239
0.0581669
0.0579224
0.0576902
0.0574679
0.0572542
0.0570478
0.0568473
0.0566511
0.0564577
0.0562657
0.0560741
0.0558805
0.0556831
0.0554794
0.0552665
0.0550441
0.0548095
0.0545586
0.0542951
0.0540222
0.0537436
0.053456
0.0531625
0.0528648
0.0525676
0.0522741
0.0519896
0.0517179
0.0514598
0.0512143
0.0509801
0.0507553
0.050537
0.0503244
0.0501163
0.0499119
0.0497097
0.0495092
0.0493095
0.0491101
0.0489112
0.0487135
0.0485184
0.0483273
0.0481415
0.0479614
0.047787
0.0476178
0.0474528
0.0472912
0.0471323
0.0469752
0.0468193
0.0466643
0.0465096
0.0463553
0.0462015
0.0460485
0.0458968
0.0457468
0.0455987
0.0454527
0.0453086
0.0451666
0.0450266
0.0448884
0.0447519
0.044617
0.0444838
0.0443521
0.0442217
0.0440925
0.0439641
0.0438364
0.0437094
0.0435831
0.043458
0.0433342
0.0432119
0.0430915
0.042973
0.0428568
0.0427429
0.0426314
0.0425222
0.0424148
0.0423086
0.0422027
0.042096
0.0419875
0.0418761
0.0417609
0.0416411
0.0415166
0.0413876
0.0412545
0.0411182
0.0409797
0.0408393
0.0406973
0.0405532
0.0404069
0.0402579
0.0401063
0.0399521
0.0397959
0.0396381
0.0394792
0.0393194
0.0391592
0.038999
0.0388394
0.0386808
0.0385241
0.0383693
0.0382165
0.0380652
0.0379147
0.0377641
0.0376131
0.0374615
0.0373099
0.0371591
0.03701
0.036863
0.036718
0.0365743
0.0364309
0.0362867
0.036141
0.0359933
0.0358437
0.0356925
0.0355401
0.0353869
0.0352329
0.0350782
0.0349229
0.0347678
0.0346134
0.0344607
0.0343106
0.0341633
0.034019
0.0338777
0.0337395
0.033604
0.0334707
0.0333392
0.0332097
0.0330817
0.0329549
0.0328288
0.0327028
0.0325768
0.0324506
0.0323243
0.0321983
0.032073
0.031949
0.0318269
0.0317077
0.0315917
0.0314792
0.0313704
0.0312651
0.0311635
0.0310657
0.0309712
0.0308795
0.0307902
0.0307031
0.0306176
0.0305328
0.0304481
0.0303623
0.0302748
0.0301846
0.0300911
0.029994
0.0298935
0.0297907
0.0296867
0.0295837
0.0294832
0.0293865
0.0292942
0.0292061
0.0291222
0.0290419
0.0289648
0.0288903
0.0288179
0.0287473
0.028678
0.0286096
0.0285418
0.0284745
0.0284073
0.0283397
0.0282715
0.0282025
0.0281323
0.0280606
0.027987
0.0279111
0.0278322
0.0277499
0.0276638
0.0275737
0.0274801
0.0273836
0.0272854
0.0271869
0.0270891
0.0269931
0.0268993
0.0268077
0.0267186
0.0266313
0.0265464
0.0264643
0.0263849
0.0263078
0.0262332
0.0261609
0.0260904
0.0260216
0.0259542
0.025888
0.0258228
0.0257581
0.025694
0.02563
0.0255657
0.025501
0.0254358
0.0253699
0.0253032
0.0252357
0.0251673
0.0250971
0.0250246
0.024949
0.0248696
0.0247859
0.0246968
0.0246019
0.024501
0.024395
0.0242856
0.0241746
0.0240639
0.0239545
0.0238467
0.0237406
0.0236359
0.0235327
0.023431
0.023331
0.0232325
0.0231361
0.0230423
0.0229509
0.0228617
0.0227748
0.02269
0.0226072
0.0225261
0.0224465
0.0223684
0.0222917
0.0222159
0.0221412
0.0220677
0.0219951
0.0219233
0.0218528
0.0217842
0.0217173
0.0216523
0.0215892
0.0215281
0.0214692
0.0214124
0.0213575
0.0213043
0.0212532
0.0212042
0.0211572
0.0211121
0.021069
0.0210277
0.0209881
0.0209501
0.0209137
0.0208787
0.0208449
0.0208124
0.0207811
0.020751
0.020722
0.0206939
0.0206668
0.0206406
0.0206151
0.0205905
0.0205665
0.0205432
0.0205205
0.0204984
0.0204767
0.0204556
0.0204351
0.0204152
0.0203957
0.0203765
0.0203577
0.0203392
0.0203209
0.020303
0.0202852
0.0202677
0.0202504
0.0202333
0.0202164
0.0201997
0.0201831
0.0201667
0.0201504
0.0201343
0.0201182
0.0201023
0.0200864
0.0200707
0.0200552
0.0200397
0.0200243
0.020009
0.0199936
0.0199783
0.0199629
0.0199475
0.0199321
0.0199167
0.0199011
0.0198856
0.0198699
0.0198542
0.0198383
0.0198224
0.0198063
0.01979
0.0197736
0.019757
0.0197403
0.0197233
0.0197061
0.0196887
0.0196711
0.0196532
0.0196352
0.0196168
0.0195982
0.0195794
0.0195604
0.0195411
0.0195216
0.0195019
0.019482
0.019462
0.0194417
0.0194212
0.0194006
0.0193799
0.0193589
0.0193378
0.0193166
0.0192951
0.0192735
0.0192516
0.0192296
0.0192073
0.0191847
0.0191617
0.0191385
0.0191149
0.0190911
0.019067
0.0190426
0.019018
0.0189933
0.0189682
0.018943
0.0189176
0.0188921
0.0188663
0.0188403
0.0188142
0.0187878
0.0187612
0.0187343
0.0187072
0.0186799
0.0186521
0.0186241
0.0185958
0.0185671
0.0185382
0.018509
0.0184796
0.01845
0.0184202
0.0183903
0.0183604
0.0183304
0.0183005
0.0182706
0.0182408
0.0182111
0.0181816
0.0181524
0.0181234
0.0180948
0.0180665
0.0180387
0.0180113
0.0179845
0.0179581
0.0179323
0.017907
0.0178823
0.0178581
0.0178344
0.0178113
0.0177887
0.0177665
0.0177448
0.0177235
0.0177026
0.0176822
0.017662
0.0176422
0.0176226
0.0176033
0.0175842
0.0175654
0.0175467
0.0175281
0.0175097
0.0174913
0.0174731
0.0174549
0.0174367
0.0174185
0.0174002
0.0173819
0.0173636
0.0173451
0.0173266
0.0173079
0.0172891
0.0172701
0.0172511
0.0172318
0.0172125
0.0171929
0.0171732
0.0171534
0.0171335
0.0171135
0.0170935
0.0170736
0.0170537
0.0170337
0.0170139
0.0169944
0.016975
0.0169559
0.0169371
0.0169186
0.0169005
0.0168828
0.0168654
0.0168482
0.0168315
0.016815
0.0167989
0.016783
0.0167672
0.0167518
0.0167366
0.0167216
0.0167069
0.0166924
0.0166781
0.016664
0.01665
0.0166363
0.0166227
0.0166092
0.0165959
0.0165827
0.0165697
0.0165568
0.016544
0.0165313
0.0165185
0.0165058
0.0164932
0.0164808
0.0164684
0.0164561
0.0164439
0.0164319
0.0164198
0.0164078
0.0163959
0.0163841
0.0163724
0.0163608
0.0163493
0.0163379
0.0163265
0.0163152
0.0163039
0.0162928
0.0162817
0.0162707
0.0162598
0.016249
0.0162382
0.0162275
0.0162169
0.0162064
0.0161959
0.0161855
0.0161752
0.0161649
0.0161547
0.0161446
0.0161345
0.0161245
0.0161145
0.0161046
0.0160948
0.016085
0.0160753
0.0160655
0.0160558
0.0160462
0.0160366
0.016027
0.0160175
0.0160081
0.0159987
0.0159893
0.01598
0.0159708
0.0159616
0.0159524
0.0159433
0.0159343
0.0159253
0.0159164
0.0159075
0.0158986
0.0158898
0.0158811
0.0158724
0.0158637
0.0158551
0.0158466
0.0158381
0.0158297
0.0158213
0.0158129
0.0158047
0.0157964
0.0157882
0.0157801
0.015772
0.015764
0.0157561
0.0157481
0.0157403
0.0157325
0.0157247
0.015717
0.0157093
0.0157017
0.0156941
0.0156866
0.0156792
0.0156718
0.0156644
0.0156571
0.0156498
0.0156426
0.0156354
0.0156282
0.0156211
0.015614
0.015607
0.0156
0.0155931
0.0155861
0.0155793
0.0155724
0.0155656
0.0155588
0.0155521
0.0155453
0.0155386
0.0155319
0.0155252
0.0155186
0.015512
0.0155053
0.0154987
0.0154921
0.0154855
0.0154789
0.0154723
0.0154657
0.0154592
0.0154526
0.0154461
0.0154395
0.015433
0.0154265
0.0154199
0.0154134
0.0154069
0.0154003
0.0153938
0.0153872
0.0153806
0.0153741
0.0153675
0.0153609
0.0153543
0.0153477
0.015341
0.0153344
0.0153277
0.0153211
0.0153143
0.0153076
0.0153009
0.0152941
0.0152873
0.0152804
0.0152736
0.0152666
0.0152597
0.0152527
0.0152457
0.0152386
0.0152315
0.0152243
0.0152171
0.0152099
0.0152025
0.0151952
0.0151877
0.0151802
0.0151725
0.0151647
0.0151568
0.0151488
0.0151408
0.0151327
0.0151245
0.0151162
0.0151078
0.0150993
0.0150907
0.0150821
0.0150733
0.0150644
0.0150554
0.0150463
0.015037
0.0150277
0.0150181
0.0150085
0.0149984
0.0149883
0.0149779
0.0149675
0.0149568
0.014946
0.014935
0.0149237
0.0149124
0.0149008
0.014889
0.014877
0.0148648
0.0148524
0.0148398
0.0148269
0.0148139
0.0148006
0.0147872
0.0147735
0.0147596
0.0147454
0.0147311
0.0147166
0.0147019
0.014687
0.0146719
0.0146567
0.0146413
0.0146259
0.0146102
0.0145944
0.0145786
0.0145627
0.0145469
0.014531
0.0145153
0.0144996
0.014484
0.0144686
0.0144534
0.0144383
0.0144235
0.0144089
0.0143945
0.0143803
0.0143665
0.0143526
0.0143389
0.0143254
0.0143121
0.0142991
0.0142863
0.0142738
0.0142616
0.0142496
0.0142378
0.0142262
0.0142142
0.0142019
0.0141898
0.014178
0.0141663
0.0141549
0.0141437
0.0141327
0.0141218
0.014111
0.0140999
0.0140885
0.0140773
0.0140664
0.0140556
0.0140451
0.0140346
0.0140244
0.0140142
0.0140042
0.0139943
0.0139845
0.0139748
0.0139652
0.0139557
0.0139463
0.013937
0.0139278
0.0139186
0.0139096
0.0139006
0.0138917
0.0138829
0.0138741
0.0138655
0.0138569
0.0138483
0.0138398
0.0138313
0.0138229
0.0138146
0.0138064
0.0137982
0.0137902
0.0137822
0.0137743
0.0137665
0.0137588
0.0137512
0.0137436
0.0137362
0.0137288
0.0137216
0.0137144
0.0137073
0.0137003
0.0136934
0.0136865
0.0136798
0.0136731
0.0136665
0.01366
0.0136537
0.0136474
0.0136411
0.013635
0.0136287
0.0136223
0.0136161
0.0136099
0.0136039
0.0135979
0.013592
0.0135861
0.0135802
0.0135744
0.0135686
0.0135628
0.0135571
0.0135514
0.0135458
0.0135402
0.0135348
0.0135294
0.013524
0.0135188
0.0135136
0.0135084
0.0135033
0.0134983
0.0134933
0.0134884
0.0134836
0.0134785
0.0134733
0.0134682
0.0134629
0.0134577
0.0134526
0.0134476
0.0134427
0.0134378
0.013433
0.0134283
0.0134236
0.0134189
0.0134142
0.0134095
0.0134047
0.0133999
0.0133952
0.0133905
0.0133858
0.0133812
0.0133766
0.013372
0.0133675
0.013363
0.0133586
0.0133542
0.0133498
0.0133454
0.0133409
0.0133365
0.0133321
0.0133277
0.0133234
0.0133191
0.0133148
0.0133105
0.0133063
0.0133021
0.0132979
0.0132937
0.0132895
0.0132854
0.0132813
0.0132772
0.0132731
0.0132691
0.0132651
0.013261
0.0132571
0.0132531
0.0132491
0.0132452
0.0132412
0.0132373
0.0132334
0.0132295
0.0132257
0.0132218
0.013218
0.0132142
0.0132103
0.0132065
0.0132028
0.013199
0.0131952
0.0131915
0.0131877
0.013184
0.0131803
0.0131766
0.0131729
0.0131692
0.0131655
0.0131619
0.0131582
0.0131546
0.0131509
0.0131473
0.0131437
0.01314
0.0131363
0.0131326
0.0131289
0.0131252
0.0131215
0.0131178
0.0131142
0.0131105
0.0131069
