0.221319635331
0.0513783119969
0.0471642487085
0.0446693134384
0.0426440510652
0.0407666217592
0.0390671111188
0.0376721127384
0.036464830838
0.0353948447203
0.0344069959822
0.0334783096021
0.0325637593562
0.0316960019331
0.0308334097029
0.0299899696895
0.0291432302637
0.0283136894439
0.0275053296243
0.0266694771961
0.025772324887
0.0248163342306
0.0238829750979
0.0230879855719
0.0223531400367
0.0216739818627
0.0210475762804
0.0204818986851
0.0199675745826
0.0194794197641
0.0190062015199
0.018552619578
0.0181310316609
0.0177576698684
0.017401069807
0.0170616571619
0.0167321793916
0.0164119589422
0.0161206207663
0.0158413894454
0.0155716196197
0.0153106401484
0.0150625895242
0.0148310928719
0.0146207590923
0.0144287086611
0.0142497006564
0.0140837880103
0.0139287998396
0.0137836239615
0.0136461933346
0.0135184754661
0.0133985243399
0.0132861456386
0.0131779131644
0.0130768984529
0.0129821724956
0.0128926250189
0.0128081119363
0.0127282626167
0.0126515744454
0.0125792576106
0.0125110577591
0.0124476145296
0.012387262166
0.0123291995449
0.012272213699
0.0122181305659
0.0121644077127
0.0121124657172
0.0120620072491
0.0120110387692
0.0119612567722
0.0119127886225
0.0118656884925
0.0118201085998
0.0117738895626
0.0117269657027
0.0116799310413
0.0116344380506
0.0115904776614
0.0115477519555
0.011504929145
0.0114635057897
0.0114232069942
0.0113839597746
0.0113448803974
0.0113069467695
0.011270096783
0.0112342727244
0.0111995272112
0.0111658514552
0.0111332547693
0.0111017036761
0.0110711856553
0.0110416323215
0.0110129747296
0.0109852538371
0.0109584257104
0.0109324528742
