1.73075875726
1.63322124451
1.48070282111
1.43905645517
1.436526181
1.43613877629
1.4359895857
1.43597238165
1.43596337627
1.43595456946
1.4359466085
1.43594118311
1.4359380616
1.43593628729
1.43593522164
1.43593453829
1.43593407379
1.43593374244
1.43593349662
1.4359333083
1.43593316016
1.43593304104
1.43593294345
1.43593286222
1.43593279369
1.43593273518
1.4359326847
1.43593264076
1.43593260219
1.43593256808
1.43593253774
1.43593251057
1.43593248613
1.43593246402
1.43593244395
1.43593242563
1.43593240887
1.43593239347
1.43593237927
1.43593236615
1.43593235399
1.43593234269
1.43593233216
1.43593232233
1.43593231313
1.43593230451
1.43593229641
1.43593228878
1.4359322816
1.43593227481
1.4359322684
1.43593226232
1.43593225656
1.43593225109
1.43593224589
1.43593224094
1.43593223622
1.43593223173
1.43593222743
1.43593222332
1.4359322194
1.43593221563
1.43593221203
1.43593220857
1.43593220525
1.43593220206
1.43593219899
1.43593219604
1.4359321932
1.43593219046
1.43593218782
1.43593218528
1.43593218282
1.43593218044
1.43593217815
1.43593217593
1.43593217378
1.4359321717
1.43593216969
1.43593216774
1.43593216585
1.43593216402
1.43593216224
1.43593216051
1.43593215883
1.43593215721
1.43593215562
1.43593215408
1.43593215259
1.43593215113
1.43593214971
1.43593214833
1.43593214699
1.43593214568
1.4359321444
1.43593214315
1.43593214194
1.43593214075
1.4359321396
1.43593213847
