0.73527667101
0.735251455467
0.735233715233
0.735220567792
0.735209194309
0.735199550057
0.735191559336
0.735184794012
0.73517896898
0.73517388743
0.735169409045
0.735165430737
0.735161874573
0.735158680024
0.735155798972
0.735153191751
0.735150825303
0.735148671595
0.735146706517
0.735144908966
0.735143260397
0.735141744447
0.735140346639
0.735139053441
0.735137853258
0.735136737135
0.735135696224
0.735134722753
0.735133809855
0.735132951494
0.735132142354
0.735131377773
0.735130653645
0.73512996636
0.735129312736
0.735128689929
0.735128095378
0.735127527014
0.735126982883
0.735126461242
0.735125960536
0.735125479368
0.735125016482
0.735124570744
0.735124140793
0.735123725991
0.735123325173
0.735122935546
0.735122558988
0.735122194823
0.735121842426
0.735121501218
0.735121170662
0.735120850259
0.735120539542
0.735120238075
0.735119945449
0.73511966128
0.735119385207
0.735119116891
0.735118856012
0.735118602265
0.735118355368
0.73511811505
0.735117881055
0.735117653139
0.735117431071
0.735117214631
0.735117003611
0.735116797811
0.735116597043
0.735116401126
0.735116209887
0.735116023162
0.735115840794
0.735115662632
0.735115488534
0.735115275555
0.735115064923
0.735114860224
0.735114661186
0.735114467553
0.735114279088
0.735114095569
0.735113916787
0.735113742576
0.735113572728
0.735113407062
0.735113245413
0.735113087626
0.735112933554
0.735112783059
0.735112636007
0.735112492275
0.735112351742
0.735112214295
0.735112079827
0.735111948235
0.735111819421
0.735111693292
0.735111569758
0.735111448735
0.735111330139
0.735111213894
0.735111099926
0.735110988161
0.735110878532
0.735110770746
0.73511066489
0.735110560997
0.735110459008
0.735110358866
0.735110260517
0.735110163908
0.735110068988
0.735109975709
0.735109884025
0.735109793889
0.73510970526
0.735109618095
0.735109532355
0.735109447999
0.735109364991
0.735109283295
0.735109202876
0.7351091237
0.735109045734
0.735108968948
0.735108893311
0.735108818793
0.735108745367
0.735108673004
0.735108601679
0.735108531365
0.735108462038
0.735108393901
0.735108334158
0.735108275114
0.735108216753
0.735108159057
0.735108102012
0.735108045602
0.735107989812
0.73510793463
0.735107880035
0.735107826021
0.735107772575
0.735107719685
0.735107667338
0.735107615524
0.735107564232
0.73510751345
0.735107463169
0.735107413379
0.735107364069
0.73510731523
0.735107266853
0.735107218929
0.735107171449
0.735107124404
0.735107077787
0.73510703159
0.735106985803
0.735106940421
0.735106895434
0.735106850837
0.735106806621
0.735106762781
0.735106719308
0.735106676197
0.735106633441
0.735106591033
0.735106548968
0.73510650724
0.735106465841
0.735106424768
0.735106384013
0.735106343572
0.735106303439
0.735106263608
0.735106224075
0.735106184834
0.735106145881
0.735106107209
0.735106068816
0.735106030695
0.735105992842
0.735105955252
0.735105917922
0.735105880847
0.735105844022
0.735105807443
0.735105771106
0.735105735006
0.735105699141
0.735105663506
0.735105628097
0.73510559291
0.735105557941
0.735105523187
0.735105488645
0.73510545431
0.735105420179
0.735105386249
0.735105352515
0.735105318976
0.735105285627
0.735105252466
0.735105219489
0.735105186692
0.735105154074
0.73510512163
0.735105089358
0.735105057254
0.735105025317
0.735104993542
0.735104961927
0.73510493047
0.735104899167
0.735104868015
0.735104837013
0.735104806157
0.735104775444
0.735104744873
0.73510471444
0.735104684143
0.735104653979
0.735104623947
0.735104594042
0.735104564264
0.735104534609
0.735104505075
0.73510447566
0.735104446361
0.735104417177
0.735104388105
0.735104359142
0.735104330287
0.735104301537
0.735104272889
0.735104244343
0.735104215895
0.735104187536
0.735104159272
0.735104131099
0.735104103017
0.735104075023
0.735104047115
0.735104019291
0.735103991549
0.735103963887
0.735103936303
0.735103908795
0.73510388136
0.735103853998
0.735103826706
0.735103799482
0.735103772324
0.735103745231
0.7351037182
0.735103691229
0.735103664317
0.735103637461
0.735103610661
0.735103583913
0.735103557216
0.735103530569
0.735103503969
0.735103477414
0.735103450903
0.735103424434
0.735103398004
0.735103371613
0.735103345258
0.735103318938
0.73510329265
0.735103266394
0.735103240166
0.735103213965
0.73510318779
0.735103161638
0.735103135508
0.735103109398
0.735103083306
0.73510305723
0.735103031168
0.735103005119
0.735102979081
0.735102953051
0.735102927029
0.735102901012
0.735102874998
0.735102848985
0.735102822972
0.735102796957
0.735102770937
0.735102744911
0.735102718878
0.735102692834
0.735102666778
0.735102640709
0.735102614624
0.73510258852
0.735102562398
0.735102536253
0.735102510085
0.735102483891
0.735102457669
0.735102431418
0.735102405134
0.735102378817
0.735102352463
0.735102326071
0.735102299639
0.735102273165
0.735102246645
0.735102220079
0.735102193463
0.735102166796
0.735102140076
0.735102113299
0.735102086464
0.735102059569
0.73510203261
0.735102005587
0.735101978495
0.735101951333
0.735101924099
0.735101896789
0.735101869401
0.735101841933
0.735101814382
0.735101786745
0.735101759019
0.735101731202
0.735101703292
0.735101675284
0.735101647177
0.735101618968
0.735101590652
0.735101562229
0.735101533693
0.735101505043
0.735101476276
0.735101447387
0.735101418374
0.735101389233
0.735101359961
0.735101330555
0.735101301011
0.735101271325
0.735101241495
0.735101211516
0.735101181384
0.735101151096
0.735101120648
0.735101090035
0.735101059254
0.735101028301
0.735100997171
0.73510096586
0.735100934364
0.735100902678
0.735100870798
0.735100838719
0.735100806436
0.735100773945
0.735100741239
0.735100708316
0.735100675168
0.735100641791
0.735100608179
0.735100574312
0.735100540194
0.735100505824
0.735100471197
0.735100436305
0.735100401141
0.735100365701
0.735100329977
0.735100293963
0.735100257652
0.735100221037
0.735100184111
0.735100146866
0.735100109294
0.735100071388
0.73510003314
0.735099994542
0.735099955585
0.73509991627
0.735099876587
0.735099836519
0.735099796057
0.735099755189
0.735099713907
0.735099672199
0.735099630057
0.735099587468
0.735099544422
0.735099500907
0.735099456911
0.735099412423
0.735099367429
0.735099321917
0.735099275873
0.735099229284
0.735099182135
0.735099134412
0.7350990861
0.735099037184
0.735098987646
0.735098937472
0.735098886642
0.735098835141
0.735098782949
0.735098730048
0.735098676418
0.735098622039
0.735098566889
0.735098510948
0.735098454193
0.735098396601
0.735098338146
0.735098278806
0.735098218553
0.735098157361
0.735098095202
0.735098032048
0.735097967867
0.735097902629
0.735097836302
0.735097768852
0.735097700413
0.735097631127
0.735097560601
0.735097488795
0.735097415669
0.73509734118
0.735097265283
0.735097187933
0.73509710908
0.735097028675
0.735096946665
0.735096862995
0.735096777607
0.735096690442
0.735096601436
0.735096510524
0.735096417637
0.735096322703
0.735096225647
0.735096126389
0.735096024846
0.735095920931
0.735095814552
0.735095705613
0.735095594012
0.735095479643
0.735095362395
0.735095242148
0.735095118778
0.735094992154
0.735094862136
0.735094728579
0.735094591328
0.735094450218
0.735094305077
0.73509415572
0.735094001942
0.735093843544
0.735093680309
0.735093512004
0.735093338382
0.735093159178
0.735092974112
0.735092782885
0.735092585175
0.735092380642
0.735092168921
0.735091949621
0.735091722322
0.735091486576
0.735091241902
0.73509098778
0.735090723653
0.735090448922
0.735090162939
0.735089865005
0.735089554365
0.735089230201
0.735088891628
0.735088537685
0.735088167328
0.735087779543
0.735087373089
0.735086946518
0.73508649836
0.735086027007
0.735085530697
0.735085007499
0.735084455292
0.735083871743
0.735083244937
0.735082542822
0.735081794969
0.735080997081
0.73508014435
0.735079231401
0.735078252211
0.735077200024
0.735076067257
0.735074845386
0.735073524832
0.735072094768
0.735070542878
0.735068855817
0.735067018484
0.735065014026
0.735062823791
0.735060427272
0.735057802226
0.735054924974
0.735051770261
0.735048312944
0.735044528812
0.735040395702
0.735035895772
0.735031016742
0.735025754858
0.735020123222
0.735014147183
0.735007868033
0.735001342665
0.734994641348
0.734987843635
0.734981032933
0.734974289256
0.734967687568
0.734961289813
0.734955144374
0.734949284333
0.734943728499
0.734940082915
0.734936895203
0.734933823622
0.734930868472
0.734928027958
0.734925298546
0.734922675473
0.734920153101
0.73491772522
0.734915385339
0.734913126873
0.734910943309
0.734908828325
0.734906775865
0.734904780193
0.734902833413
0.734900929863
0.734899068344
0.734897244472
0.73489545417
0.734893693651
0.734891959387
0.734890248093
0.734888556694
0.734886882313
0.734885222236
0.734883573901
0.734881934871
0.734880302817
0.734878675498
0.734877050744
0.734875426438
0.734873800498
0.734872170859
0.734870535457
0.734868892209
0.734867238993
0.734865573625
0.734863893844
0.734862197289
0.734860481465
0.734858743712
0.734856981176
0.734855190769
0.734853369125
0.734851512535
0.734849616923
0.734847677749
0.73484568993
0.734843647741
0.734841544703
0.734839373433
0.734837125488
0.734834791146
0.734832359154
0.734829816423
0.734827147637
0.734824334782
0.73482135656
0.734818187661
0.734814797864
0.734811150933
0.734807203324
0.734802902634
0.734798185961
0.734792978351
0.734787191893
0.734780726141
0.734773473071
0.734765329334
0.734756217309
0.734746121624
0.734735133976
0.734723487688
0.734711549786
0.734699750316
0.734688473474
0.734677971949
0.73466834658
0.73465958101
0.734651593753
0.734644280177
0.734637537456
0.734631275391
0.734625418985
0.734619907645
0.734614692923
0.734609736063
0.734605005791
0.734600476488
0.73459636759
0.734592465426
0.734588703623
0.734585065606
0.73458153558
0.734578097866
0.734574736291
0.734571433636
0.734568170967
0.734564926944
0.734561676953
0.73455839204
0.734555037483
0.734551570933
0.734547939905
0.734544078413
0.7345399026
0.734535305024
0.734530318851
0.734525132411
0.734519456629
0.734513211335
0.734506082277
0.734497931152
0.734488663976
0.73447828477
0.734466960774
0.734455056148
0.734443082427
0.7344328984
0.734425813713
0.734419160993
0.73441295056
0.734407155696
0.734401728104
0.734396610864
0.734391746792
0.734385639343
0.734379355646
0.734373204665
0.734367155268
0.734361180756
0.734355257476
0.734349358568
0.734343459413
0.734337534518
0.734331556809
0.734325496841
0.734319209186
0.734312743618
0.73430609359
0.734299224634
0.734292096831
0.734284671837
0.734276916324
0.734268806946
0.734260333435
0.734251502195
0.734242337863
0.734234228945
0.734228319311
0.7342221855
0.734215908956
0.734209467405
0.734202835111
0.734195981253
0.734188863458
0.734181444002
0.73417367527
0.734165499682
0.734156853252
0.734147669262
0.734137885975
0.734127461457
0.734116402191
0.734104760824
0.734092811702
0.734080705953
0.734068649312
0.734056994881
0.734046026017
0.73403588069
0.734026680698
0.73401841324
0.734010990702
0.734004334992
0.733998362079
0.733993015037
0.733988210192
0.733983875471
0.733979949671
0.733976380398
0.733973122675
0.733970137893
0.733967392834
0.73396485884
0.733962511124
0.733960328202
0.733958291398
0.733956384438
0.733954592532
0.733952903397
0.733951306593
0.733949792444
0.733948352397
0.733946978861
0.733945665078
0.733944405009
0.733943193233
0.733942024891
0.733940895582
0.733939801313
0.733938738443
0.733937703636
0.733936693822
0.733935706162
0.733934738009
0.733933786885
0.733932850453
0.73393192649
0.733931012874
0.733930107553
0.733929208537
0.73392831387
0.73392742162
0.733926529862
0.733925636653
0.733924740028
0.73392383797
0.733922928401
0.733922009157
0.733921078257
0.733920133598
0.733919172074
0.733918190972
0.733917187383
0.733916158164
0.733915099904
0.733914008893
0.733912968935
0.733912189589
0.733911399116
0.733910596503
0.733909780691
0.733908950413
0.733908104565
0.733907242011
0.733906361439
0.733905461479
0.733904540733
0.733903597689
0.733902630749
0.733901638227
0.733900618344
0.733899569218
0.733898487162
0.73389737162
0.733896220588
0.733895031756
0.733893802702
0.733892530889
0.73389121367
0.733889848292
0.733888431899
0.733886961541
0.733885434178
0.733883846577
0.733882195704
0.733880478358
0.733878691316
0.733876831346
0.733874895227
0.733872879753
0.733870781738
0.733868597995
0.733866325314
0.733863960451
0.733861499998
0.7338589403
0.733856277308
0.733853506394
0.73385062213
0.733847618021
0.733844485415
0.733841215671
0.733837797116
0.733834215944
0.733830455942
0.73382649846
0.733822322713
0.733817906535
0.733813227774
0.733808282873
0.733803071935
0.73379755568
0.733791742593
0.733785660434
0.733779365749
0.733772924742
0.733766427057
0.733759973096
0.733753652987
0.733747548738
0.733741722155
0.733736202127
0.733731007564
0.73372613386
0.733721563511
0.733717276117
0.733713247103
0.733709449592
0.733705858909
0.733702451842
0.733699207754
0.733696108635
0.733693138954
0.733690285445
0.733687536847
0.733684883644
0.733682317632
0.733679832157
0.733677421641
0.733675081264
0.73367280692
0.733670595079
0.733668518167
0.733666527803
0.733664591384
0.733662706653
0.733660871498
0.733659083921
0.733657342011
0.733655643924
0.733653987869
0.733652372093
0.733650794873
0.733649254516
0.733647749348
0.733646277716
0.733644837982
0.7336434285
0.733642047701
0.733640693373
0.733639362363
0.733638055458
0.733636771096
0.73363550772
0.733634263776
0.733633037711
0.733631827939
0.733630632902
0.733629451008
0.733628280678
0.733627120277
0.733625968139
0.73362482255
0.733623681746
0.733622543898
0.733621407099
0.733620269345
0.733619129181
0.733617983928
0.733616831002
0.733615667877
0.733614491834
0.733613299933
0.733612088978
0.733610855479
0.733609595603
0.73360830512
0.733606979345
0.733605613062
0.73360420044
0.733602734938
0.733601209189
0.733599614873
0.73359794256
0.733596181545
0.733594319653
0.733592343022
0.73359023588
0.733587980307
0.733585556014
0.733582940164
0.733580107293
0.733577029392
0.733573676278
0.733570016375
0.733566018111
0.733561652079
0.733556894114
0.733551729246
0.733546156201
0.733540191738
0.73353387367
0.733527261328
0.733520432576
0.73351347746
0.733506489817
0.733499558905
0.733492763043
0.733486166265
0.733479822076
0.73347376303
0.733468032618
0.733462633067
0.733457559843
0.733452816098
0.733448399228
0.733444301564
0.733440511139
0.73343701255
0.733433787906
0.733430817764
0.733428081992
0.733425560487
0.733423233734
0.733421083262
0.733419091817
0.733417243517
0.733415523891
0.733413919849
0.733412419616
0.733411012632
0.733409689451
0.733408441629
0.733407261619
0.733406142671
0.733405078739
0.7334040644
0.733403094776
0.733402165473
0.733401272519
0.733400412316
0.733399581591
0.733398777359
0.733397996891
0.733397237678
0.733396497408
0.733395773942
0.733395065291
0.733394369601
0.733393685132
0.733393010237
0.733392343366
0.733391683048
0.733391027872
0.733390376476
0.733389727543
0.733389079789
0.733388431958
0.733387782806
0.7333871311
0.733386475608
0.733385815088
0.733385148282
0.73338447391
0.733383790655
0.73338309716
0.733382392015
0.733381673748
0.733380940813
0.733380191577
0.733379424306
0.733378637154
0.733377828141
0.733376995133
