0.633738393146
0.633581771945
0.633128052902
0.632232265716
0.630986939187
0.623874046104
0.608676745608
0.596770121407
0.595678225397
0.595145910607
0.594969852618
0.594843338858
0.594586663072
0.594162906613
0.593964106498
0.593829473015
0.593643413276
0.593398841343
0.593231203965
0.593089185524
0.592975334809
0.592882069874
0.592797672035
0.592696851086
0.5926051419
0.59252734582
0.592461378117
0.592404559608
0.592354175354
0.592309832406
0.592272377327
0.592239346488
0.592211291614
0.59218791542
0.59216829987
0.592152325637
0.592138841539
0.592127346673
0.592117398226
0.59210864762
0.592100838029
0.592093780366
0.592087328408
0.592081356191
0.592075748273
0.59207053892
0.592065671606
0.592061103067
0.592056799108
0.59205273149
0.592048877485
0.592045217581
0.592041734774
0.592038414212
0.592035242794
0.592032208877
0.592029302053
0.592026512975
0.59202383321
0.592021255127
0.592018771804
0.592016376946
0.592014064811
0.592011831535
0.592009671695
0.592007580005
0.592005552412
0.592003585198
0.592001674934
0.591999818483
0.591998012937
0.59199625555
0.59199454381
0.591992875387
0.591991248113
0.591989659972
0.591988109081
0.591986593684
0.591985112347
0.591983663598
0.591982245714
0.591980857342
0.591979497212
0.591978164133
0.591976857065
0.591975574936
0.591974316665
0.591973081305
0.591971867979
0.591970676212
0.591969506243
0.591968355823
0.59196722154
0.591966083894
0.591964963713
0.591963860079
0.591962772225
0.59196169945
0.591960641103
0.591959596575
0.591958565294
0.591957546715
0.591956540322
0.591955545619
0.591954562132
0.591953589402
0.591952626988
0.591951674463
0.591950731409
0.591949797424
0.591948872113
0.591947955089
0.591947045977
0.591946144455
0.591945250118
0.591944362593
0.591943481521
0.591942606548
0.591941737321
0.591940873493
0.59194001471
0.591939160677
0.591938311059
0.591937465412
0.591936623373
0.591935784576
0.591934948644
0.591934115192
0.591933283827
0.591932454141
0.591931625712
0.591930798104
0.591929970858
0.591929143496
0.591928315515
0.591927486384
0.591926655539
0.59192582238
0.591924986265
0.591924146507
0.591923302361
0.591922453024
0.59192159763
0.591920735218
0.591919864739
0.591918985039
0.59191809484
0.591917192722
0.591916277099
0.591915346193
0.591914398
0.59191343025
0.591912440363
0.59191142549
0.591910382187
0.591909306539
0.591908194033
0.591907039421
0.591905836584
0.591904578362
0.591903256368
0.591901871814
0.59190041326
0.591898861621
0.591897201112
0.591895416101
0.591893488607
0.591891400066
0.591889132281
0.591886670716
0.591884008315
0.591881150722
0.591878120515
0.591874960831
0.591871733657
0.591868573066
0.591865523087
0.591862596097
0.5918598337
0.591857261138
0.591854891599
0.591852720917
0.591850741901
0.591848934252
0.59184727755
0.59184575749
0.59184435089
0.591843041379
0.591841818975
0.591840666908
0.591839575436
0.591838539186
0.591837544509
0.591836589538
0.591835669857
0.591834782192
0.591833922315
0.591833083629
0.591832273123
0.591831479477
0.591830709502
0.591829955967
0.591829218742
0.591828498226
0.591827795298
0.591827107141
0.591826432224
0.591825770229
0.591825121235
0.591824484582
0.591823859866
0.591823246566
0.591822644221
0.591822052472
0.591821470794
0.591820898828
0.591820335907
0.59181978201
0.591819236892
0.591818700198
0.591818171612
0.591817650829
0.591817137556
0.591816631359
0.591816131668
0.591815638487
0.591815151541
0.591814670555
0.591814195434
0.591813726207
0.591813264026
0.591812805661
0.591812350903
0.591811901203
0.591811458803
0.591811017086
0.591810580553
0.591810149269
0.591809718762
0.591809295547
0.591808871224
0.591808453893
0.591808035339
0.591807623097
0.591807212201
0.591806801373
0.591806395598
0.591805991459
0.591805587404
0.59180518436
0.591804783051
0.591804383807
0.591803985209
0.591803587141
0.591803189424
0.591802792173
0.591802395945
0.591801999938
0.591801601848
0.591801202309
0.591800804194
0.591800405007
0.591800001887
0.591799601648
0.591799194797
0.591798790624
0.591798380681
0.591797969553
0.591797556931
0.591797139232
0.591796717888
0.591796293251
0.591795864857
0.591795432314
0.59179499523
0.591794553203
0.591794105817
0.591793652642
0.591793191253
0.591792723063
0.591792250591
0.591791766715
0.591791277638
0.591790776409
0.591790269751
0.591789750397
0.59178921986
0.59178867866
0.591788126445
0.591787561008
0.591786981685
0.5917863879
0.591785780039
0.591785156439
0.591784514731
0.591783854325
0.591783177504
0.591782477805
0.591781758703
0.591781018395
0.591780253188
0.591779463953
0.59177864958
0.591777808884
0.591776940866
0.591776044176
0.591775115476
0.591774158139
0.5917731696
0.591772146457
0.591771091892
0.591770002911
0.591768879486
0.591767724455
0.591766533644
0.591765309581
0.591764054613
0.591762767679
0.591761450111
0.591760106978
0.591758735372
0.591757343168
0.59175592775
0.591754497632
0.591753053653
0.591751599071
0.59175013754
0.591748674444
0.591747212064
0.591745755643
0.591744306956
0.591742868801
0.591741449185
0.591740046061
0.591738662247
0.591736606282
0.591734542528
0.591732525845
0.591730550949
0.591728620018
0.591726730472
0.591724882458
0.591723073813
0.591721303774
0.591719570893
0.591717872883
0.591716207776
0.591714573785
0.591712969335
0.59171139299
0.591709843414
0.591708319415
0.591706819881
0.591705343782
0.591703890703
0.591702459319
0.591701048932
0.591699658313
0.591698286647
0.591696933158
0.591695597111
0.591694277767
0.591692974364
0.591691686239
0.5916904127
0.591689153049
0.591687906676
0.591686672901
0.59168545118
0.591684240895
0.591683041354
0.59168185194
0.591680672033
0.591679501027
0.591678338327
0.591677183354
0.591676035492
0.591674894144
0.591673758803
0.591672629058
0.591671504036
0.591670383127
0.591669265697
0.591668148413
0.591667033177
0.591665919576
0.591664806937
0.59166369502
0.591662582666
0.591661469153
0.591660353748
0.591659235684
0.591658116552
0.591656998867
0.591655878984
0.59165475336
0.591653620977
0.591652480837
0.591651332013
0.5916501734
0.591649003742
0.591647821877
0.59164662646
0.591645416134
0.59164418957
0.591642945338
0.591641681692
0.591640396862
0.591639088997
0.591637756123
0.591636396161
0.59163500677
0.59163358549
0.591632129796
0.59163063672
0.59162910314
0.591627532761
0.591625918026
0.591624253078
0.591622533385
0.591620754464
0.591618911782
0.591617000001
0.591615013309
0.591612945629
0.591610790455
0.591608540988
0.591606189992
0.591603730103
0.591601152774
0.591598449358
0.591595610902
0.591592628834
0.591589496261
0.591586203988
0.591582743637
0.591579108493
0.591575293449
0.591571295405
0.591567113801
0.591562750811
0.591558212142
0.591553513117
0.591548660635
0.591543667821
0.591538555786
0.591533346053
0.591528062141
0.591522728153
0.591517368263
0.591512006009
0.591506662739
0.591501357661
0.591496106805
0.591490940686
0.59148586265
0.591480868593
0.591475963642
0.591471154687
0.591466440736
0.591461823951
0.591457304563
0.591452882226
0.591448557634
0.591444331074
0.591440203039
0.591436165585
0.59143221586
0.591428350461
0.5914245631
0.591420848487
0.591417200206
0.591413611392
0.591410074672
0.5914065827
0.59140312744
0.591399702028
0.591396297721
0.591392907166
0.591389524035
0.591386142992
0.591382705645
0.591379205209
0.591375681405
0.591372133267
0.591368566697
0.591365008646
0.591361440911
0.591357857124
0.591354285919
0.591350740667
0.591347234408
0.59134377815
0.591340383835
0.591337060937
0.591333817353
0.591330656485
0.591327585084
0.591324604809
0.591321715454
0.59131893448
0.591316242427
0.591313634701
0.591311107705
0.591308657456
0.591306282874
0.591303976562
0.591301734588
0.591299552484
0.591294967335
0.591288133838
0.591282535979
0.591277511206
0.59127286462
0.591268494852
0.5912643196
0.591260289393
0.591256373479
0.591252548295
0.591248795087
0.591245093383
0.59124143438
0.591237806082
0.591234197018
0.591230595783
0.591226991194
0.591223372331
0.59121972857
0.591216051053
0.591212328281
0.591208549638
0.591204707352
0.591200795129
0.591196805708
0.591192736226
0.591188587065
0.591184361704
0.591180068612
0.591175719938
0.591171331574
0.591166922762
0.591162514607
0.591158128239
0.591153814605
0.591149624177
0.591145513464
0.591141513757
0.591137620158
0.591133834044
0.591130157375
0.591126590847
0.591123134024
0.591119785518
0.591116542365
0.591113401168
0.59111035829
0.59110740992
0.59110455224
0.591101781461
0.591099093865
0.591096486965
0.591093956637
0.59109149953
0.591089112741
0.591086793462
0.591084542432
0.591082354531
0.591080226829
0.591078157455
0.591076145535
0.591074187564
0.591072281934
0.591070427127
0.591068622958
0.591066866013
0.591065154161
0.591063485895
0.591061859786
0.591060274463
0.591058728608
0.591057220961
0.591055750273
0.591054315336
0.591052915006
0.5910515483
0.591050214299
0.591048911695
0.591047639492
0.591046396749
0.591045182511
0.591043995905
0.59104283607
0.591041702149
0.591040593378
0.591039508971
0.591038448979
0.591037412125
0.591036397387
0.591035404097
0.591034431607
0.591033479319
0.591032546622
0.591031632955
0.591030737724
0.591029860385
0.591029000415
0.591028157308
0.591027330887
0.591026520721
0.591025725885
0.591024946082
0.591024180886
0.591023429862
0.591022692614
0.591021968754
0.59102125791
0.591020559717
0.59101987426
0.591019201047
0.591018539446
0.59101788914
0.591017249825
0.591016621241
0.591016004495
0.591015397832
0.591014800984
0.59101421369
0.591013635731
0.591013066877
0.591012506844
0.591011955438
0.591011412421
0.591010877565
0.591010350649
0.591009831474
0.591009319846
0.591008815566
0.591008318448
0.591007828313
0.591007345076
0.59100686848
0.591006398352
0.591005934531
0.591005476861
0.591005025191
0.591004579373
0.591004139265
0.591003704728
0.59100327451
0.591002848074
0.591002426889
0.591002010828
0.591001599769
0.59100119359
0.591000792174
0.591000395409
0.591000003184
0.590999615394
0.590999231936
0.590998852725
0.590998477643
0.590998106613
0.590997739525
0.590997376289
0.590997016817
0.590996661024
0.590996308832
0.590995960171
0.590995614945
0.590995273077
0.590994934495
0.590994599124
0.590994266899
0.590993937747
0.590993611602
0.590993288399
0.590992968074
0.590992650566
0.590992335817
0.590992023826
0.590991714509
0.590991407776
0.590991103576
0.590990801855
0.590990502564
0.590990205652
0.590989911071
0.590989618779
0.590989329674
0.590989042747
0.590988757953
0.59098847525
0.590988194596
0.590987915959
0.590987639294
0.590987364562
0.590987091726
0.590986820835
0.590986552049
0.590986285054
0.590986019816
0.590985756303
0.590985494483
0.590985234333
0.590984975819
0.590984719236
0.590984464268
0.590984210849
0.59098395895
0.590983708545
0.590983459607
0.590983212111
0.590982966033
0.590982721383
0.590982478114
0.590982236193
0.590981995596
0.590981756303
0.590981518303
0.590981281564
0.590981046066
0.59098081179
0.590980578716
0.590980346825
0.590980116109
0.590979886614
0.590979658248
0.590979430995
0.590979204842
0.590978979784
0.590978755788
0.590978532839
0.590978310921
0.590978093324
0.590977881383
0.590977671108
0.590977462191
0.590977254449
0.59097704777
0.590976842081
0.590976637335
0.590976433499
0.590976230549
0.590976028466
0.590975827235
0.590975626843
0.590975427277
0.590975228525
0.590975030577
0.590974833421
0.590974637048
0.590974441448
0.590974246612
0.59097405253
0.590973859193
0.590973666594
0.590973474722
0.590973283569
0.590973093128
0.590972903422
0.59097271442
0.59097252612
0.590972338519
0.590972151587
0.590971965316
0.590971779702
0.59097159474
0.590971410429
0.590971226756
0.590971043713
0.590970861293
0.590970679491
0.590970498402
0.590970318006
0.590970138209
0.590969959005
0.590969780392
0.590969602363
0.59096942491
0.590969214915
0.590968999904
0.590968786828
0.590968575511
0.590968365809
0.590968157606
0.590967950809
0.590967745335
0.590967541118
0.590967338098
0.590967136224
0.590966935451
0.590966735739
0.590966537066
0.590966339389
0.590966142677
0.590965946906
0.590965752052
0.590965558093
0.59096536501
0.590965172784
0.590964981399
0.590964790838
0.590964601087
0.590964412132
0.590964223962
0.590964036672
0.590963850141
0.590963664356
0.590963479307
0.590963294986
0.59096311138
0.59096292848
0.590962746275
0.590962564759
0.59096238392
0.590962203753
0.590962024248
0.590961845397
0.590961667194
0.59096148963
0.590961312698
0.590961136392
0.590960960705
0.59096078563
0.59096061116
0.59096043729
0.590960264014
0.590960091325
0.590959919217
0.590959747686
0.590959576726
0.590959406331
0.590959236496
0.590959067217
0.590958898488
0.590958730304
0.590958562661
0.590958395562
0.590958229024
0.590958063013
0.590957897523
0.590957732551
0.590957568097
0.590957404153
0.590957240715
0.590957077778
0.59095691534
0.590956753395
0.590956591942
0.590956430975
0.590956270493
0.590956110492
0.59095595097
0.590955791933
0.590955633365
0.590955475265
0.590955317629
0.590955160455
0.590955003739
0.590954847478
0.590954691671
0.590954536313
0.590954381403
0.590954226937
0.590954072913
0.590953919328
0.590953766182
0.59095361347
0.590953461191
0.590953309342
0.590953157919
0.590953006926
0.590952856356
0.590952706207
0.590952556475
0.59095240716
0.590952258259
0.59095210977
0.59095196169
0.590951814019
0.590951666753
0.590951519891
0.590951373432
0.590951227372
0.590951081713
0.590950936451
0.590950791584
0.590950647563
0.590950506885
0.590950367577
0.590950229623
0.590950092997
0.590949957312
0.590949822342
0.590949687948
0.590949554043
0.590949420572
0.590949287502
0.590949154811
0.590949022531
0.590948890646
0.590948759106
0.590948627906
0.590948497042
0.590948366512
0.590948236312
0.590948106441
0.590947976897
0.590947847678
0.590947718783
0.590947590209
0.590947461957
0.590947334025
0.59094720641
0.590947079113
0.590946952131
0.590946825463
0.59094669911
0.590946573068
0.590946447338
0.590946321918
0.590946196807
0.590946072003
0.590945947507
0.590945823317
0.590945699431
0.590945575851
0.590945452621
0.590945329692
0.590945207064
0.590945084735
0.590944962705
0.590944840981
0.59094471956
0.590944598435
0.590944477605
0.590944357069
0.590944236826
0.590944116876
0.590943997216
0.590943877848
0.590943758768
0.590943639978
0.590943521476
0.590943403261
0.590943285332
0.590943167688
0.590943051294
0.590942935441
0.590942820154
0.590942705638
0.590942591588
0.590942478035
0.59094236501
0.590942252546
0.590942140571
0.590942029044
0.590941917892
0.59094180707
0.590941696549
0.590941586312
0.590941476347
0.590941366646
0.590941257203
0.590941148016
0.59094103908
0.590940930394
0.590940821957
0.59094071377
0.590940605828
0.590940498131
0.590940390677
0.590940283466
0.590940176497
0.590940069768
0.59093996328
0.590939857031
0.590939751021
0.590939645249
0.590939539714
0.590939434415
0.590939329353
0.590939224526
0.590939119933
0.590939015575
0.59093891145
0.590938807558
0.590938703898
0.590938600472
0.590938497278
0.590938394325
0.590938291602
0.590938189109
0.590938086844
0.590937984807
0.590937882998
0.590937781416
0.590937680061
0.590937578931
0.590937478027
