0.74686774317
0.039736634213
0.0393858242244
0.0392214013897
0.0390992895155
0.0389655013814
0.0388012888962
0.0383375105716
0.0379826559288
0.0376051650984
0.036772924039
0.0350178804015
0.0338429945438
0.0331460173248
0.032673963479
0.0322066104517
0.0312055959186
0.0303212928841
0.0294635706837
0.0272074568943
0.0255843855335
0.0236426961299
0.0218643569035
0.0200534845537
0.0191198832653
0.0183610308219
0.0171208073762
0.0160772450798
0.0151482081436
0.01406552376
0.013428291401
0.0132245551394
0.0130961432591
0.0128965771742
0.0121048740547
0.0114323980582
0.0110549981695
0.010818765646
0.0105884978006
0.0103408491615
0.0102095544215
0.0101147485134
0.0100276724144
0.00994747414961
0.00986508619308
0.0097735670258
0.0096289673402
0.00940561678613
0.00924386755436
0.00909862300101
0.0089537837791
0.00878732962868
0.00853689404264
0.00832673297439
0.00817113332988
0.00803381912696
0.00790433123238
0.00777496194844
0.00763117959437
0.007446229457
0.0071935967959
0.0068660290663
0.00651346928439
0.00613825786758
0.00563650599748
0.0052198895188
0.00491695459481
0.00468460171571
0.00449810495037
0.00434773430873
0.00421838101519
0.00410255685756
0.00399902524994
0.00390957727381
0.00383206363464
0.00376245147182
0.00369789924585
0.00363758586333
0.00358338775889
0.0035373558564
0.00349949773567
0.00346853413317
0.00344289762393
0.00342119541296
0.00340235194615
0.00338561068974
0.00337046794886
0.00335660230385
0.00334379268102
0.00333186071131
0.00332066539899
0.00331007494732
0.0032999635507
0.00329022636454
0.00328071391729
0.00327129667523
0.00326183773962
0.00325218949904
0.00324218633746
0.00323163759202
0.00322032183606
0.00320798459575
0.00319434591597
0.00317912711394
0.00316211026085
0.00314324437668
0.00312266986897
0.00310078278174
0.00307812010782
0.00305522871868
0.00303259656468
0.00301064501185
0.00298970408231
0.00296995958334
0.0029513944547
0.00293383264614
0.00291699371878
0.00290055858252
0.00288421535441
0.00286769232209
0.00285073841757
0.00283313543738
0.00281469678553
0.00279525389468
0.00277466558397
0.00275285002989
0.00272984258407
0.00270586422155
0.00268136013262
0.00265696024518
0.00263335185745
0.00261112206506
0.00259065385141
0.00257211144997
0.00255548869247
0.00254067515511
0.00252751179237
0.00251582552567
0.00250544825007
0.00249622470928
0.00248801457604
0.00248069203498
0.00247414297501
0.00246826737707
0.00246297741027
0.00245819408944
0.00245384780073
0.00244987739959
0.00244622943618
0.00244285727032
0.0024397202354
0.00243678283939
0.00243401402317
0.00243138648379
0.00242887606252
0.00242646119812
0.00242412244023
0.00242184212332
0.00241960384471
0.0024173918575
0.00241519120184
0.00241298720862
0.00241076520233
0.00240851020482
0.00240620663883
0.00240383815996
0.00240138718634
0.00239883421703
0.00239615943569
0.00239333825337
0.00239034458078
0.00238714957151
0.00238372133281
0.00238002492378
0.00237602264457
0.00237167621927
0.00236694391704
0.00236178648806
0.00235616943014
0.00235006582993
0.00234345908316
0.00233634754194
0.00232874501622
0.00232067910573
0.00231218647725
0.00230330591254
0.00229407078805
0.00228450302016
0.00227461003293
0.00226438574087
0.00225381450636
0.00224288026133
0.00223157484628
0.00221990752042
0.00220791607225
0.00219567290736
0.0021832866097
0.00217089924284
0.00215867004893
0.00214675961156
0.00213531805858
0.00212447064703
0.00211430408042
0.00210486752033
0.00209617628056
0.00208821801684
0.0020809605188
0.00207435894343
0.00206836101774
0.00206291277379
0.00205795793258
0.00205344582053
0.00204932843834
0.00204556095583
0.00204210685064
0.00203892980356
0.00203599543274
0.00203327616619
0.00203074566959
0.00202838055386
0.00202616097225
0.00202406858663
0.00202209121232
0.00202021168395
0.00201841534602
0.00201627571448
0.00201393414041
0.00201162487461
0.00200933928405
0.00200707178701
0.00200481746888
0.00200261027607
0.00200043135944
0.00199825699025
0.00199608622312
0.00199391654283
0.00199174749708
0.00198958632646
0.00198743530355
0.00198528581835
0.00198313867606
0.00198099504331
0.00197885643436
0.00197672605086
0.00197460333302
0.00197248965563
0.00197038644932
0.00196830721655
0.0019662451801
0.00196419752498
0.00196216524199
0.00196014945861
0.00195815120505
0.00195617159015
0.00195421177627
0.00195227150084
0.00195035121914
0.00194845157737
0.0019465734831
0.00194471840931
0.00194289895544
0.00194110095937
0.00193932447718
0.00193756400765
0.00193581902011
0.00193409602485
0.00193239470976
0.00193071505266
0.00192905704533
0.00192742101036
0.00192580675511
0.00192421386085
0.00192264220802
0.00192109143292
0.00191956189942
0.00191805325723
0.0019165649556
0.00191509686158
0.00191364841789
0.00191221926498
0.00191080956426
0.00190941909507
0.00190804831248
0.00190669625393
0.00190536274732
0.0019040561648
0.00190294515013
0.00190185015788
0.00190077062545
0.00189970630777
0.00189865857716
0.00189762556624
0.00189660728234
0.00189560333348
0.00189461294333
0.00189363573429
0.00189267140752
0.00189171968363
0.00189078026404
0.00188985290994
0.00188893747739
0.00188804670381
0.00188716816113
0.00188630032296
0.00188544296557
0.0018845957525
0.0018837584108
0.00188293068198
0.00188211230059
0.00188130339093
0.00188050407371
0.00187971352726
0.0018789313503
0.00187815723121
0.00187739091385
0.00187663224427
0.00187588105165
0.00187513729772
0.00187440066607
0.00187367069193
0.00187294714358
0.00187222983526
0.00187151854678
0.00187081305436
0.00187011315344
0.00186941864843
0.00186872934546
0.0018680450754
0.00186736562464
0.00186669082341
0.0018660205104
0.00186535449057
0.00186469258369
0.00186403463439
0.00186338048743
0.00186273008508
0.0018620831949
0.0018614397014
0.00186079940375
0.00186016228298
0.00185952835101
0.00185890030563
0.00185837097998
0.00185792809805
0.00185748780965
0.0018570494353
0.00185661263365
0.00185617716146
0.00185574282649
0.00185509491811
0.00185442721019
0.00185376012747
0.00185309532043
0.00185243154949
0.00185176774383
0.00185110378654
0.00185043958549
0.00184977506699
0.00184911025052
0.00184844508357
0.00184777945333
0.001847113405
0.00184644730535
0.00184578082614
0.00184511393825
0.00184444654921
0.00184377864445
0.00184311024763
0.00184244221458
0.00184177421631
0.00184110580165
0.00184043703657
0.00183976802393
0.00183909876683
0.00183842932047
0.00183775993877
0.00183709064258
0.00183642139571
0.0018357522891
0.00183508343022
0.00183441490446
0.00183374681536
0.00183307927121
0.00183241238404
0.00183174632321
0.00183108125546
0.00183041719911
0.0018297542914
0.00182909319413
0.00182843352694
0.00182777538175
0.00182711886993
0.00182646411163
0.00182581122539
0.00182516032436
0.00182451154661
0.0018238649897
0.00182322076793
0.00182257913893
0.00182194008515
0.00182130368666
0.00182067004055
0.00182003919806
0.00181941124759
0.0018187885952
0.00181816919288
0.00181755288574
0.00181693973551
0.00181632982909
0.00181572333984
0.00181512013519
0.00181452024769
0.00181392371088
0.00181333055513
0.00181274079852
0.00181215445837
0.00181157154707
0.00181099208144
0.00181041605725
0.0018098434764
0.00180927434154
0.0018087086475
0.00180814638398
0.00180758754498
0.00180703211993
0.00180648009267
0.00180593144929
0.00180538616578
0.00180484423234
0.0018043056331
0.00180377033431
0.001803238443
0.00180270982535
0.00180218445348
0.00180166231767
0.00180114427422
0.001800632326
0.00180012344242
0.00179961759577
0.00179911475893
0.00179861490757
0.00179811803917
0.0017976244852
0.0017971338677
0.00179664646029
0.00179616203967
0.00179568043295
0.00179520162106
0.00179472557326
0.00179425238171
0.00179378190858
0.00179331413373
0.0017928490202
0.00179238654425
0.00179192668263
0.00179146941319
0.00179101472544
0.00179056269529
0.00179011323654
0.00178966627593
0.00178922202465
0.00178878052647
0.00178834145356
0.00178790478385
0.00178747050163
0.00178703859173
0.00178660902585
0.00178618178379
0.00178575685265
0.00178533419994
0.00178491381219
0.0017844957046
0.00178407982906
0.00178366615671
0.00178325780133
0.00178285213366
0.00178244876427
0.00178204758538
0.00178164844544
0.0017812513536
0.00178085626407
0.00178046316148
0.00178007203126
0.00177968285177
0.00177929559852
0.0017789102522
0.00177852679629
0.00177814521437
0.00177776549215
0.00177738761269
0.00177701155247
0.00177663729444
0.00177626482145
0.0017758941169
0.00177552516408
0.00177515794589
0.00177479252912
0.00177442885913
0.001774067129
0.00177370710999
0.00177334880145
0.00177299212554
0.00177263803078
0.00177228566123
0.00177193753582
0.00177159482269
0.0017712535885
0.0017709138248
0.00177057551027
0.00177023862819
0.00176990316347
0.00176956910767
0.0017692364398
0.00176890515266
0.00176857523271
0.00176824665742
0.00176791941275
0.00176759348484
0.00176726885946
0.00176694552419
0.00176662346446
0.00176630266667
0.00176598311755
0.00176566480662
0.00176534771881
0.00176503183759
0.00176471715183
0.00176440364928
0.00176409131965
0.001763780147
0.00176347011937
0.00176316122773
0.00176285346936
0.00176254681747
0.00176224125975
0.00176193678389
0.00176163337776
0.00176133103719
0.00176102976031
0.0017607295173
0.00176043029627
0.00176013208549
0.00175983487342
0.00175953865989
0.0017592434239
0.00175894915287
0.00175865583525
0.00175836346083
0.00175807201913
0.00175778149802
0.00175749188684
0.00175720317586
0.00175691535374
0.0017566284423
0.00175634241657
0.00175605724906
0.00175577293016
0.00175548951268
0.00175520692914
0.0017549251647
0.00175464420998
0.001754364056
0.00175408469308
0.00175380611155
0.00175352830266
0.00175325126028
0.00175297497662
0.00175269943889
0.00175244958266
0.00175220531918
0.00175196401741
0.00175172406774
0.00175148586882
0.00175124894732
0.00175101364696
0.00175077945354
0.00175054643957
0.00175031445481
0.00175008337844
0.00174985311246
0.00174962357519
0.00174939469945
0.00174916643069
0.00174893859793
0.00174871080414
0.00174848352305
0.00174825679494
0.00174803050332
0.00174780462317
0.00174757913223
0.00174735401052
0.00174712923994
0.00174690480624
0.00174668069371
0.00174645689138
0.00174623338202
0.00174601015362
0.00174578719497
0.00174556449558
0.00174534204564
0.0017451198359
0.00174489785766
0.00174467610271
0.00174445456331
0.00174423323226
0.00174401209747
0.0017437911533
0.00174357039761
0.00174334982682
0.00174312943352
0.00174290921315
0.00174268916044
0.00174246927031
0.00174224953847
0.0017420299609
0.00174181053379
0.00174159125361
0.00174137211756
0.00174115312262
0.0017409342655
0.00174071555627
0.00174049699151
0.00174027855786
0.00174006025405
0.00173984207782
0.00173962402697
0.0017394061028
0.00173918830646
0.00173897063276
0.00173875308414
0.00173853565813
0.00173831835307
0.00173810116876
0.00173788410516
0.00173766716246
0.00173745034096
0.00173723364997
0.00173701708972
0.00173680065255
0.0017365843397
0.00173636815207
0.00173615209076
0.00173593615716
0.00173572035501
0.00173550469673
0.00173528917657
0.00173507379942
0.00173485855995
0.00173464345991
0.00173442850528
0.00173421369414
0.00173399902901
0.00173378451712
0.00173357016274
0.00173335596285
0.00173314192643
0.00173292805904
0.00173271435514
0.00173250081805
0.00173228745114
0.00173207425781
0.00173186124165
0.00173164840617
0.0017314357551
0.0017312232922
0.00173101102133
0.00173079894659
0.00173058707179
0.00173037540098
0.00173016393829
0.00172995268791
0.00172974165406
0.00172953084106
0.00172932025325
0.00172910989502
0.00172889977085
0.00172868988522
0.00172848024261
0.00172827084757
0.00172806170471
0.00172785281867
0.00172764419411
0.00172743583568
0.00172722774804
0.00172701993591
0.00172681240403
0.00172660515712
0.00172639819994
0.00172619153725
0.00172598517382
0.0017257791144
0.00172557336378
0.00172536793448
0.00172516284914
0.00172495808679
0.00172475365215
0.00172454954994
0.00172434578488
0.00172414236166
0.00172393928495
0.00172373655954
0.00172353418995
0.00172333218074
0.00172313053649
0.00172292926177
0.00172272836106
0.00172252783885
0.00172232769959
0.00172212794775
0.00172192858761
0.00172172962348
0.00172153105964
0.00172133290034
0.00172113515312
0.00172093782324
0.00172074091022
0.00172054441774
0.00172034834979
0.00172015271129
0.00171995750518
0.00171976273606
0.00171956840716
0.0017193745219
0.00171918108394
0.00171898809688
0.00171879556427
0.0017186034896
0.0017184118763
0.00171822072778
0.00171803004729
0.0017178398444
0.00171765011806
0.00171746086915
0.0017172721007
0.0017170838157
0.00171689601706
0.00171670870846
0.00171652189236
0.0017163355709
0.00171614974675
0.00171596442248
0.00171577960058
0.00171559528352
0.00171541147365
0.0017152281733
0.00171504538469
0.00171486311
0.00171468135134
0.00171450011074
0.00171431939018
0.00171413919156
0.00171395951673
0.00171378037575
0.00171360176618
0.0017134236851
0.00171324613409
0.00171306911466
0.00171289262835
0.00171271667655
0.0017125412605
0.00171236638146
0.00171219204063
0.00171201823916
0.00171184497812
0.00171167225856
0.0017115000814
0.00171132844754
0.00171115735782
0.00171098681302
0.00171081681386
0.001710647361
0.00171047845847
0.00171031010836
0.00171014230678
0.00170997503615
0.00170980828977
0.00170964209338
0.00170947644728
0.00170931135187
0.00170914680706
0.00170898281297
0.00170881936968
0.00170865647717
0.00170849413541
0.00170833234433
0.00170817110379
0.00170801041368
0.00170785027374
0.0017076906837
0.00170753164334
0.0017073731523
0.00170721521017
0.00170705781646
0.00170690097069
0.00170674467236
0.00170658892094
0.00170643371586
0.00170627905688
0.00170612494325
0.00170597137522
0.00170581835194
0.00170566587147
0.001705513933
0.0017053625357
0.00170521167869
0.00170506136109
0.00170491158219
0.00170476234158
0.00170461363746
0.00170446546882
0.00170431783462
0.00170417074379
0.00170402418497
0.00170387815703
0.00170373265881
0.00170358768915
0.00170344324682
0.00170329933062
0.00170315593928
0.0017030130718
0.00170287072661
0.00170272890238
0.00170258759777
0.00170244681142
0.00170230654194
0.00170216678794
0.00170202754799
0.00170188882066
0.00170175060448
0.00170161289799
0.00170147569968
0.00170133900805
0.00170120282158
0.00170106714018
0.00170093196132
0.00170079728291
0.00170066310337
0.0017005294211
0.00170039623449
0.00170026354193
0.00170013134178
0.00169999963239
0.00169986841211
0.00169973767928
0.00169960743221
0.00169947766922
0.00169934838862
0.00169921958869
0.00169909126773
0.00169896342402
0.00169883605586
0.00169870916156
0.0016985827393
0.00169845678731
0.00169833130383
0.0016982062871
0.00169808173535
0.00169795764683
0.00169783401973
0.00169771085226
0.00169758814268
0.00169746588931
0.00169734409018
0.00169722274233
0.00169710184094
0.0016969813884
0.00169686138288
0.0016967418226
0.00169662270572
0.00169650403042
0.00169638579488
0.00169626799726
0.00169615063577
0.00169603370855
0.0016959172138
0.00169580114969
0.00169568551438
0.00169557030595
0.00169545552268
0.00169534116275
0.00169522722433
0.00169511370559
0.00169500060471
0.00169488791987
0.00169477564924
0.001694663791
0.00169455234334
0.00169444130444
0.00169433067457
0.00169422045109
0.00169411063083
0.00169400121198
0.00169389219273
0.00169378357129
0.00169367534586
0.00169356751464
0.00169346007583
0.00169335302766
0.00169324636833
0.00169314009606
0.00169303420907
0.00169292870558
0.00169282358383
0.00169271884204
0.00169261447845
0.0016925104913
0.00169240687884
0.00169230363931
0.00169220077096
0.00169209827205
0.00169199614084
0.0016918943756
0.0016917929746
0.00169169193612
0.00169159125843
0.00169149093982
0.0016913909786
0.00169129137311
0.0016911921216
0.00169109322235
0.00169099467369
0.00169089647393
0.0016907986214
0.00169070111441
0.0016906039513
0.00169050713042
0.0016904106501
0.00169031450869
0.00169021870456
0.00169012323605
0.00169002810155
0.00168993329941
0.00168983882802
0.00168974468577
0.00168965087104
0.00168955738224
0.00168946421776
0.00168937137601
0.00168927885541
0.00168918665924
0.0016890947816
0.00168900322043
0.00168891197415
0.00168882104122
0.00168873042009
0.00168864010921
0.00168855010704
0.00168846041206
0.00168837102326
0.0016882819386
0.00168819315657
0.00168810467565
0.00168801649436
0.0016879286112
0.00168784102469
0.00168775373334
0.00168766673569
0.00168758003027
0.00168749361561
0.00168740749027
0.0016873216528
0.00168723610176
0.00168715083571
0.00168706585324
0.00168698115291
0.00168689673331
0.00168681259304
0.00168672873069
0.00168664514488
0.0016865618342
0.00168647879729
0.00168639603276
0.00168631353925
0.00168623131539
0.00168614935982
0.00168606767121
0.0016859862482
0.00168590508946
0.00168582419365
0.00168574355946
0.00168566318556
0.00168558307065
0.00168550321341
0.00168542361256
0.0016853442668
0.00168526517484
0.0016851863354
0.00168510774721
0.00168502940901
0.00168495131953
0.00168487347751
0.00168479588172
0.0016847185309
0.00168464142382
0.00168456455926
0.00168448793598
0.00168441155278
0.00168433540843
0.00168425950174
0.00168418383151
