0.0369649058328
0.0347402530614
0.031317570287
0.0300075673146
0.0294450394227
0.0288657147584
0.0281880530706
0.0274544150147
0.0264065169869
0.0253069621184
0.0242989510198
0.0235082721973
0.0223132057966
0.0214996480162
0.0205893248037
0.0199985872777
0.0192062009691
0.0185731203963
0.0178462130618
0.0172679003148
0.0168110087437
0.0164881704066
0.016304825474
0.0160632187284
0.0157352835238
0.0153224991234
0.0150141909442
0.0148583593755
0.0147631931797
0.0146776438546
0.0145807010324
0.0144675690569
0.014372917994
0.0143100855012
0.0142628187455
0.0142223232296
0.014184898435
0.0141483298362
0.014109825932
0.0140643111553
0.0140038112708
0.0139205327471
0.0138296822804
0.013760683065
0.0137122736888
0.01367809102
0.0136491457773
0.0136227638359
0.0135973005005
0.0135712547834
0.0135430172109
0.013510787206
0.0134731411948
0.0134298573615
0.0133811897964
0.0133313063774
0.0132829404956
0.0132397965889
0.0131907340367
0.013137461064
0.0130832642938
0.0130269653998
0.012963177326
0.0128906428205
0.0128219336138
0.0127677783466
0.0127254036211
0.0126900060361
0.0126580434275
0.0126301800979
0.0126027153339
0.0125730365959
0.0125397796033
0.0125011758115
0.0124546873142
0.0123957538319
0.012313861568
0.0121801887312
0.0119516071068
0.0116958595033
0.0114597571302
0.0112203530139
0.0109752623401
0.010691914531
0.0103537170111
0.00993791027849
0.0094439525802
0.00909616167928
0.00887588624446
0.00871983757642
0.00859929136764
0.00849639193677
0.00839081229955
0.00826915972871
0.00812595378162
0.00796049883449
0.00776154034936
0.00755484532
0.00736743577667
0.00719549316118
0.00701161112472
0.00677390984863
0.00644758281438
0.00612364049175
0.00583813566186
0.00560622396992
0.0054377031551
0.00532168159462
0.00524011614834
0.00517927366276
0.00513014799989
0.00508504206667
0.00504605793229
0.00501139470814
0.00497932004717
0.0049500095624
0.00492268195522
0.004895011072
0.00486801140456
0.0048410787077
0.00481361436558
0.00478500741547
0.00475464359288
0.00472151397999
0.0046822623703
0.0046407240897
0.0045943805102
0.00454343171092
0.00449182440614
0.00444004722365
0.00438855134819
0.00433655277211
0.00428557113195
0.00423554111315
0.0041859356497
0.004139466779
0.0040968630336
0.00405803052577
0.00402101270685
0.00398735106369
0.00395660157667
0.00392834047577
0.00390214101267
0.00387762757611
0.00385447662244
0.00383244799263
0.00381125781989
0.00379076757016
0.00377081930056
0.00375088639718
0.00373103678972
0.0037113294292
0.00369141507368
0.00367130607555
0.00365108166535
0.00362823808214
0.00360061317848
0.00357322293843
0.00354611226
0.00351925174586
0.00349267334391
0.00346638071664
0.00344036188364
0.00341471978934
0.00338840040889
0.00336016888408
0.00333372189214
0.00330930702414
0.00328708970387
0.00326695569525
0.00324877530251
0.00323230844112
0.00321737895106
0.00320382009261
0.00319145763503
0.00318013524322
0.00316971525456
0.00316007909361
0.00315113978344
0.00314281645106
0.00313503413919
0.0031276619758
0.00312067761274
0.00311407521725
0.00310781444014
0.00310186097088
0.00309618344942
0.00309075465318
0.00308555062189
0.00308055193059
0.00307573670345
0.00307108830687
0.0030665918572
0.0030622324259
0.00305799732523
0.0030538766285
0.0030498586652
0.00304593451561
0.00304209498138
0.00303833240677
0.0030346395952
0.00303101005207
0.00302743793206
0.00302391888116
0.00302044640929
0.00301701531721
0.00301362018558
0.00301025646031
0.00300691948912
0.00300360547283
0.00300031058323
0.0029970312564
0.00299376440511
0.0029905064033
0.00298725415636
0.00298400418466
0.00298075306898
0.00297749817645
0.0029736785694
0.00296990660549
0.00296610919613
0.00296227418736
0.00295847886148
0.00295470855972
0.00295095026415
0.00294719272744
0.00294342499071
0.00293963895457
0.00293582709292
0.0029319806516
0.00292809298364
0.00292415733033
0.00291937033523
0.00291127886319
0.00290305275277
0.00289475453593
0.00288646180765
0.00287825547423
0.00287020796024
0.0028623773049
0.0028548051022
0.00284751621498
0.00284052096173
0.00283202336775
0.00282342274542
0.00281519325401
0.00280732899553
0.00279981061163
0.00279262030332
0.0027857392077
0.00277914780968
0.00277278223343
0.00276667393629
0.00276080656941
0.0027551648359
0.00274973460942
0.00274394373137
0.00273826749941
0.00273279985125
0.00272751886055
0.00272240903746
0.00271745501804
0.00271264053214
0.00270795403019
0.00270338510033
0.00269892428117
0.00269456331216
0.00269029473538
0.00268611187244
0.00268200848582
0.00267798021836
0.00267402137703
0.00267012652312
0.00266629104844
0.00266251094598
0.00265869609888
0.00265491350497
0.00265117656139
0.00264748260207
0.00264382865376
0.00264021168936
0.00263662947374
0.00263308003032
0.00262956156315
0.00262607237224
0.00262261110128
0.00261917656191
0.00261576783172
0.00261238422362
0.00260902545141
0.00260569080697
0.00260238012211
0.00259909353053
0.00259583162611
0.00259259447548
0.00258938209989
0.00258619480033
0.00258303633358
0.00257990603001
0.00257680291119
0.00257372765945
0.00257068110637
0.00256766405542
0.00256467716176
0.002561721189
0.00255879690993
0.00255590500313
0.00255304630279
0.00255022175136
0.00254743133278
0.00254468081755
0.00254196506959
0.00253928406011
0.00253664254984
0.00253403590787
0.00253146392767
0.00252892683938
0.0025264238747
0.00252395454226
0.00252152002146
0.00251911912178
0.00251675097358
0.00251441486008
0.00251210958969
0.00250983427153
0.00250759208538
0.00250538218093
0.00250320253442
0.00250105216912
0.00249892888886
0.00249683115172
0.00249475804612
0.00249270892311
0.00249068473324
0.00248868372948
0.002486704725
0.00248474662919
0.00248281563378
0.00248090484235
0.00247901283308
0.00247713983648
0.00247528534015
0.00247344851413
0.00247162930331
0.00246982627504
0.00246804194786
0.00246627535989
0.0024645228361
0.00246278404347
0.00246105809245
0.00245934460347
0.00245764418564
0.00245595561294
0.00245427828666
0.00245261181481
0.00245095597842
0.00244931044281
0.00244767741274
0.00244605498142
0.00244444162503
0.00244275043902
0.00244101898298
0.0024392950067
0.00243757984459
0.00243587545667
0.00243417628538
0.00243248261766
0.00243079550282
0.00242911469829
0.00242743928542
0.00242577272392
0.00242411364741
0.00242247168525
0.00242083663303
0.00241920638011
0.00241758241164
0.00241597350586
0.00241438244319
0.00241279549744
0.00241121352556
0.00240963859821
0.00240806702918
0.00240670502649
0.00240534936841
0.00240399871595
0.00240265267365
0.00240131016825
0.00239997219519
0.0023986392704
0.00239730969035
0.00239598284632
0.00239466367032
0.00239334873622
0.00239203781876
0.00239073131998
0.00238942864452
0.00238812979942
0.00238683682348
0.00238554610925
0.00238425773837
0.00238297562852
0.0023816467657
0.00238028528201
0.00237892546282
0.00237756794527
0.00237621177748
0.00237485737462
0.00237351018734
0.00237216071277
0.00237081280139
0.00236946550755
0.00236811978668
0.00236677838625
0.00236543898569
0.00236410291381
0.00236276984826
0.00236143703282
0.0023601043417
0.00235877175458
0.00235743917064
0.00235611434622
0.00235479351392
0.00235347515695
0.00235215902927
0.00235084984487
0.00234954154812
0.00234823972367
0.00234694278173
0.00234564513645
0.0023443477823
0.0023430648951
0.00234178397734
0.0023405034384
0.0023392217712
0.00233793850652
0.00233665349293
0.00233536737894
0.00233407947001
0.00233279281206
0.00233150451847
0.00233021407859
0.00232892095125
0.00232762832972
0.00232633313629
0.00232503489166
0.00232373357835
0.00232242888112
0.00232112160527
0.00231981224875
0.00231850010996
0.00231718477452
0.00231586534944
0.00231454142827
0.00231321291818
0.00231187997619
0.00231054354513
0.00230920767541
0.0023078817068
0.00230654975468
0.00230521288815
0.00230397944708
0.00230276199676
0.00230153816478
0.00230030889414
0.00229907275864
0.00229782901652
0.00229657739926
0.0022953176744
0.00229405164245
0.00229278030839
0.00229149980067
0.00229020933529
0.00228890846459
0.00228759680928
0.00228627396485
0.00228493940413
0.00228359269871
0.00228223309123
0.00228086021199
0.00227947609359
0.00227807855631
0.00227666569803
0.00227523808573
0.00227379440113
0.00227233366722
0.00227085544849
0.00226935848526
0.00226784460277
0.00226631032429
0.00226475452739
0.00226317626496
0.00226157451619
0.0022599482352
0.00225829636771
0.0022566177938
0.00225491154053
0.00225317631036
0.00225141075831
0.00224961325863
0.00224778231741
0.00224591637209
0.00224401390156
0.00224207309901
0.00224009271846
0.00223807070565
0.00223600555047
0.00223389445091
0.00223173469326
0.00222952378408
0.00222726147105
0.00222494459936
0.00222256824031
0.00222012929339
0.00221762474281
0.00221505075796
0.00221240345634
0.00220967882162
0.0022068731071
0.00220398175029
0.00220100066726
0.00219792404201
0.00219474687515
0.00219146410667
0.00218807103697
0.00218456293601
0.00218093527029
0.00217718821002
0.00217331571634
0.00216931478685
0.00216518650731
0.00216093193911
0.00215655541942
0.00215206459337
0.00214747035549
0.00214278684046
0.00213803182198
0.00213322583943
0.00212839207267
0.00212355520829
0.00211873187037
0.0021139500163
0.00210923758254
0.00210461525468
0.0021001011913
0.00209570924186
0.00209145179342
0.00208733725352
0.00208336933469
0.00207954818572
0.00207587358092
0.00207234354166
0.0020689555507
0.00206570655293
0.0020625947982
0.00205963128171
0.00205678809481
0.00205405927858
0.00205143662776
0.00204891565001
0.00204648940379
0.00204415168605
0.00204189737333
0.00203972081223
0.00203761725659
0.00203559228879
0.00203365512534
0.00203177966603
0.00202996074332
0.0020281947289
0.00202647837327
0.00202481506953
0.00202319883906
0.00202162509168
0.00202009033513
0.00201859263759
0.00201712995251
0.00201570035001
0.00201430281495
0.0020129345821
0.00201159415977
0.00201028026642
0.00200899275194
0.00200772910633
0.00200648806388
0.0020052691022
0.00200407072375
0.00200289195864
0.00200173190934
0.00200060005811
0.00199948591107
0.00199838812634
0.00199731248148
0.00199625359993
0.00199520930837
0.00199417881979
0.00199316158651
0.00199215842257
0.00199117047395
0.00199019430329
0.00198922947281
0.0019882767131
0.00198733486209
0.00198640356745
0.00198548286607
0.00198457172023
0.0019836699275
0.00198277700512
0.00198189266529
0.00198101662482
0.00198014871553
0.00197928865588
0.00197843686094
0.00197759244288
0.00197675540482
0.00197592581739
0.00197510295883
0.00197428664442
0.00197347669822
0.00197267295087
0.00197187524056
0.00197108341215
0.0019702973168
0.00196951681209
0.00196874176122
0.00196797203314
0.00196720750045
0.00196645161389
0.00196570085385
0.0019649548675
0.00196421354329
0.00196347680395
0.00196274452236
0.00196202002366
0.00196130001316
0.00196058409535
0.00195987231446
0.00195916469636
0.00195846091435
0.00195776088057
0.00195706453605
0.0019563733462
0.00195568874256
0.00195500750789
0.00195432956132
0.00195365482994
0.00195298324366
0.00195231473461
0.00195164923695
0.00195098668681
0.00195032741348
0.00194967099262
0.00194901733067
0.00194836637019
0.00194771805528
0.00194707233146
0.00194642917932
0.00194578854474
0.00194515034458
0.00194451452946
0.0019438810511
0.00194324986234
0.00194262091703
0.0019419941882
0.00194136961627
0.00194074720885
0.00194012696874
0.00193950875143
0.00193889251606
0.00193827822247
0.00193766583123
0.00193705530362
0.0019364465903
0.00193583966279
0.00193523449053
0.00193463103563
0.0019340292601
0.00193342912878
0.00193283060696
0.00193223366044
0.00193163825549
0.00193104556962
0.00193045442422
0.0019298646633
0.00192927627233
0.00192868920642
0.00192810343135
0.00192751890587
0.00192693561801
0.00192635352573
0.00192577259776
0.0019251928032
0.00192461409963
0.0019240364768
0.00192345990281
0.00192288435274
0.00192230977716
0.00192173615342
0.00192116345773
0.00192059167435
0.00192002075799
0.00191945067598
0.00191888142313
0.00191831296078
0.0019177452396
0.00191717825494
0.00191661198464
0.00191604639045
0.00191548146274
0.00191491715718
0.0019143534291
0.00191379032111
0.0019132277953
0.00191266580206
0.00191210431644
0.00191154328796
0.00191098268217
0.00191042253868
0.00190986272422
0.00190930331529
0.00190874423867
0.00190818546372
0.00190762697998
0.00190706877836
0.00190651075995
0.00190595300014
0.00190539550457
0.00190483821698
0.00190428105418
0.0019037239909
0.00190316702487
0.00190261006064
0.00190205314891
0.00190149622282
0.00190093923982
0.00190038222696
0.00189982509821
0.00189926788275
0.001898710498
0.00189815291871
0.00189759516942
0.00189703717094
0.00189647891799
0.00189592037835
0.00189536152069
0.001894802309
0.00189424272316
0.00189368272932
0.00189312229203
0.00189256137643
0.00189199994723
0.00189143796869
0.00189087540467
0.0018903122185
0.00188974837596
0.00188918383668
0.00188861856188
0.00188805251291
0.00188748565059
0.00188691793519
0.00188634932641
0.00188577978337
0.00188520926459
0.00188463772802
0.00188406513094
0.00188349143002
0.0018829165813
0.00188234054038
0.00188176326173
0.00188118469942
0.00188060480679
0.00188002353651
0.00187944084056
0.00187885667022
0.00187827097626
0.00187768372476
0.00187709484841
0.00187650429569
0.00187591201436
0.00187531795153
0.0018747220536
0.00187412426872
0.0018735245414
0.00187292281482
0.00187231913704
0.00187171335967
0.00187110548732
0.00187049542464
0.00186988308747
0.00186926841718
0.00186865135479
0.00186803184103
0.00186740981638
0.00186678522147
0.00186615799629
0.00186552808113
0.00186489541638
0.00186425994268
0.001863621601
0.00186298033277
0.00186233608001
0.0018616887883
0.00186103840058
0.00186038485984
0.00185972811213
0.00185906810494
0.00185840478743
0.00185773814629
0.0018570681719
0.00185639474589
0.00185571782687
0.001855037375
0.00185435335386
0.00185366573053
0.00185297447572
0.00185228182418
0.00185158647367
0.00185088756261
0.00185018506983
0.00184947898017
0.00184876928368
0.00184805608346
0.00184733942325
0.00184661917096
0.00184589533856
0.00184516794293
0.00184443700361
0.00184370254865
0.00184296461239
0.00184222323544
0.00184147846422
0.00184073035151
0.00183997895608
0.00183922434308
0.00183846658374
0.00183770575518
0.00183694194027
0.00183617529677
0.00183540586347
0.00183463372456
0.00183385898352
0.00183308174708
0.00183230212628
0.00183152023584
0.00183073619358
0.00182995012021
0.00182916213836
0.0018283723726
0.00182758094884
0.00182678799388
0.00182599363491
0.00182519799909
0.0018244012131
0.00182360340275
0.00182280469258
0.00182200520547
0.00182120506234
0.00182040438174
0.0018196032801
0.00181880188601
0.00181800029252
0.00181719860624
0.00181639693032
0.00181559536428
0.00181479400392
0.00181399294122
0.00181319226426
0.00181239205723
0.00181159240039
0.00181079337005
0.00180999503868
0.00180919747485
0.00180840074339
0.00180760490537
0.00180681001825
0.00180601613596
0.0018052233092
0.00180443158501
0.00180364100732
0.001802851617
0.00180206345197
0.00180127654729
0.00180049093533
0.00179970664584
0.00179892370614
0.00179814214119
0.00179736197429
0.00179658322608
0.00179580591474
0.00179503005701
0.00179425566785
0.00179348276058
0.00179271134694
0.00179194143723
0.00179117304037
0.00179040616396
0.00178964081442
0.00178887699706
0.00178811471612
0.00178735397485
0.0017865947757
0.00178583712011
0.00178508100882
0.00178432644185
0.00178357341853
0.00178282193758
0.00178207199715
0.00178132359484
0.00178057672794
0.00177983139301
0.00177908773216
0.00177834577831
0.00177760539732
0.00177686653935
0.00177612919855
0.00177539336888
0.00177465904408
0.00177392622426
0.00177319489771
0.00177246505638
0.00177173669361
0.0017710098026
0.00177028438674
0.00176956043079
0.00176883792504
0.00176811686257
0.00176739723538
0.00176667903596
0.00176596225679
0.00176524689031
0.00176453292896
0.00176382037149
0.0017631092124
0.00176239943573
0.00176169103638
0.00176098400507
0.0017602783333
0.00175957401352
0.00175887103814
0.00175816939962
0.00175746909043
0.0017567701031
0.00175607263328
0.00175537659568
0.00175468185934
0.00175398841636
0.00175329625897
0.00175260537944
0.00175191577016
0.00175122742355
0.00175054049863
0.00174985486153
0.00174917046482
0.00174848730209
0.00174780536867
0.00174712465322
0.00174644514845
0.00174576684711
0.00174508974204
0.00174441382616
0.00174373951619
0.00174306804428
0.00174239780339
0.00174172876694
0.0017410609183
0.00174039424381
0.001739728731
0.00173906436805
0.0017384011436
0.00173773904704
0.00173707806747
0.00173641819469
0.00173575941883
0.00173510173033
0.00173444511996
0.00173378957874
0.00173313509798
0.00173248166924
0.00173182928434
0.00173117793533
0.00173052761442
0.00172987831427
0.00172923002739
0.00172858274658
0.00172793646805
0.00172729118233
0.00172664688225
0.00172600356132
0.00172536121318
0.00172471983163
0.00172407941058
0.00172343994409
0.00172280142634
0.00172216385159
0.00172152721426
0.00172089150887
0.00172025673021
0.00171962287274
0.00171898993125
0.00171835805819
0.00171772710108
