0.201880400014
0.00983674004305
0.00957212751057
0.00952778928914
0.00948077322087
0.00942770425961
0.00936896278953
0.00930683024651
0.00924480503976
0.00918595376938
0.0091320414547
0.00908356016649
0.00904016479709
0.00900112628505
0.00896563592206
0.00893296182921
0.00890251229926
0.00887385117139
0.00884668841693
0.0088208545173
0.00879626284704
0.0087728665768
0.00875061938438
0.00872944777979
0.00870923744742
0.00868983059928
0.00867102888002
0.00865259689775
0.00863426350812
0.00861572051991
0.00859662168749
0.00857658987018
0.00855524772225
0.00853229220155
0.00850761588917
0.00848141574895
0.00845417015275
0.00842644273257
0.00839865485481
0.00837100143951
0.00834354458676
0.00831640388316
0.00828991123234
0.00826459000028
0.00824095684731
0.00821935390326
0.00819983929667
0.00818226165009
0.00816635605305
0.00815182016405
0.00813835901841
0.00812570660749
0.00811363480589
0.00810195721134
0.00809053187641
0.00807926381024
0.00806810562974
0.00805705343926
0.00804613591296
0.0080353976185
0.00802488077082
0.0080146102557
0.00800458456693
0.00799477226753
0.00798511164597
0.00797551074147
0.00796584511365
0.00795595074735
0.00794560857645
0.00793451433893
0.00792222074079
0.00790802262065
0.00789071412463
0.00786803343361
0.00783530258851
0.00778223300792
0.00768976652767
0.00755004398587
0.0073989804123
0.00727112241602
0.00717273958311
0.00709795520477
0.00703986485291
0.00699334082721
0.00695494886524
0.00692241252497
0.00689419559468
0.00686923947085
0.00684680339993
0.00682636421549
0.00680755024195
0.00679009588315
0.0067738096494
0.00675855142955
0.00674421632558
0.00673072317774
0.00671800640264
0.00670601011609
0.0066946837952
0.00668397898555
0.00667384678387
0.00666423600883
0.00665509209068
0.00664635675497
0.00663796856322
0.00662986433726
0.0066219814574
0.00661426107313
0.00660665163735
0.00659911282834
0.00659161920083
0.00658416168717
0.00657674664994
0.00656939208586
0.00656212180748
0.00655495917026
0.00654792188805
0.0065410188257
0.00653424887935
0.00652760153996
0.00652105856348
0.00651459623168
0.00650818784172
0.0065018062152
0.00649542610907
0.00648902643681
0.00648259215874
0.00647611561407
0.00646959699579
0.00646304369
0.00645646836587
0.00644988599544
0.00644331028899
0.00643675019692
0.00643020706682
0.00642367280372
0.00641712911559
0.0064105477777
0.00640389187992
0.00639711818217
0.0063901808505
0.00638303674719
0.00637565185631
0.00636800734202
0.00636010274843
0.0063519540149
0.00634358575426
0.00633501946877
0.0063262601123
0.00631728192032
0.00630801153728
0.00629830268261
0.00628789022291
0.00627629706502
0.00626263275812
0.00624516157085
0.00622064482657
0.00618528291896
0.00614065546163
0.00609191963087
0.00603950686454
0.00598416752565
0.00592874985275
0.00587585226871
0.00582733704343
0.00578424295927
0.00574703679196
0.00571580023228
0.00569022525956
0.00566963771979
0.00565315735341
0.00563989541192
0.00562908138626
0.00562010411998
0.00561250178194
0.00560593329269
0.00560014854045
0.00559496365642
0.00559024233638
0.00558588232841
0.00558180583687
0.00557795274109
0.00557427578833
0.00557073715817
0.00556730597817
0.00556395650042
0.00556066673876
0.00555741742761
0.00555419120469
0.00555097194767
0.00554774421363
0.00554447481456
0.00554115521926
0.00553778059687
0.00553433327143
0.00553079382847
0.00552714054223
0.00552334872856
0.00551939000555
0.00551523145125
0.00551083466096
0.00550615473269
0.00550113925839
0.00549572748449
0.00548984995023
0.0054834291341
0.0054763819377
0.00546862513398
0.00546008494071
0.0054507110779
0.00544049321995
0.00542947334817
0.00541774289563
0.00540541318751
0.00539255477306
0.00537911103271
0.00536479249178
0.00534894829812
0.00533042289462
0.0053075640547
0.00527903413466
0.00524576977793
0.00521090122282
0.00517662052936
0.00514358662785
0.00511170503275
0.00508046011842
0.00504934994846
0.00501828489146
0.00498764035853
0.00495791770894
0.00492930160676
0.00490144576664
0.00487350913985
0.00484427183603
0.0048122726481
0.004776103716
0.00473474164482
0.0046887443729
0.0046398214995
0.0045905794908
0.00454369356296
0.00450109787178
0.00446364338616
0.00443127249439
0.00440341539917
0.00437933418321
0.00435832392164
0.00433979648825
0.00432329682948
0.00430848810398
0.00429512592451
0.00428303178541
0.00427207041086
0.00426213283054
0.00425312520556
0.00424496240486
0.00423756494365
0.00423085796501
0.00422477124877
0.00421923958342
0.00421420313244
0.00420960763303
0.00420540438845
0.00420155007774
0.00419800643036
0.00419473981584
0.00419172079157
0.00418892364125
0.00418632592706
0.00418390806976
0.00418165296507
0.00417954563981
0.00417757294849
0.00417572330877
0.00417398647342
0.00417235333521
0.00417081576146
0.00416936645442
0.0041679988341
0.00416670694029
0.00416548535079
0.00416432911316
0.00416323368783
0.0041621949004
0.00416120890164
0.00416027213371
0.00415938130143
0.00415853334772
0.00415772543246
0.00415695491402
0.00415621933318
0.00415551639885
0.00415484397536
0.00415420007111
0.00415358282822
0.00415299051324
0.00415242150852
0.00415187430443
0.00415134749206
0.0041508397565
0.00415034987062
0.00414987668928
0.00414941914384
0.00414897623714
0.00414854703874
0.00414813068047
0.00414772635225
0.00414733329819
0.00414695081293
0.00414657823816
0.00414621495944
0.00414586040312
0.00414551403359
0.0041451753505
0.00414484388641
0.00414451920435
0.00414420089572
0.00414388857822
0.00414358189396
0.00414328050771
0.00414298410522
0.0041426923917
0.00414240509037
0.00414212194115
0.00414184269941
0.0041415671348
0.00414129503018
0.00414102618065
0.0041407603926
0.00414049748283
0.00414023727781
0.00413997961287
0.00413972433154
0.00413947128494
0.00413922033112
0.00413897133457
0.00413872416565
0.00413847870017
0.00413823481888
0.00413799240711
0.00413775135435
0.00413751155391
0.00413727290257
0.00413703530024
0.00413679864973
0.00413656285638
0.00413632782788
0.00413609347397
0.00413585970622
0.0041356264378
0.00413539358328
0.00413516105841
0.00413492877992
0.00413469666536
0.00413446463287
0.00413423260105
0.00413400048874
0.00413376821488
0.00413353569832
0.00413330285765
0.00413306961104
0.00413283587609
0.00413260156961
0.00413236660747
0.00413213090443
0.00413189437396
0.00413165692803
0.00413141847692
0.00413117892904
0.00413093819072
0.00413069616594
0.00413045275617
0.00413020786007
0.00412996137326
0.00412971318803
0.00412946319306
0.00412921127312
0.00412895730871
0.0041287011757
0.004128442745
0.00412818188208
0.00412791844656
0.00412765229172
0.00412738326397
0.00412711120229
0.00412683593762
0.00412655729214
0.00412627507859
0.00412598909943
0.00412569914593
0.00412540499726
0.00412510641934
0.00412480316372
0.00412449496622
0.0041241815455
0.00412386260147
0.00412353781342
0.00412320683812
0.00412286930749
0.00412252482616
0.00412217296859
0.00412181327597
0.00412144525259
0.00412106836179
0.0041206820214
0.00412028559844
0.00411987840323
0.00411945968244
0.00411902861131
0.00411858428455
0.00411812570583
0.0041176517756
0.00411716127691
0.00411665285876
0.00411612501653
0.00411557606894
0.00411500413065
0.00411440707961
0.004113782518
0.00411312772508
0.00411243960016
0.00411171459307
0.00411094861894
0.00411013695296
0.00410927409973
0.00410835362973
0.0041073679732
0.00410630815845
0.00410516347694
0.00410392105137
0.00410256527446
0.00410107707434
0.00409943294695
0.0040976036752
0.00409555262966
0.00409323351906
0.00409058744207
0.00408753911467
0.00408399228388
0.00407982474949
0.00407488441661
0.00406898987891
0.00406194250028
0.00405356050111
0.00404374309998
0.00403255323315
0.00402027131053
0.00400735378755
0.00399419570363
0.00398139779731
0.00396924809373
0.00395788609211
0.00394734329376
0.00393758682516
0.00392855181008
0.00392016122611
0.00391233664939
0.0039050035115
0.00389809340745
0.00389154493662
0.0038853038532
0.00387932290923
0.00387356157577
0.00386798573545
0.00386256739335
0.00385728442545
0.00385212036092
0.00384706417272
0.00384211003187
0.00383725696685
0.00383250836723
0.00382787128438
0.00382335551338
0.00381897248686
0.00381473406127
0.00381065131534
0.00380673349424
0.00380298721499
0.00379941600354
0.0037960201756
0.00379279701911
0.00378974119987
0.00378684529718
0.00378410038276
0.00378149657502
0.00377902352414
0.0037766708062
0.0037744282215
0.00377228600419
0.00377023495628
0.00376826652125
0.00376637281247
0.00376454660922
0.00376278133131
0.00376107100051
0.00375941019488
0.00375779400057
0.00375621796375
0.00375467804484
0.00375317057599
0.00375169222245
0.00375023994814
0.00374881098532
0.0037474028083
0.00374601311094
0.00374463978773
0.00374328091809
0.00374193475377
0.00374059970887
0.00373927435241
0.00373795740298
0.00373664772527
0.00373534432809
0.00373404636353
0.00373275312677
0.00373146405622
0.00373017873338
0.00372889688188
0.00372761836531
0.00372634318331
0.00372507146542
0.00372380346258
0.003722539536
0.00372128014342
0.00372002582317
0.00371877717626
0.00371753484715
0.00371629950397
0.00371507181894
0.00371385244961
0.00371264202197
0.0037114411156
0.00371025025165
0.00370906988368
0.00370790039149
0.00370674207783
0.00370559516779
0.00370445981046
0.00370333608252
0.00370222399331
0.00370112349091
0.00370003446895
0.00369895677371
0.00369789021121
0.00369683455416
0.0036957895485
0.00369475491943
0.00369373037688
0.00369271562039
0.00369171034331
0.00369071423651
0.0036897269914
0.00368874830251
0.00368777786956
0.00368681539915
0.00368586060601
0.00368491321401
0.00368397295684
0.00368303957852
0.00368211283365
0.00368119248755
0.00368027831629
0.00367937010656
0.00367846765555
0.00367757077064
0.00367667926918
0.00367579297816
0.00367491173388
0.00367403538159
0.00367316377513
0.00367229677659
0.00367143425595
0.00367057609072
0.00366972216557
0.00366887237205
0.00366802660822
0.00366718477834
0.00366634679259
0.00366551256674
0.00366468202192
0.00366385508429
0.00366303168482
0.00366221175907
0.00366139524687
0.0036605820922
0.00365977224287
0.00365896565042
0.00365816226984
0.00365736205942
0.00365656498057
0.00365577099763
0.00365498007776
0.0036541921907
0.00365340730872
0.00365262540637
0.00365184646046
0.00365107044984
0.00365029735532
0.00364952715954
0.00364875984687
0.00364799540328
0.00364723381627
0.00364647507474
0.00364571916892
0.00364496609027
0.00364421583141
0.00364346838601
0.00364272374875
0.00364198191521
0.00364124288184
0.00364050664586
0.00363977320521
0.0036390425585
0.00363831470492
0.00363758964424
0.00363686737671
0.00363614790303
0.00363543122428
0.00363471734194
0.00363400625776
0.00363329797381
0.00363259249235
0.00363188981588
0.00363118994705
0.00363049288865
0.00362979864357
0.00362910721478
0.00362841860529
0.00362773281816
0.00362704985642
0.00362636972309
0.00362569242115
0.0036250179535
0.00362434632298
0.00362367753229
0.00362301158405
0.00362234848073
0.00362168822465
0.00362103081795
0.00362037626262
0.00361972456045
0.00361907571304
0.00361842972175
0.00361778658775
0.00361714631198
0.00361650889512
0.00361587433763
0.00361524263969
0.00361461380124
0.00361398782196
0.00361336470124
0.00361274443821
0.00361212703171
0.00361151248029
0.00361090078224
0.00361029193553
0.00360968593785
0.00360908278658
0.00360848247882
0.00360788501138
0.00360729038073
0.00360669858306
0.00360610961425
0.00360552346988
0.00360494014524
0.00360435963529
0.0036037819347
0.00360320703784
0.00360263493877
0.00360206563123
0.00360149910871
0.00360093536202
0.00360037438502
0.00359981617162
0.00359926071407
0.00359870800436
0.00359815803417
0.00359761079491
0.00359706627768
0.00359652447332
0.00359598537238
0.00359544896512
0.00359491524155
0.00359438419137
0.00359385580404
0.00359333006876
0.00359280697442
0.00359228650971
0.00359176866302
0.00359125342249
0.00359074077603
0.0035902307113
0.00358972321571
0.00358921827641
0.00358871588031
0.00358821601414
0.00358771866434
0.00358722381722
0.00358673145869
0.00358624157457
0.0035857541504
0.00358526917155
0.00358478662317
0.0035843064902
0.00358382875737
0.00358335340921
0.00358288043007
0.00358240980409
0.00358194151522
0.00358147554723
0.00358101188369
0.00358055050801
0.00358009140341
0.00357963455292
0.00357917993943
0.00357872754562
0.00357827735404
0.00357782934704
0.00357738350683
0.00357693981546
0.0035764982548
0.00357605880659
0.00357562145239
0.00357518617364
0.00357475295159
0.00357432176738
0.00357389260197
0.0035734654362
0.00357304025075
0.00357261702616
0.00357219574282
0.003571776381
0.0035713589208
0.00357094334221
0.00357052962507
0.0035701177491
0.00356970769381
0.00356929943865
0.00356889296285
0.00356848824555
0.00356808526573
0.00356768400226
0.00356728443383
0.00356688653899
0.00356649029615
0.00356609568355
0.00356570267931
0.0035653111479
0.00356492108107
0.00356453255734
0.00356414555419
0.00356376004894
0.00356337601871
0.00356299344041
0.00356261229081
0.00356223254648
0.00356185418381
0.00356147717899
0.00356110150801
0.00356072714665
0.00356035407046
0.0035599822548
0.00355961167476
0.0035592423052
0.00355887412076
0.00355850709577
0.00355814120433
0.00355777642025
0.00355741271705
0.00355705006793
0.00355668844582
0.00355632782326
0.00355596817247
0.00355560946533
0.00355525167332
0.00355489476754
0.00355453871868
0.00355418349701
0.00355382907234
0.00355347541402
0.0035531224909
0.00355277027132
0.00355241872309
0.00355206781344
0.00355171750905
0.00355136777592
0.00355101857943
0.00355066988425
0.00355032165436
0.00354997384467
0.00354962642528
0.00354927935842
0.00354893260477
0.00354858612412
0.00354823987525
0.00354789381595
0.00354754790288
0.00354720209163
0.00354685633673
0.00354651059107
0.00354616480634
0.00354581893283
0.00354547291936
0.00354512671314
0.00354478025974
0.00354443350292
0.0035440863846
0.00354373884466
0.00354339082092
0.00354304224892
0.00354269306187
0.0035423431904
0.00354199256251
0.00354164110333
0.00354128873493
0.00354093537618
0.0035405809425
0.00354022534564
0.00353986849341
0.00353951028945
0.00353915063292
0.00353878941819
0.00353842653452
0.00353806186566
0.00353769528949
0.00353732667756
0.00353695589462
0.00353658279813
0.0035362072377
0.00353582905445
0.00353544808037
0.00353506413761
0.00353467703765
0.00353428658045
0.00353389255347
0.00353349473067
0.00353309287129
0.00353268671861
0.00353227599858
0.00353186041819
0.00353143966384
0.00353101339941
0.00353058126418
0.00353014287046
0.0035296978011
0.00352924560654
0.00352878580169
0.00352831786238
0.00352784122136
0.00352735526621
0.00352685933062
0.00352635268693
0.00352583454634
0.00352530404929
0.00352476025785
0.00352420214722
0.00352362859629
0.00352303837708
0.00352243014311
0.0035218024165
0.00352115357379
0.00352048182993
0.00351978522178
0.00351906158966
0.00351830855791
0.00351752351468
0.00351670359123
0.00351584564118
0.00351494622241
0.00351400158128
0.00351300764251
0.00351196000759
0.00351085396581
0.00350968452308
0.00350844645485
0.00350713439091
0.00350574293878
0.00350426685566
0.00350270127513
0.00350104198985
0.00349928578794
0.00349743082898
0.00349547703456
0.00349342644981
0.00349128353058
0.00348905529376
0.00348675128065
0.00348438330176
0.00348196496136
0.00347951099941
0.00347703652188
0.00347455621131
0.00347208361119
0.00346963055551
0.00346720679341
0.00346481981124
0.00346247483633
0.00346017497729
0.00345792146411
0.00345571393319
0.0034535507253
0.00345142916747
0.0034493458233
0.00344729670332
0.00344527743421
0.00344328338962
0.00344130978783
0.00343935176253
0.00343740441308
0.00343546284043
0.00343352217358
0.00343157759059
0.0034296243391
0.00342765775754
0.00342567329868
0.00342366655632
0.00342163329464
0.00341956947876
0.00341747130356
0.00341533521408
0.00341315792331
0.00341093641133
0.00340866790808
0.00340634985495
0.00340397984306
0.00340155552721
0.00339907451584
0.00339653423869
0.00339393179411
0.00339126377807
0.00338852609637
0.00338571375984
0.00338282066077
0.00337983932613
0.00337676064073
0.00337357353052
0.0033702645935
0.00336681766258
0.00336321328326
0.00335942808642
0.00335543404917
0.00335119762357
0.00334667877092
0.00334182996812
0.00333659536718
0.00333091047394
0.00332470301901
0.00331789613182
0.00331041539236
0.00330220142669
0.00329322861493
0.00328352713951
0.00327320035529
0.00326242594187
0.0032514334957
0.00324046390869
0.00322972734391
0.00321937608539
0.00320949766878
0.00320012335575
0.00319124337243
0.00318282228024
0.00317481126742
0.0031671566584
0.00315980523896
0.00315270729864
0.00314581823371
0.00313909933842
0.00313251819075
0.00312604886826
0.00311967212375
0.00311337536477
0.00310715264987
0.00310100434226
0.00309493645812
0.00308895959156
0.00308308749224
0.00307733541743
0.00307171847034
0.00306625010398
0.00306094103375
0.00305579859621
0.00305082656113
0.0030460253254
0.00304139242958
0.00303692303055
0.00303261047401
0.00302844713125
0.00302442483537
0.00302053533374
0.00301677064983
0.00301312336047
0.00300958679626
0.00300615517409
0.0030028237059
0.00299958863493
0.00299644689142
0.00299339641066
0.00299043586568
