0.0442117219382
0.0439598195688
0.0437552233251
0.0435184915044
0.0432107174163
0.0427496638123
0.0422857697383
0.0420479980311
0.0419379245333
0.0418260843725
0.0417053361115
0.0415863955136
0.0414653702733
0.0413528516769
0.0412463732611
0.0411264150739
0.0409885884723
0.0408584738008
0.0407387174792
0.0405959177578
0.0404255571827
0.040254960284
0.040092411845
0.0398852429343
0.0396434540606
0.039384902112
0.0391354356128
0.0388599821539
0.0385280237781
0.038274842633
0.037977023245
0.0376569925696
0.0373999210793
0.0371931980349
0.0369715825275
0.0366968568791
0.0364108799964
0.0360799211157
0.035642694445
0.0352387704022
0.0348295423983
0.0343831973849
0.0337281604128
0.0332412166483
0.032965649363
0.0327105681249
0.032434208197
0.0321245801312
0.0317038329054
0.0310898929352
0.0305647554584
0.030112351056
0.0298283237256
0.0296124880989
0.0293645813877
0.0289970432935
0.028449232928
0.0278874068481
0.0273276368932
0.0267998924567
0.0262144195031
0.0258900990664
0.0256548673409
0.0254360661952
0.0252180865983
0.0250208424351
0.0248030111951
0.0246004137827
0.0244196543222
0.0242614943756
0.0241169556383
0.0239800187789
0.0238103179174
0.0235860484497
0.0233444988716
0.023158299876
0.0229712157823
0.0227493239293
0.0225656394668
0.0224275264176
0.0222758156773
0.0220741567485
0.0217585049372
0.0214076042088
0.0211544273333
0.0209941267775
0.0208754921169
0.0207713471812
0.0206857071967
0.0205833956638
0.020481326381
0.0203877404516
0.0202847806914
0.0201731600965
0.0199909290517
0.0196513001808
0.0194698394575
0.0193451041244
0.0191831268047
0.0189348158933
0.0187144091743
0.0186048092677
0.0185360045401
0.018485008549
0.0184434286844
0.0183979680202
0.0183320470245
0.0182531765229
0.0181433468373
0.0179937031327
0.0178741629884
0.0177944950048
0.0177384292575
0.0176872379181
0.0176515935107
0.0176234381193
0.0175940221621
0.0175685808312
0.0175427246325
0.0175205082587
0.0175055857345
0.0174942794212
0.0174848440431
0.0174768062589
0.0174698327046
0.0174636826386
0.0174581781038
0.0174531846415
0.0174485985545
0.0174418184392
0.0174276621011
0.0174115839111
0.0173983126766
0.017387363672
0.0173781144531
0.0173701116493
0.0173630228499
0.0173549468199
0.0173466274004
0.0173358311294
0.0173254002943
0.0173157573446
0.0173066888002
0.0172979386373
0.0172892933252
0.0172805862165
0.0172716575094
0.0172623401047
0.0172524404859
0.0172417086609
0.0172297859306
0.0172162050913
0.0171987371488
0.0171758449144
0.0171424873952
0.0170866427058
0.0169932815218
0.0168822248978
0.0167896810673
0.0167166607176
0.0166333560301
0.016513063305
0.0162538912492
0.0160211800946
0.0158027596953
0.015634994463
0.0155340860833
0.0154275584502
0.0153066145565
0.0151850440801
0.0150589287356
0.0148507569349
0.0143407356874
0.0139605241778
0.0137831151928
0.0136458523678
0.0135108506851
0.0133282911095
0.0131279080116
0.0128761939824
0.0126967237204
0.0125468364859
0.0123618416848
0.0120807155535
0.0117790232315
0.011617507224
0.0115080972793
0.0114258698596
0.0113646164279
0.0113142885169
0.0112708253743
0.0112342620223
0.0112011609462
0.0111681582562
0.0111310401637
0.0110838964002
0.0110225020163
0.0109552918892
0.0108898187802
0.0108264159574
0.0107732250561
0.0107338290928
0.0107016281839
0.0106652708058
0.0106219778428
0.0105463150848
0.0104326453446
0.0103605942299
0.0103011472005
0.010241906223
0.0101781501541
0.0100799330035
0.00994318239351
0.00979013989191
0.00963343645563
0.00952561732391
0.00944529107015
0.00937039717743
0.00929299475518
0.00922412836152
0.00917935429192
0.00915054760401
0.00912978397745
0.00911355467392
0.00910013498096
0.00908855886287
0.00907824467369
0.00906881820694
0.00906001942483
0.00905165082829
0.00904354748267
0.00903555803077
0.00902753085405
0.00901930215231
0.00901068432762
0.00900145470824
0.00899134765357
0.00898005929386
0.00896728433898
0.00895280974916
0.00893665643918
0.00891915392751
0.00890076970696
0.00888173341715
0.00886177197019
0.00884012859037
0.00881577976194
0.0087875519363
0.0087525175508
0.00869545100173
0.00853871235767
0.0083453082455
0.00825556613149
0.00818642845395
0.00812349232526
0.00807120993452
0.00802657394801
0.0079851246502
0.00794397808026
0.00789752016527
0.00784659367598
0.00779542619926
0.00774812459968
0.00770859859247
0.00767621826827
0.00764858411692
0.0076226441701
0.00759852163228
0.00757694529415
0.007556585946
0.00753713922672
0.00751838051199
0.00750012342649
0.00748220929146
0.00746450372349
0.00744689277535
0.0074292777496
0.00741156955046
0.0073936835352
0.00737553557292
0.00735703984034
0.00733810890361
0.0073186567561
0.00729860536442
0.00727789288547
0.00725648371055
0.00723436513574
0.00721151043166
0.00718777652174
0.00716271329979
0.00713532676739
0.00710423853701
0.00706972487015
0.00703624770885
0.00700727426852
0.00698161624719
0.00695288929173
0.00691894448226
0.00689050807174
0.00685845338289
0.00683259609368
0.00681008970426
0.00678777034794
0.00675869980908
0.00672162873932
0.00667624896543
0.00661359082916
0.00651850018392
0.00637081905488
0.00618366744434
0.00607256782952
0.00601427497158
0.00596970236648
0.00592569823645
0.00589334350736
0.00587303095836
0.00585855267307
0.0058469977149
0.00583696197696
0.00582787993801
0.00581946127495
0.00581153237455
0.00580397190979
0.00579668339943
0.00578958101306
0.00578258122116
0.00577559672934
0.00576856624293
0.00576147480421
0.00575409119635
0.00574630859834
0.00573808497252
0.00572951547501
0.0057208689414
0.00571250159858
0.00570468392789
0.00569750633504
0.00569092258832
0.0056848361461
0.0056791535965
0.00567380140441
0.00566872537746
0.00566388564248
0.00565925196905
0.00565480044496
0.00565051139193
0.00564636808812
0.005642355972
0.00563846217019
0.00563467512435
0.00563098439534
0.00562738052206
0.00562385488478
0.00562039960515
0.00561700746343
0.00561367182911
0.00561038665889
0.00560714634479
0.00560394559482
0.00560076893501
0.00559509781624
0.00559068895026
0.00558666734046
0.00557673543558
0.00556571604171
0.00555895107468
0.00555333832817
0.00554824623295
0.00554346691947
0.00553889956968
0.00553448516895
0.005530197387
0.00552626260923
0.0055224129288
0.00551861792451
0.0055148626622
0.00551113658793
0.00550743060128
0.00550373610752
0.00550004456629
0.00549634717481
0.00549263457741
0.00548889655588
0.00548512166825
0.00548129680602
0.00547740663575
0.00547343287213
0.00546935331852
0.00546514058097
0.00546076033559
0.00545616890618
0.00545131000256
0.00544611019072
0.00544047273687
0.00543426949835
0.00542733100387
0.00541943634018
0.005410308132
0.00539962488641
0.00538707104871
0.00537244204071
0.00535577789109
0.00533742793587
0.0053179579716
0.00529796531836
0.00527795154033
0.00525827268515
0.00523909196857
0.0052203384551
0.00520173043312
0.00518285437366
0.00516324066967
0.00514240677097
0.0051198770272
0.00509519625299
0.00506794086193
0.00503772106273
0.00500420254465
0.00496726489366
0.00492739806841
0.00488601490865
0.00484502712968
0.00480603451531
0.00476907807371
0.00473560142352
0.00470666997332
0.00468143046973
0.00465914076209
0.00463915529627
0.0046209630661
0.00460417805599
0.00458851045235
0.00457373993346
0.0045598300805
0.00454682609417
0.00453436129152
0.00452233773406
0.00451067784173
0.00449932092711
0.00448502165468
0.00446403070595
0.00444903068792
0.00443591800222
0.00442379813372
0.00441237435647
0.00440149495187
0.00439106129156
0.00438100345844
0.00437127038468
0.00436182438002
0.00435263753131
0.00434368914927
0.00433496388923
0.00432645042638
0.00431814015558
0.00431002641891
0.00430210403138
0.00429436870049
0.00428681666646
0.00427944441682
0.00427224847566
0.00426522531396
0.00425837124887
0.00425168240125
0.0042451546783
0.00423878377929
0.00423256521545
0.00422649433782
0.00422056637136
0.00421477649634
0.00420911964217
0.00420359059047
0.00419818479249
0.00419289736121
0.00418772348016
0.00418265841423
0.00417769753164
0.00417283632657
0.00416807040958
0.00416339553523
0.00415880759055
0.00415430261428
0.0041498767783
0.00414552662145
0.00414124845289
0.004137040297
0.00413289818507
0.00412881813758
0.0041247971418
0.00411990647845
0.00411305488454
0.00410750475956
0.00410239231043
0.00409605162979
0.00409061517404
0.00408300437085
0.00407638677885
0.00407070728985
0.00406550473277
0.00406060463918
0.00405591622356
0.00405138413094
0.00404697244724
0.00404265723314
0.00403842200833
0.00403425523373
0.00403014854138
0.00402609576578
0.00402225243279
0.00401852104465
0.00401482607026
0.00401116313185
0.00400752878702
0.00400391880973
0.00400033008662
0.00399675967226
0.00399320469764
0.00398966230015
0.00398612956923
0.00398260349681
0.00397908093457
0.00397555857353
0.00397203287323
0.00396850174346
0.00396495962935
0.00396140149646
0.00395782225145
0.00395421622697
0.00395057823698
0.00394690434006
0.00394318330526
0.00393940471791
0.00393559581153
0.00393177999205
0.00392787078009
0.00392385119764
0.0039197010178
0.00391539595991
0.00391090657379
0.00390647373239
0.00390183618527
0.00389689451454
0.00389158428307
0.00388582464715
0.00387947349945
0.00387242020906
0.00386451726659
0.00385555952848
0.00384529622161
0.00383343230283
0.00381964106284
0.00380359670477
0.00378497981517
0.00376346466125
0.00373855982883
0.00370925912626
0.00367349823549
0.00362763682541
0.00356680676199
0.00348976480319
0.00340644547443
0.00332873948349
0.00325848877112
0.00319665964856
0.00314630588802
0.00310687104482
0.00307477954816
0.00304682636843
0.00302090538379
0.00299634003835
0.00297182313226
0.0029467349953
0.00292096324359
0.00289472548857
0.00286848832908
0.0028428222926
0.00281825123258
0.00279514277057
0.00277367177204
0.00275385212096
0.00273560139649
0.00271879471293
0.00270329870223
0.00268898698573
0.00267574541054
0.00266347184519
0.00265207556766
0.0026414756372
0.00263159951262
0.00262238188599
0.00261376393118
0.00260569249191
0.00259811944011
0.00259100118466
0.00258094155607
0.00257092552574
0.00256274487995
0.00255552515596
0.00254896586729
0.00254292255662
0.00253730754457
0.00253205949554
0.00252713158063
0.00252248599171
0.00251809114325
0.00251392012758
0.00250994974486
0.00250615980805
0.00250253271346
0.00249905304838
0.00249570728795
0.00249248354204
0.00248937134742
0.00248636147291
0.00248344574149
0.00248061688122
0.00247786844503
0.00247519468391
0.00247259046535
0.00247005120616
0.00246757277165
0.0024651514487
0.00246278388501
0.00246046704622
0.00245819817902
0.00245597476546
0.00245379449563
0.0024516552678
0.00244955518016
0.00244749245646
0.00244546550904
0.00244347279084
0.00244151294009
0.0024395846152
0.00243768657
0.00243581765816
0.00243397681157
0.00243216303054
0.00243037540074
0.00242861301128
0.00242687503425
0.00242516067548
0.00242346919161
0.00242179986781
0.00242015203667
0.00241852506165
0.00241691871822
0.00241533250465
0.00241376538455
0.00241221683006
0.00241068869626
0.00240918107058
0.00240769043649
0.00240621634928
0.00240475839919
0.00240331616925
0.00240188925859
0.00240047729896
0.00239907992752
0.00239769678909
0.00239632754891
0.00239497188689
0.00239362949236
0.00239230006232
0.0023909833233
0.00238967898535
0.00238838676896
0.00238710640606
0.00238583763977
0.00238458030829
0.00238333412114
0.00238209881639
0.00238087416616
0.00237965994984
0.0023784560304
0.00237726216643
0.00237607814943
0.00237490376241
0.00237373880699
0.00237258309945
0.00237143646667
0.00237029873659
0.00236916973783
0.00236804930192
0.00236693726728
0.00236583347768
0.00236473778091
0.0023636500555
0.00236257013422
0.0023614978686
0.00236043312949
0.00235937579161
0.00235832570584
0.00235728274069
0.00235624677151
0.00235521767672
0.00235419533335
0.00235317962871
0.0023521704284
0.00235116762951
0.00235017112298
0.00234918089153
0.00234820162841
0.0023472282233
0.00234626057598
0.00234529858783
0.00234434216327
0.00234339121283
0.00234244564665
0.00234150537466
0.0023405703014
0.00233964035505
0.00233871545611
0.00233779549776
0.00233688039508
0.00233597006546
0.00233506442864
0.00233416340898
0.00233326692943
0.00233237490992
0.00233148727385
0.00233060394649
0.0023297248542
0.00232884992647
0.00232797908966
0.00232711227339
0.00232624940885
0.00232539042757
0.00232453526127
0.00232368384142
0.00232283610159
0.00232199197708
0.00232115140265
0.002320314313
0.00231948064459
0.00231865033543
0.00231782332459
0.00231699954816
0.00231617933489
0.00231536226797
0.00231454825194
0.00231373722617
0.0023129291312
0.00231212390835
0.00231132149966
0.00231052184596
0.0023097248897
0.00230893057643
0.00230813884463
0.00230734963738
0.00230656289768
0.00230577856895
0.00230499659527
0.00230421692568
0.00230343949812
0.0023026642566
0.00230189114576
0.00230112015049
0.00230035126012
0.00229958434879
0.00229881934186
0.00229805699533
0.00229729676038
0.00229653823827
0.00229578137388
0.00229502611337
0.00229427240017
0.00229352023947
0.00229276953951
0.00229202022225
0.00229127223175
0.00229052551182
0.00228977319444
0.0022890004684
0.00228822953861
0.00228746027503
0.00228669256946
0.00228592631999
0.00228516144061
0.00228439784789
0.00228363545796
0.00228287419279
0.00228211397632
0.00228135473442
0.00228059638978
0.00227983887738
0.00227908211361
0.00227832602468
0.00227757053762
0.00227681558039
0.00227606108019
0.00227530696481
0.00227455316191
0.00227379959946
0.0022730462067
0.00227229291245
0.00227153964828
0.00227078634022
0.00227003291604
0.00226927930595
0.00226852544066
0.00226777124885
0.00226701451603
0.0022662568687
0.00226549874075
0.00226474006169
0.00226398076928
0.00226322079399
0.00226246007007
0.00226169852721
0.00226093610197
0.00226017273365
0.00225940838739
0.00225864298725
0.00225787760503
0.00225711175708
0.00225634465622
0.0022555762568
0.00225480651816
0.00225403539134
0.00225327531726
0.0022525156876
0.00225175519893
0.0022509951109
0.00225023344587
0.00224946897281
0.00224870370045
0.00224793755839
0.00224716999511
0.00224639980876
0.00224562786466
0.00224485643202
0.00224408419293
0.0022433071769
0.00224253363377
0.00224175376636
0.00224097758142
0.00224019586905
0.00223941523181
0.00223863486761
0.00223785109575
0.00223706635122
0.00223628117401
0.00223549638665
0.00223471079105
0.00223392434071
0.00223313714858
0.00223235042639
0.00223156413272
0.00223077793823
0.00222998924613
0.00222920085887
0.00222841594998
0.00222762773904
0.00222684256106
0.00222605640058
0.00222527288895
0.00222448706986
0.00222370660331
0.00222292491496
0.00222214348243
0.0022213644395
0.00222058839081
0.00221981375328
0.00221904059348
0.00221826905091
0.0022174992602
0.00221673135352
0.00221596539408
0.00221520243777
0.00221444238189
0.00221368513059
0.00221292697658
0.00221217521788
0.00221142599994
0.00221067786674
0.00220993583035
0.00220919376887
0.00220845722284
0.00220772352165
0.0022069917961
0.00220626604634
0.00220554587197
0.00220483122735
0.00220412066676
0.00220341414262
0.00220271217879
0.00220201436284
0.00220132021373
0.00220062978626
0.00219994403192
0.0021992626976
0.00219858562828
0.00219791287981
0.00219724253244
0.00219657726273
0.00219591749588
0.00219525965213
0.0021946080738
0.00219396001507
0.00219331618325
0.00219267600976
0.00219204171204
0.00219140971428
0.00219078343451
0.00219016127248
0.0021895422959
0.0021889276454
0.00218831729105
0.00218771239079
0.00218711137086
0.00218651386231
0.00218592036679
0.00218533103465
0.00218474525043
0.00218416307547
0.00218358590428
0.00218301299345
0.00218244408834
0.0021818791681
0.00218131645783
0.00218075939662
0.00218020621838
0.00217965528943
0.0021791097636
0.00217856651034
0.00217802849472
0.00217749275254
0.00217696209771
0.00217643371512
0.00217590899034
0.0021753890938
0.00217487148286
0.00217435741038
0.00217384683103
0.00217333971894
0.00217283701732
0.0021723366348
0.00217183958162
0.00217134582726
0.00217085532903
0.00217036806192
0.00216988392198
0.00216940224556
0.00216892442427
0.00216844967221
0.00216797795809
0.00216750924473
0.00216704285679
0.00216658002763
0.00216612010956
0.00216566250494
0.00216520826859
0.00216475635952
0.00216430766483
0.00216386129463
0.00216341802075
0.00216297704056
0.00216253874946
0.00216210332556
0.00216167020674
0.00216123966438
0.00216081183677
0.00216038625655
0.00215996315529
0.00215954249627
0.00215912424014
0.00215870835302
0.00215829480349
0.00215788355976
0.00215747459069
0.00215706786626
0.00215666335711
0.00215626103443
0.00215586086947
0.00215546283428
0.00215506690247
0.0021546730482
0.00215428124238
0.00215389145877
0.00215350367156
0.00215311785533
0.00215273398521
0.00215235203656
0.00215197198497
0.00215159380683
0.00215121747815
0.00215084297592
0.00215047027729
0.00215009935946
0.00214973020024
0.00214936277771
0.00214899707155
0.00214863306181
0.0021482707249
0.00214791004015
0.00214755098721
0.00214719354769
0.00214683770169
0.00214648342809
