0.0255699190402
0.0201558946996
0.0175477770365
0.0160581928854
0.0155107366058
0.0153262719913
0.0152122976967
0.0151302942611
0.0150317149969
0.0148474862925
0.0147031489152
0.0146005350998
0.0145007256628
0.0143811098832
0.0142184405304
0.0140152896431
0.0138136986469
0.0135448571937
0.0132901619456
0.0130942156453
0.0129440650452
0.0128262876151
0.0127318482089
0.01265469964
0.0125905345907
0.0125361279089
0.0124905989132
0.0124516287004
0.01241708787
0.0123860443031
0.0123578026389
0.01233136307
0.0123063906289
0.0122830635012
0.0122611213909
0.0122403711031
0.0122206308977
0.0122017560626
0.0121836092373
0.0121660697533
0.0121490031476
0.0121322582908
0.0121156603653
0.0120989637911
0.0120817894267
0.0120634826379
0.0120425431105
0.0120140066092
0.0119598355155
0.0118897967739
0.0118315026085
0.0117772453935
0.0117260115463
0.0116784915126
0.0116350142254
0.0115955242019
0.0115597336837
0.0115272553209
0.0114976771921
0.0114706057635
0.0114456208749
0.0114223081742
0.011400312781
0.0113793075978
0.0113589822803
0.0113390312654
0.011319147352
0.01129908818
0.0112787566069
0.011257544341
0.0112351585658
0.0112113921398
0.0111861818002
0.0111595933128
0.0111319669848
0.0111038776976
0.0110759052388
0.0110483800912
0.0110212265884
0.0109938507609
0.0109649555557
0.0109326270732
0.0108926452428
0.0108416864273
0.0107819301881
0.010721161755
0.010666309472
0.0106173543574
0.0105698176746
0.0105145590717
0.010418665464
0.0102159009677
0.0100314321366
0.00988948026312
0.00976933418111
0.00966197978087
0.0095726058836
0.00949957841259
0.00943527752831
0.00937100790597
0.0092959761289
0.00918708477687
0.00900376317771
0.00877237970009
0.00844773816497
0.00816466765811
0.00796746139342
0.00782878093407
0.00772270623882
0.00763206832812
0.00754983231301
0.00747473393591
0.00740134577521
0.00731323122889
0.00719367781108
0.00706198396118
0.00694370820995
0.00683897868592
0.0067448345639
0.00665083510387
0.00655275317451
0.00646682937186
0.00639827728749
0.00633929971652
0.0062746126852
0.00616275532073
0.00600292391234
0.00586363308063
0.00571645250344
0.00557727885454
0.00546739662342
0.0053805039629
0.00529505285818
0.00517840185242
0.00503067807506
0.0048695694358
0.00464911911964
0.00436796792616
0.00415378342746
0.00396584221987
0.00375292225129
0.00355541534311
0.00340729155935
0.0032633282903
0.00310035765247
0.00295782967038
0.00282992058167
0.00269885858135
0.00256915355588
0.0024547601802
0.00236645228608
0.00229621445984
0.00223426207858
0.00217513326768
0.00211508044549
0.00205061111816
0.00198561072582
0.00193102087331
0.00189022184014
0.00185995408852
0.0018369077387
0.00181871225287
0.00180389027123
0.00179152889543
0.00178104533294
0.00177204416668
0.00176424242961
0.00175746773829
0.00175153552547
0.00174624502455
0.00174123393828
0.00173659584536
0.00173243608446
0.00172869240896
0.00172481192528
0.0017204079647
0.00171662732242
0.00171335347446
0.00171049492614
0.00170797982577
0.00170574878569
0.00170375480699
0.00170195994028
0.00170033318024
0.00169884920632
0.00169748715852
0.00169622974859
0.00169506255595
0.00169397349769
0.0016929523957
0.0016919906378
0.00169108090169
0.00169021694515
0.00168939341236
0.00168860569722
0.00168784984885
0.00168712245575
0.00168642050887
0.00168574144046
0.00168508299119
0.0016844431688
0.00168382025765
0.00168321272813
0.00168261924404
0.00168203863048
0.00168147088367
0.00168091417292
0.00168036759936
0.0016798304399
0.00167935587746
0.00167889080988
0.00167843012446
0.00167797361434
0.00167752109377
0.00167707239573
0.0016766273701
0.00167618588166
0.00167574780817
0.00167531303955
0.00167488147648
0.00167445302932
0.00167402761701
0.00167360516628
0.00167318561076
0.00167276904964
0.00167235528141
0.001671948562
0.00167155358011
0.00167116125034
0.0016707717219
0.00167038472056
0.00167000019961
0.00166961811833
0.00166923847437
0.00166886122266
0.00166848631829
0.00166811373044
0.00166774343367
0.00166737541883
0.00166700965274
0.00166664611448
0.00166628478504
0.00166592564615
0.00166556868072
0.00166521387746
0.00166486121325
0.00166451067085
0.00166416223349
0.00166381588956
0.00166347161887
0.00166312940255
0.00166278922348
0.00166245106459
0.00166202298989
0.00166125853111
0.00166052041946
0.00165980243389
0.00165910117429
0.00165841442955
0.00165774054122
0.00165707823999
0.0016564265464
0.00165578468946
0.00165515205094
0.00165452813202
0.00165391252289
0.00165330488497
0.00165270495504
0.00165211244951
0.00165152718626
0.00165094901692
0.0016503776772
0.0016498130278
0.00164925489856
0.00164870315341
0.00164815766539
0.00164761831514
0.00164708562159
0.00164655897167
0.00164603888104
0.00164552545579
0.00164501763424
0.00164451535787
0.00164401849277
0.00164352983405
0.00164304663791
0.00164256857138
0.00164210129585
0.00164164227532
0.00164118801131
0.00164073843135
0.00164031865141
0.00163995044961
0.00163958612279
0.00163922544038
0.00163886822744
0.00163851434333
0.00163816367735
0.00163781613149
0.00163747167027
0.00163713019004
0.00163679160553
0.00163645585647
0.00163612288665
0.00163579273515
0.0016354654404
0.00163514076804
0.00163481867263
0.00163449910605
0.00163418202249
0.00163386737761
0.00163355021301
0.00163323101757
0.00163291422932
0.00163259980531
0.00163228770333
0.00163197788172
0.00163167029956
0.00163136491661
0.00163106169332
0.0016307605908
0.00163046157085
0.00163016459596
0.00162986981281
0.00162957810986
0.00162928831922
0.00162900040656
0.00162871434271
0.00162843009111
0.00162814761844
0.00162786689302
0.00162758788384
0.00162731056051
0.00162703489328
0.00162676085303
0.00162648841123
0.00162621755061
0.00162594824209
0.00162569559649
0.00162545673419
0.00162521917887
0.00162498284759
0.00162474767489
0.00162451360742
0.00162428060087
0.00162404861775
0.00162381762575
0.00162358759659
0.00162335850515
0.0016231303288
0.00162290304695
0.00162267664067
0.00162245109241
0.00162222638581
0.00162200250549
0.00162177943694
0.00162155716643
0.00162133568088
0.00162111496782
0.00162089501532
0.00162067581194
0.00162045734669
0.00162023960896
0.00162002259087
0.0016198062807
0.00161959066842
0.00161937574477
0.00161916150078
0.00161894792774
0.00161873501716
0.0016185227608
0.00161831115065
0.00161810017887
0.00161788983785
0.00161768012021
0.00161747101872
0.0016172625262
0.00161705463574
0.00161684734057
0.00161664063406
0.00161643450975
0.00161622896132
0.00161602398256
0.00161581956739
0.00161561570989
0.00161541240423
0.00161520964472
0.00161500742578
0.00161480574192
0.0016146045878
0.00161440395815
0.00161420384783
0.00161400425177
0.00161380516502
0.00161360658274
0.00161340850014
0.00161321091255
0.0016130138154
0.00161281720448
0.0016126210755
0.00161242542369
0.00161223024481
0.00161203553468
0.00161184128922
0.00161164750438
0.00161145417623
0.00161126130088
0.00161106887453
0.00161087689345
0.00161068535395
0.00161049425244
0.00161030358538
0.00161011334927
0.00160992354072
0.00160973415636
0.00160954519289
0.00160935664707
0.00160916851572
0.0016089807957
0.00160879348395
0.00160860657743
0.00160842007318
0.00160823396828
0.00160804825984
0.00160786294506
0.00160767802115
0.00160749348538
0.00160730933507
0.00160712556757
0.0016069421803
0.00160675917069
0.00160657653623
0.00160639427444
0.0016062123829
0.0016060308592
0.00160584970099
0.00160566890595
0.00160548847181
0.0016053083963
0.00160512867722
0.00160494931239
0.00160477029966
0.00160459163693
0.00160441332211
0.00160423535315
0.00160405772803
0.00160388044477
0.00160370350141
0.00160352689601
0.00160335062668
0.00160317469154
0.00160299908873
0.00160282381645
0.00160264887289
0.00160247425629
0.0016022999649
0.00160212599699
0.00160195235088
0.00160177902489
0.00160160601736
0.00160143332667
0.00160126095121
0.0016010888894
0.00160091713967
0.00160074570047
0.00160057457029
0.00160040374761
0.00160023323096
0.00160006301886
0.00159989310987
0.00159972350257
0.00159955419552
0.00159938518735
0.00159921647667
0.00159904806212
0.00159887994236
0.00159871211606
0.00159854458191
0.00159837733861
0.00159821038487
0.00159804371943
0.00159787734104
0.00159771124845
0.00159754544044
0.0015973799158
0.00159721467333
0.00159704971185
0.00159688503017
0.00159672062715
0.00159655650164
0.0015963926525
0.00159622907861
0.00159606577885
0.00159590275212
0.00159573999734
0.00159557751342
0.00159541529931
0.00159525335393
0.00159509167777
0.00159493026886
0.00159476912558
0.00159460824692
0.00159444763782
0.0015942872963
0.00159412721639
0.0015939673971
0.00159380783748
0.00159364853655
0.00159348949336
0.00159333070708
0.0015931721768
0.00159301390146
0.00159285588012
0.00159269811189
0.00159254059584
0.0015923833311
0.00159222631675
0.00159206955193
0.00159191303576
0.00159175676738
0.00159160074602
0.00159144497088
0.00159128944095
0.0015911341554
0.00159097911338
0.00159082431408
0.00159066975666
0.00159051544032
0.00159036136423
0.0015902075276
0.00159005392964
0.00158990056954
0.00158974744652
0.00158959455979
0.00158944190859
0.00158928949214
0.00158913730968
0.00158898536043
0.00158883364366
0.00158868215861
0.00158853090454
0.0015883798807
0.00158822908637
0.0015880785208
0.00158792818329
0.00158777807309
0.00158762818951
0.00158747853183
0.00158733458874
0.00158719101039
0.0015870477666
0.00158690482221
0.001586762146
0.00158661972936
0.0015864775467
0.00158634048649
0.00158620082486
0.00158605934558
0.00158591804151
0.00158577691151
0.00158564356457
0.00158550277298
0.0015853621496
0.00158522570236
0.00158508936365
0.00158494916526
0.00158481749713
0.00158467749654
0.00158454082577
0.00158440655836
0.00158426691512
0.00158413626963
0.00158399796772
0.00158386657628
0.00158373482096
0.00158359736328
0.00158346775619
0.00158332859097
0.00158319921522
0.00158307012573
0.00158293105742
0.0015828021142
0.00158267344178
0.00158253866938
0.00158240585691
0.00158227743343
0.0015821491477
0.00158202104177
0.00158188366821
0.0015817540606
0.00158162611669
0.00158149830054
0.00158137059109
0.00158124294275
0.00158111545145
0.00158098794938
0.00158086054317
0.00158073319207
0.0015806058489
0.00158047860757
0.00158035142446
0.00158022425198
0.0015800971851
0.00157997012715
0.00157984306954
0.00157971610688
0.00157958913841
0.00157946225392
0.00157933531796
0.00157921747766
0.00157909436274
0.00157896755432
0.00157884072048
0.00157871394192
0.00157859677904
0.00157847357217
0.00157834682343
0.00157822005464
0.00157810618202
0.00157798003332
0.00157785334631
0.00157773539978
0.00157761350628
0.00157748681752
0.00157737197913
0.00157724721346
0.00157712044128
0.00157700774391
0.00157688096202
0.00157676642324
0.00157664166564
0.00157652048617
0.00157640234547
0.00157627776704
0.00157616309324
0.00157603799584
0.00157592387421
0.00157580089946
0.00157568471855
0.00157556636036
0.00157544569132
0.00157533367696
0.00157520658324
0.00157509460913
0.00157496975019
0.00157485558846
0.00157474371541
0.00157461649966
0.00157450463261
0.00157438960022
0.00157426555507
0.00157415372903
0.00157404045844
0.00157391462921
0.0015738028614
0.0015736911662
0.00157356950107
0.00157345191005
0.00157334023093
0.00157322863392
0.00157310794231
0.00157298928843
0.00157287763403
0.00157276607252
0.00157265447721
0.00157253328623
0.0015724150168
0.00157230343284
0.00157219183348
0.00157208029224
0.00157196870656
0.00157185362072
0.00157173585001
0.00157161891962
0.00157150789924
0.0015713970853
0.00157128632321
0.00157117551963
0.00157106474032
0.00157095399417
0.00157084317651
0.00157073243503
0.00157062166608
0.00157051088106
0.00157040008508
0.00157028923732
0.00157017843057
0.00157006762451
0.00156995682269
0.00156984602824
0.00156973515463
0.00156962431111
0.0015695134354
0.00156940259648
0.00156929172988
0.00156918083836
0.00156906990129
0.00156896183352
0.0015688568122
0.00156875237241
0.00156864399718
0.00156853306308
0.0015684220579
0.00156831111135
0.00156820007541
0.00156809522244
0.00156799376936
0.00156788510552
0.00156777406552
0.00156766306199
0.00156755292167
0.00156745327834
0.00156734801069
0.00156723682361
0.00156712578467
0.00156702072972
0.00156692181854
0.00156681067198
0.00156669952761
0.00156659462878
0.00156649557707
0.0015663842508
0.00156627311252
0.00156617467821
0.00156606925821
0.00156595794975
0.00156585423506
0.00156575400456
0.00156564261665
0.00156553742916
0.00156543865566
0.00156532721975
0.00156522392087
0.00156512328694
0.00156501183756
0.00156491343632
0.00156480798735
0.00156469655911
0.00156460414261
0.00156449252396
0.00156439075634
0.00156428857503
0.00156417704132
0.00156408462011
0.00156397293515
0.00156387674267
0.00156376897538
0.00156366624326
0.00156356492893
0.00156345699503
0.00156336091136
0.00156324918972
0.00156315687359
0.00156304507432
0.00156295276039
0.00156284091478
0.00156271958428
0.00156247298288
0.00156225162842
0.00156204058267
0.00156183627776
0.00156163750142
0.00156144326447
0.00156125273852
0.00156107446438
0.00156090418846
0.00156072141336
0.00156056479906
0.00156038793485
0.00156023134844
0.00156007402505
0.00155990875285
0.00155975042958
0.00155960002112
0.00155944999021
0.00155930026471
0.00155915077781
0.00155900147813
0.00155885232839
0.00155870330296
0.00155855574516
0.00155841675246
0.001558279256
0.00155813454937
0.00155798549395
0.00155785203785
0.00155771487286
0.00155756680032
0.00155743831995
0.00155729474386
0.0015571613628
0.00155702378847
0.00155688936117
0.0015567527012
0.00155662203115
0.00155648139325
0.00155635896271
0.00155621784637
0.00155608843672
0.00155596085981
0.00155582281002
0.00155569520416
0.00155557131435
0.00155543610641
0.00155530181207
0.00155518014074
0.00155505710954
0.00155492541097
0.00155479447374
0.00155466481762
0.00155454323909
0.00155442164976
0.00155429947242
0.00155417242098
0.00155404617464
0.00155392056242
0.00155379570677
0.00155367149936
0.0015535479365
0.00155342505696
0.00155330283435
0.00155318124773
0.0015530602746
0.00155293989584
0.00155282009389
0.00155270092081
0.00155258233943
0.00155246427398
0.00155234677922
0.00155222982636
0.00155211142787
0.00155198983462
0.00155186826097
0.00155174872294
0.00155163440756
0.00155152061074
0.00155140725062
0.00155128980592
0.00155116823726
0.00155105205534
0.00155094061282
0.00155082960354
0.00155071150229
0.0015505912168
0.00155048159722
0.00155037235858
0.00155025480992
0.00155013764481
0.00155002965755
0.00154991979016
0.00154979832413
0.00154969087807
0.0015495844577
0.00154946346607
0.00154935577506
0.00154925005569
0.00154912876625
0.00154902427328
0.00154891526917
0.00154879960846
0.00154869616123
0.00154858068151
0.00154847373505
0.00154836748966
0.00154825277519
0.00154815099936
0.00154803327774
0.00154793216825
0.0015478200424
0.00154771473965
0.00154760711804
0.0015474986005
0.00154739422019
0.00154728379589
0.00154718140258
0.00154707031315
0.00154696863553
0.00154685808994
0.00154675596553
0.00154664712295
0.00154654336056
0.00154643735926
0.00154633086288
0.00154622869392
0.00154611833928
0.00154602122129
0.00154591026056
0.00154581450388
0.00154570450671
0.0015456024324
0.0015454998474
0.0015453904203
0.00154529625237
0.00154518729453
0.00154508706365
0.00154498529602
0.00154487726073
0.00154478380197
0.00154467681209
0.00154457232995
0.00154447721739
0.00154437044873
0.00154426987103
0.00154417239364
0.00154406642549
0.00154396758494
0.0015438698095
0.00154376459607
0.00154366559099
0.00154356934439
0.00154346484789
0.00154336399243
0.00154327089553
0.00154316708282
0.00154306357279
0.00154297192164
0.00154287153056
0.00154276871475
0.00154267089322
0.00154257780256
0.00154247558795
0.00154237372856
0.00154227980164
0.00154218452276
0.00154204544835
0.00154188454676
0.00154173035362
0.00154158222242
0.00154143360849
0.00154128392629
0.00154113639975
0.00154099082236
0.00154084701572
0.00154070487563
0.00154056425895
0.00154042508923
0.00154028720585
0.00154015056019
0.00154001502203
0.00153987843878
0.00153973991507
0.0015396028094
0.00153947130916
0.00153934063583
0.001539210786
0.00153908167668
0.00153894523813
0.00153881418064
0.00153868726755
0.00153856101
0.00153843100668
0.0015382990946
0.0015381746709
0.0015380508298
0.0015379209439
0.00153779366211
0.00153767147
0.00153754843835
0.00153741757098
0.00153729684093
0.00153717661344
0.0015370459678
0.00153692664492
0.00153680778906
0.00153667858174
0.00153656056468
0.0015364429862
0.00153631511732
0.00153619832365
0.00153608142791
0.00153595535823
0.00153583974628
0.00153572061401
0.00153559912216
0.00153548463306
0.00153536218523
0.00153524625179
0.00153513285387
0.00153500936216
0.00153489663096
0.00153477985058
0.00153466183778
0.00153455009303
0.00153442839761
0.00153431730655
0.00153420410168
0.00153408584957
0.00153397570866
0.00153385601738
0.00153374611694
0.00153363499824
0.00153351779248
0.00153340914732
0.00153329086559
0.00153318257254
0.0015330724364
0.00153295719231
0.00153284995844
0.00153273295232
0.00153262625398
