0.190438964851
0.0271975612682
0.025714613706
0.0249443218724
0.0238911161988
0.0227805378589
0.0215391932126
0.0202409119245
0.0193597283711
0.0179611119085
0.0158367947488
0.0133710736727
0.0123793429361
0.0108075418663
0.00921590322923
0.00817849184249
0.00737145747368
0.00683930726131
0.00651848596023
0.00593257079844
0.00564721984036
0.0051904786638
0.00495033113323
0.00482350805488
0.00474270648468
0.0046876376033
0.00464771828161
0.00461682980016
0.00459149510725
0.00456973744867
0.00455041090229
0.00453277100254
0.00451635218596
0.00450086949146
0.00448610735342
0.00447190347393
0.00445814710409
0.00444477206922
0.00443174232352
0.0044189945701
0.00440649645676
0.00439425280448
0.00438224497946
0.00437045717358
0.00435889626821
0.0043475708168
0.0043364833511
0.0043256489534
0.0043150712875
0.00430476758263
0.0042947442722
0.00428500465115
0.00427554109471
0.00426635617492
0.00425744067329
0.00424878964477
0.00424039641026
0.00423225643939
0.00422435380208
0.00421668430855
0.00420922953743
0.00420198183178
0.00419491939039
0.00418802803372
0.00418129630383
0.00417471147315
0.00416824923159
0.0041618891048
0.00415560945556
0.004149384883
0.00414318483648
0.00413696812845
0.00413068591601
0.0041242722006
0.00411762674027
0.00411059536019
0.00410292700833
0.00409418293824
0.0040835154952
0.00406910606222
0.00404678680589
0.00400889886427
0.00395840344665
0.00391611412111
0.00388083675015
0.00384236683844
0.00378829208507
0.00371185446362
0.0036508950701
0.00361447410044
0.0035898858685
0.00357157124842
0.0035570149803
0.00354490231305
0.0035344708012
0.00352524180846
0.00351689541327
0.00350920758662
0.00350201310404
0.00349518432777
0.00348861983699
0.00348222622144
0.00347591679475
0.00346960305938
0.00346318556385
0.00345654346561
0.00344952156705
0.00344191512817
0.00343345843862
0.00342384455011
0.00341283034908
0.00340049050186
0.00338751360546
0.0033750330322
0.00336394912591
0.00335445810325
0.00334636422883
0.00333937058475
0.00333321472292
0.00332770102653
0.00332276717074
0.00331821472988
0.00331395851414
0.00330963744668
0.00330546061717
0.00330145135772
0.0032975832392
0.00329383275395
0.00329018168562
0.00328661210134
0.00328310895412
0.00327965703909
0.00327624129214
0.00327284510092
0.00326945444478
0.00326604893992
0.00326261025201
0.00325911205836
0.00325552619701
0.00325181624532
0.00324793555892
0.00324382331445
0.00323939757076
0.00323454464215
0.003229106161
0.00322284894991
0.00321542888664
0.00320632239063
0.00319472655795
0.00317942232785
0.00315867928089
0.00313057922178
0.00309499571943
0.00305748601777
0.00302635366536
0.00300360878243
0.00298703528747
0.00297445166309
0.00296444373959
0.00295613785929
0.00294898678889
0.00294263829622
0.00293685836047
0.00293148588134
0.00292640531642
0.00292153024698
0.00291684910552
0.00291230172395
0.0029078016255
0.00290330068216
0.00289875137863
0.00289411061791
0.002889337721
0.0028843915299
0.00287923057506
0.002873818472
0.00286812196642
0.00286211556835
0.00285578294368
0.00284911573835
0.00284211790272
0.00283480590451
0.00282720956624
0.00281937190714
0.00281134704931
0.00280319523162
0.00279497557938
0.00278673824743
0.00277852010478
0.00277033345372
0.00276217665866
0.00275403761698
0.00274589348189
0.00273772562067
0.00272952741186
0.00272131260438
0.00271312171814
0.00270502508643
0.00269711219914
0.00268948200503
0.00268222459292
0.00267541020726
0.00266907775223
0.00266322370477
0.00265801650407
0.00265320532839
0.00264874840683
0.00264460934581
0.002640764018
0.00263715186391
0.00263374141918
0.00263050625821
0.00262742430543
0.00262447715822
0.00262164934644
0.00261892808098
0.0026163023462
0.00261376343659
0.00261130402893
0.00260891801375
0.00260660006052
0.00260434585144
0.0026021518816
0.00260001378053
0.00259793844254
0.00259591692018
0.00259394450527
0.00259201595673
0.0025901293534
0.00258828611122
0.00258648120134
0.00258471312652
0.00258298148448
0.00258128525177
0.00257962295826
0.00257799261233
0.00257639338333
0.00257482396671
0.00257328288016
0.00257176902562
0.002570281347
0.00256881978882
0.00256738305067
0.00256596966872
0.00256457865733
0.00256320796222
0.00256185810432
0.00256052126179
0.00255913414712
0.00255776705123
0.00255642010619
0.0025550927578
0.00255378438485
0.00255249107142
0.00255121461217
0.00254995362565
0.002548706537
0.00254747468366
0.00254625816227
0.0025450530314
0.00254385684535
0.00254267211671
0.00254149723322
0.00254032936777
0.0025391712325
0.00253802237344
0.00253688463845
0.00253575592789
0.00253463185776
0.00253351449157
0.00253240167986
0.00253129337979
0.00253018928488
0.00252908847293
0.00252799103556
0.00252689613514
0.00252580290084
0.00252471225822
0.00252362118403
0.00252253210856
0.00252144182514
0.00252035082198
0.00251926046684
0.00251816700656
0.00251707156729
0.00251597197765
0.0025148674185
0.00251375906338
0.00251264686535
0.00251153119044
0.00251041155667
0.0025092861267
0.00250815454274
0.00250701629964
0.00250587079948
0.00250471742493
0.0025035555765
0.0025023846603
0.00250120395719
0.00250001280045
0.00249881051138
0.00249759637645
0.00249636973697
0.00249512987362
0.00249387746836
0.00249261053358
0.00249132722488
0.00249002776746
0.0024887117893
0.00248737769279
0.00248603239755
0.00248467443091
0.00248329586087
0.00248189511708
0.0024804708045
0.00247902288183
0.00247754856979
0.00247604848921
0.00247452202945
0.00247296639468
0.00247138138374
0.0024697644125
0.0024681175016
0.00246643625938
0.00246471993152
0.00246296803325
0.00246117831821
0.00245935053062
0.00245748117491
0.00245556924708
0.00245361431863
0.0024516141878
0.00244956612928
0.00244746910685
0.00244532234213
0.00244312378529
0.0024408728076
0.00243852875199
0.0024359762091
0.00243335927038
0.0024306736706
0.00242791527191
0.00242508273748
0.00242217800668
0.00241920644876
0.00241615364865
0.00241301748802
0.00240979711529
0.00240649518286
0.00240310480307
0.00239962608347
0.00239606167307
0.00239240823565
0.00238866162219
0.00238482221192
0.00238088889595
0.00237686511286
0.00237275022631
0.00236854209543
0.00236424149358
0.00235985265268
0.0023553787226
0.0023508215142
0.00234618528049
0.00234146944686
0.00233667096913
0.00233179534355
0.00232684530539
0.00232335782174
0.00232012386868
0.00231685048414
0.00231351940071
0.00231013493637
0.00230669484417
0.00230319243229
0.00229962650273
0.00229599748156
0.00229230677824
0.00228855753427
0.00228474946281
0.00228088382014
0.00227695857311
0.00227297385709
0.00226893074384
0.00226482890756
0.00226066958353
0.00225645865151
0.00225219316704
0.00224787968138
0.00224351852016
0.0022391092671
0.00223465325723
0.00223015338105
0.00222561716283
0.0022210525135
0.00221644674268
0.00221180212035
0.00220712867859
0.00220247933116
0.00219780899631
0.00219311775142
0.00218840625975
0.00218367910625
0.00217894149426
0.00217418925248
0.00216958782749
0.00216605567503
0.00216251609582
0.00215897937257
0.00215544380275
0.0021519106801
0.00214838438961
0.00214485563432
0.00214133085407
0.00213783516703
0.00213434082277
0.00213084805307
0.00212735798167
0.0021238693263
0.00212040319269
0.00211695531027
0.00211351649683
0.00211008495369
0.00210666145736
0.00210324736939
0.00209984299091
0.00209645164644
0.00209307339491
0.00208970867486
0.0020863588082
0.00208302630106
0.00207971281581
0.00207642194044
0.00207315212493
0.00206989270715
0.00206665868904
0.00206344974725
0.00206026751789
0.00205711613167
0.00205400611271
0.00205092754003
0.00204788022833
0.00204486524332
0.00204188635374
0.00203894362427
0.00203603791
0.00203358908084
0.00203147066483
0.00202940824569
0.00202737930415
0.0020253763284
0.00202339641545
0.00202143800745
0.00201950138456
0.00201758481602
0.00201568762495
0.00201380973828
0.00201195120054
0.002010110564
0.00200828748816
0.00200648160667
0.00200469268023
0.0020029204132
0.00200116457655
0.00199942498112
0.0019977014076
0.00199599369087
0.00199430443527
0.00199263087237
0.00199097266178
0.0019893301862
0.00198770290947
0.00198609040121
0.00198449252659
0.0019829091541
0.00198134015368
0.00197978562123
0.00197824535091
0.00197671905072
0.00197526996408
0.00197397230612
0.00197272961788
0.00197150627107
0.00197031479498
0.00196915107914
0.00196801085549
0.00196688466215
0.00196577974962
0.00196469024799
0.00196362289477
0.00196257200952
0.00196153763818
0.00196051813539
0.0019595122862
0.00195851915673
0.00195753783659
0.00195656755973
0.00195560762549
0.00195465758651
0.00195371672287
0.00195278442267
0.00195186013258
0.00195094334564
0.00195003356893
0.00194913035028
0.00194823326033
0.00194734188505
0.0019464558307
0.00194557471019
0.00194469820341
0.00194382589752
0.00194295743969
0.00194209248233
0.00194123070229
0.00194037174702
0.00193951528159
0.00193866098793
0.00193780852557
0.00193695754513
0.00193610774045
0.00193525876066
0.00193441025473
0.00193356187858
0.00193271328219
0.00193186410845
0.00193101416436
0.00193016307575
0.0019293102889
0.00192845540533
0.00192759801793
0.00192673773418
0.00192587412273
0.00192500679551
0.00192413518849
0.00192325881167
0.00192237715528
0.00192148968843
0.00192059585694
0.00191969508319
0.00191878676385
0.00191787026879
0.00191694494058
0.00191601009213
0.0019150650059
0.00191410894034
0.0019131411182
0.00191216074187
0.00191116696913
0.00191015889681
0.00190913561238
0.00190809617318
0.00190703961296
0.00190596493185
0.00190487110181
0.00190375707519
0.00190262188244
0.00190146440851
0.00190028354066
0.00189907825266
0.00189784747254
0.00189659019086
0.00189530547079
0.00189399240773
0.0018926501977
0.00189127814659
0.0018898756909
0.0018884424536
0.00188697838827
0.00188548329941
0.00188395741748
0.00188240126569
0.00188081561887
0.00187920156035
0.00187756050215
0.00187589420135
0.00187420476794
0.001872494561
0.00187076626671
0.00186902284289
0.00186726755718
0.00186550548823
0.00186373833606
0.00186196969385
0.00186020308974
0.00185844276817
0.00185669147785
0.00185495227293
0.0018532281263
0.00185152170709
0.00184983542357
0.00184817140444
0.00184653140362
0.00184491683109
0.00184332877928
0.00184176803029
0.00184023507622
0.00183873014484
0.00183725336665
0.00183580443504
0.00183438288359
0.00183298814281
0.00183161952576
0.00183027624346
0.00182895742784
0.00182766215083
0.00182638944967
0.00182513833031
0.00182390777787
0.0018226968181
0.00182150440381
0.00182032954551
0.00181917126988
0.00181802862615
0.00181690069178
0.0018157865723
0.0018146854034
0.00181359635254
0.00181251861962
0.00181145143484
0.00181039405988
0.0018093457861
0.00180830593516
0.00180727386011
0.00180624893849
0.00180523058372
0.00180421823944
0.00180321134529
0.00180220937881
0.0018012118386
0.00180021825148
0.00179922816329
0.00179824127064
0.0017972571075
0.00179627521718
0.00179529521566
0.00179431675801
0.00179333963411
0.0017923634478
0.00179138784931
0.00179041256883
0.00178943734977
0.00178846197062
0.00178748627038
0.00178651003296
0.00178553307665
0.00178455520157
0.00178357628004
0.00178259620315
0.00178161487968
0.00178063224969
0.00177964827896
0.00177866296062
0.00177767631148
0.00177668838433
0.00177569924595
0.00177470898655
0.00177371773101
0.00177272563025
0.00177173294658
0.00177073988736
0.00176974659565
0.00176875331889
0.00176768718377
0.00176608533614
0.00176456396062
0.00176309858062
0.00176167749173
0.0017602702825
0.00175888120336
0.00175751871245
0.00175617961431
0.00175486171099
0.00175356327541
0.00175228304428
0.00175102002316
0.0017497734211
0.00174854295232
0.00174732777904
0.00174612737845
0.00174494139666
0.00174376954501
0.00174261160796
0.00174146740327
0.00174033679386
0.00173921966557
0.00173811593794
0.00173702555468
0.00173594894735
0.00173488564402
0.00173383556442
0.00173279868002
0.00173177496192
0.00173076437841
0.00172976691433
0.00172878252483
0.00172781113905
0.0017268526988
0.0017259071593
0.00172497442883
0.00172405462538
0.00172314786788
0.00172225362284
0.00172137178474
0.00172050220957
0.00171964476563
0.00171879935104
0.00171796578464
0.00171714391133
0.00171633357432
0.00171553461241
0.00171474686013
0.00171397014856
0.00171320431094
0.00171244917025
0.00171170455066
0.0017109702765
0.00171024617207
0.00170953206102
0.00170882776741
0.00170813313455
0.00170744797439
0.00170677211502
0.00170610538424
0.00170544761071
0.0017047986306
0.00170415830893
0.00170352862066
0.00170290777221
0.00170229505466
0.00170169035669
0.00170109354061
0.00170050440034
0.00169992502142
0.00169935518292
0.00169879258431
0.00169824596082
0.00169770685702
0.00169718589095
0.00169666067199
0.00169615448332
0.00169564199564
0.00169514815504
0.00169466112524
0.00169418019014
0.00169370506437
0.00169323549527
0.00169277896325
0.00169232999886
0.00169187611611
0.00169143806922
0.00169100224837
0.00169057435949
0.00169014793058
0.00168973796008
0.00168932060847
0.00168891091867
0.00168851462259
0.00168812277009
0.00168773511355
0.00168735159641
0.00168697194626
0.00168659591367
0.00168622349868
0.00168585474008
0.00168549822497
0.00168515250385
0.00168479339583
0.00168444496098
0.00168411131884
0.00168376179204
0.00168344235715
0.00168309836243
0.0016827849006
0.00168246052104
0.00168213806509
0.00168183326486
0.00168152542875
0.00168121382174
0.00168091603499
0.00168062742158
0.00168034214607
0.00168006766795
0.00167980010015
0.00167951786431
0.00167923875787
0.00167898753253
0.00167870652445
0.00167846212382
0.00167818676326
0.00167794175182
0.00167769018137
0.0016774284207
0.00167718837301
0.00167695186353
0.00167670953216
0.00167646427298
0.00167622547486
0.00167599153492
0.00167576150504
0.00167553494068
0.00167531186486
0.00167509209599
0.00167487553588
0.00167466200673
0.00167445133728
0.00167423224323
0.00167401317031
0.00167380346894
0.00167360626594
0.00167340290575
0.00167318765357
0.00167299579894
0.00167280142323
0.0016725909563
0.00167241104003
0.00167220698194
0.00167202307037
0.0016718295053
0.00167164600716
0.00167145431644
0.00167127911092
0.00167108278511
0.00167091968725
0.00167073050544
0.00167055139182
0.00167038838221
0.00167020427606
0.00167002641064
0.00166986844952
0.00166969958227
0.00166952512898
0.00166935225018
0.00166919509859
0.00166903922871
0.00166888048295
0.0016687159895
0.00166855384428
0.00166839370647
0.00166823507374
0.00166807870288
0.00166792423401
0.00166777141442
0.00166762071088
0.00166747183392
0.00166732437118
0.00166717928509
0.00166703639273
0.00166689508793
0.0016667558015
0.00166661019107
0.00166646045521
0.00166631717592
0.00166618452628
0.00166605350511
0.00166591233927
0.00166576653161
0.00166564016376
0.00166551502904
0.00166536670013
0.00166524025513
0.00166511947632
0.00166497138984
0.00166485315063
0.00166472549295
0.00166459283048
0.00166447904736
0.00166433812426
0.00166422680375
0.00166408866981
0.00166397954918
0.00166384429863
0.00166373779166
0.00166360497536
0.00166350088084
0.00166337023202
0.00166325942168
0.00166314079418
0.00166301492338
0.00166291549823
0.00166279089891
0.00166267785927
0.00166257222552
0.00166245110198
0.00166234040477
0.00166223886414
0.00166212082642
0.00166200433945
0.00166190833356
0.0016618007844
0.0016616869804
0.00166157483408
0.00166147587299
0.0016613786453
0.00166126895754
0.00166116057495
0.00166105313821
0.00166094931541
0.00166085475144
0.00166076020625
0.00166065752295
0.00166055462269
0.00166045242449
0.00166035136122
0.0016602512616
0.00166015175162
0.00166005312839
0.00165995559965
0.00165985850759
0.0016597622484
0.00165966687881
0.00165957233792
0.00165947846852
0.00165938522179
0.00165929289525
0.00165920123153
0.00165911036644
0.00165902031953
0.00165893085379
0.00165884227277
0.00165875418576
0.00165866682147
0.00165857598988
0.0016584799255
0.00165838628312
0.00165830185986
0.00165821800196
0.00165813489373
0.00165805230908
0.00165795970434
0.00165786663399
0.00165778604041
0.00165770608168
0.0016576268094
0.00165753335155
0.00165744799355
0.00165737046027
0.00165729361499
0.00165720256916
0.00165711959026
0.00165704438493
0.001656969044
0.00165687417043
0.00165680045415
0.00165672738013
0.00165663605552
0.00165656161985
0.00165649015924
0.00165639975065
0.00165632746892
0.00165625781885
0.00165616710165
0.00165609821463
0.00165602367106
0.00165594089584
0.00165587334441
0.00165578577222
0.00165571902087
0.00165564492158
0.0016555669023
0.00165550152425
0.00165541627321
0.00165535194902
0.00165526778114
0.00165520457576
0.0016551213624
0.00165505881461
0.00165497956152
0.0016549144487
0.00165483775182
0.00165477195368
0.00165469534983
0.00165463117965
0.00165455261078
0.00165449210414
0.00165441350067
0.00165435502012
0.00165427719707
0.00165421919466
0.00165414231351
0.00165407627821
0.00165400898166
0.00165393324947
0.00165387724257
0.00165380228149
0.00165374164291
0.00165367274511
0.00165359912562
0.00165354494205
0.00165347177511
0.00165340326767
0.00165334614573
0.00165327409799
0.00165321078525
0.00165315035346
0.00165307966707
0.00165301781842
0.00165295773518
0.00165288788861
0.00165282337051
0.00165276840823
