0.0404395207808
0.0395362519696
0.0393914198714
0.0393286776886
0.0392735158688
0.0392157925522
0.0391607850169
0.039111669315
0.0390683239575
0.0390297433153
0.0389947814152
0.0389623436922
0.0389314487417
0.0389013170147
0.0388715600714
0.0388423567906
0.0388143015756
0.0387879043082
0.0387632444262
0.038740011892
0.0387176658992
0.0386954853375
0.0386724733717
0.0386471680304
0.0386177261288
0.0385827352885
0.0385381084553
0.0384483391116
0.038302516682
0.0382106490963
0.0381312067467
0.0380616978337
0.0380017757067
0.0379505322671
0.0379067960936
0.0378693805659
0.0378371908774
0.0378092654807
0.0377847868554
0.0377630757581
0.0377435768882
0.0377258410549
0.0377095066263
0.0376942811786
0.037679923032
0.0376662215739
0.0376529741243
0.0376399535566
0.0376268490721
0.0376131209168
0.0375975365185
0.0375763807867
0.0375384371723
0.0374752687868
0.0374136986489
0.0373671894972
0.0373265764082
0.0372910224197
0.0372597987225
0.0372317016375
0.037204501683
0.0371673047056
0.0370562376486
0.0369770634498
0.0368383370142
0.036534719449
0.0363066665163
0.0361367865463
0.036006323545
0.0358946207436
0.0357920192663
0.0357033423471
0.0356253210968
0.0355386952064
0.0353749325567
0.0351528363167
0.0349918259945
0.0346105759786
0.0343054902263
0.0341416404043
0.0340279770668
0.0339049754897
0.0334200571075
0.0331237090288
0.0328265040992
0.0322781795243
0.0318229198076
0.0311322724326
0.0303755622199
0.0298110467986
0.029496925197
0.0285161720642
0.028031960898
0.0259934237354
0.0249852477319
0.0238883631995
0.0225187129758
0.0197187144399
0.0175883206812
0.0160985646091
0.0143324859812
0.0132503550806
0.0122612568637
0.0111780143814
0.0103359992507
0.00932990448052
0.00862171330358
0.00841057405677
0.00812508740856
0.00798575061929
0.00774106502855
0.00743613426006
0.00730818778951
0.00704668339481
0.00676531701435
0.00664273541625
0.00654909275281
0.00647008325724
0.0063768939994
0.00618936818394
0.00600945835898
0.00586838863587
0.0056987172912
0.00551830257827
0.00537544025585
0.00528013706662
0.00522199717836
0.00516109032542
0.00509034074988
0.00503610449119
0.00499390397671
0.00496540727559
0.00494819804762
0.00493690327909
0.00492849518764
0.00492160335222
0.00491560778935
0.00491021423712
0.00490527446723
0.00490070837635
0.00489646853483
0.0048925233631
0.00488884895558
0.00488542510956
0.00488223345706
0.00487925665418
0.00487647809028
0.00487388183656
0.00487145301179
0.00486917721813
0.00486704020363
0.00486502930664
0.00486313283383
0.00486133988415
0.00485964038551
0.00485802510406
0.0048564855041
0.00485501370991
0.00485360248936
0.00485224511676
0.00485093536424
0.00484966741195
0.00484843580494
0.00484723539399
0.0048460612776
0.00484490874433
0.00484377321484
0.00484265018235
0.00484153515033
0.00484042356561
0.0048393107449
0.00483819179187
0.00483706150157
0.00483591424761
0.00483474384648
0.00483350083677
0.00483219670242
0.00483086140861
0.00482948217017
0.00482804467687
0.00482653239771
0.00482492574213
0.00482320100371
0.00482132901199
0.00481927341425
0.00481698852553
0.00481441674351
0.00481148564914
0.00480810508442
0.00480416451554
0.00479953020515
0.00479403876235
0.00478747641848
0.0047795178881
0.00476955749784
0.00475620785369
0.00473545804941
0.0046919437451
0.00458043607011
0.00443874188641
0.00434654515539
0.00428655971432
0.00423792570421
0.00418356587256
0.00411752517722
0.0040623670853
0.00402375476576
0.00399703868119
0.00397787826414
0.003963491224
0.00395219331567
0.00394295618214
0.00393513489009
0.00392831015629
0.00392219735747
0.00391659326579
0.00391134392901
0.00390632436627
0.00390142481153
0.00389654054797
0.00389156390492
0.00388637850776
0.00388085807381
0.00387487479441
0.00386832173684
0.00386113966858
0.00385331134474
0.00384478901244
0.0038353651318
0.00382454939745
0.00381139033832
0.00379414740306
0.00376983765212
0.00373458832375
0.00368694420182
0.00363105486307
0.00357390573297
0.00352117562258
0.00347537634713
0.00343654667546
0.00340384650237
0.00337634641538
0.00335323691018
0.00333382378654
0.00331750212806
0.00330374486813
0.00329210042904
0.00328219078364
0.00327370429763
0.00326638697929
0.00326003316111
0.0032544767523
0.00324958360399
0.00324524502044
0.00324137300682
0.00323789548193
0.00323475349853
0.00323189835155
0.0032292897951
0.00322689422767
0.00322468348668
0.00322263383697
0.0032207251664
0.00321894029052
0.00321726461943
0.00321568548988
0.00321419195017
0.00321277450439
0.00321142491348
0.0032101357692
0.00320890068108
0.00320771395842
0.0032065704369
0.00320546552553
0.00320439509034
0.00320335535264
0.00320234286422
0.00320135441475
0.00320038697255
0.00319943774724
0.00319850405029
0.00319758331686
0.00319667296098
0.0031957704594
0.00319487330722
0.00319397886131
0.0031930843774
0.00319218702214
0.00319128357845
0.00319037063046
0.00318944429864
0.00318850011541
0.00318753292983
0.00318653669266
0.00318550407382
0.00318442613226
0.00318329178035
0.00318208694215
0.00318079348447
0.00317938767129
0.00317783762417
0.00317609956623
0.00317411221835
0.00317178728215
0.00316899472813
0.00316553906346
0.00316112358538
0.00315530926883
0.0031511752459
0.00314728709468
0.00314305720043
0.00313847508001
0.0031335479001
0.00312830626339
0.00312280852674
0.00311714005447
0.0031114067025
0.00310572237115
0.00310019426913
0.00309491015316
0.0030899308803
0.00308528918193
0.00308099324857
0.00307703274904
0.00307338518108
0.00307002128341
0.00306690903699
0.00306401629564
0.00306131231548
0.0030587684981
0.0030563586187
0.00305405874157
0.00305184696065
0.00304970304759
0.00304760805618
0.00304554390561
0.00304349294856
0.00304143751897
0.00303935944575
0.00303723951088
0.003035056822
0.00303278805863
0.00303040653646
0.00302788101302
0.00302517412821
0.00302224033079
0.00301902308463
0.00301545107468
0.00301143459697
0.00300686030162
0.00300156977511
0.00299536360152
0.00298798682494
0.00297912777391
0.00296844159092
0.00295562394277
0.00294054933462
0.00292342713373
0.00290484962976
0.0028856474464
0.00286664155027
0.00284845762139
0.00283146993143
0.0028158369117
0.00280156849601
0.00278858826855
0.00277677786119
0.00276600449603
0.00275613576089
0.00274704189078
0.00273860190543
0.00273069992772
0.00272322084847
0.00271604311538
0.00270902691158
0.00270199385806
0.00269469065864
0.00268672470016
0.00267747099785
0.00266607464948
0.00265208495553
0.00263672046619
0.00262199142094
0.00260874477103
0.00259687314145
0.00258599804563
0.00257575031431
0.002565830246
0.0025559969734
0.00254604182534
0.00253575891425
0.00252491169516
0.0025131884281
0.00250013812379
0.00248510298769
0.00246733352436
0.00244695216003
0.00242638601094
0.00240831359339
0.00239312162288
0.00238011997246
0.00236864704825
0.00235827183783
0.0023487422228
0.00233991307793
0.00233169786606
0.0023240418896
0.00231690592041
0.00231025901736
0.00230407372546
0.0022983232104
0.00229298002597
0.00228801587128
0.00228340187053
0.00227910920224
0.00227510971082
0.00227137644134
0.00226788402921
0.00226460893803
0.00226152956802
0.00225862636035
0.00225588149484
0.00225327890664
0.00225080423916
0.0022484447066
0.00224618865248
0.00224402573959
0.00224194670232
0.00223994322686
0.00223800783431
0.00223613378731
0.00223431499906
0.00223254596898
0.00223082205156
0.00222913910547
0.00222749233016
0.00222587768323
0.00222429159977
0.00222273076838
0.00222119211334
0.00221967283089
0.00221817029758
0.00221668167452
0.00221520472989
0.00221373684787
0.00221227564602
0.00221081884164
0.00220936418683
0.00220790945408
0.00220645241818
0.00220499084042
0.00220352245307
0.002202044942
0.0022005559326
0.00219905297296
0.00219753351737
0.00219599490957
0.00219443436716
0.00219284998884
0.00219123769144
0.00218959420754
0.00218791607453
0.00218620236364
0.00218445445184
0.00218266059472
0.00218081648454
0.00217891758701
0.00217695916414
0.00217493630236
0.00217284396036
0.00217067703818
0.00216843106887
0.00216610064173
0.00216368170563
0.00216117317257
0.00215856820952
0.00215586428006
0.00215305995562
0.0021501551174
0.00214715114961
0.00214405161929
0.0021408609669
0.00213758545678
0.00213423324691
0.00213081404714
0.00212733892011
0.00212382002175
0.00212027036918
0.0021167032873
0.00211313249555
0.00210957623376
0.00210604210895
0.00210254213472
0.0020990873645
0.0020956877385
0.00209235198652
0.00208908763128
0.00208590084163
0.002082796596
0.00207977872205
0.0020768499725
0.00207401212428
0.00207126608487
0.00206861200066
0.0020661038842
0.00206369330931
0.00206136892051
0.00205912888848
0.0020569711022
0.00205489325107
0.0020528928888
0.0020509673456
0.00204911394729
0.00204732998197
0.00204561272837
0.00204395947898
0.0020423675587
0.00204083455033
0.00203935773896
0.00203793452999
0.00203656249368
0.00203523927651
0.00203396260308
0.00203273027697
0.00203154018034
0.00203039027281
0.0020292785894
0.00202820323795
0.00202716239618
0.00202615430827
0.0020251772812
0.00202422968083
0.00202330992786
0.00202241649363
0.00202154896967
0.00202070541029
0.00201988379205
0.00201908274838
0.00201830094052
0.0020175370527
0.00201678978713
0.00201605785887
0.00201533999041
0.00201463490602
0.00201394958491
0.00201328917786
0.00201263720358
0.00201199183042
0.0020113527674
0.00201071797706
0.00201008589303
0.00200945569091
0.00200882540108
0.00200819287434
0.00200755727741
0.00200691636675
0.00200626807213
0.00200561022693
0.00200494006466
0.00200425571618
0.00200355428496
0.00200283255962
0.002002087177
0.00200131442487
0.00200051019614
0.00199966993624
0.00199878859019
0.00199786054208
0.00199687955669
0.00199583866703
0.00199473030696
0.00199354611074
0.00199227695608
0.00199091304963
0.00198944408763
0.00198785951108
0.00198614905937
0.00198430353408
0.00198231574108
0.00198018184529
0.00197790288975
0.00197548628973
0.00197294693558
0.00197030744116
0.00196759768935
0.00196485081637
0.00196210222314
0.00195938604551
0.00195672967628
0.00195415624006
0.00195167919808
0.00194930839805
0.00194704590553
0.00194489039169
0.00194283774268
0.00194088216139
0.00193901784948
0.00193723649231
0.00193553241232
0.00193389931454
0.00193233162049
0.00193082320558
0.00192937104835
0.00192797034299
0.0019266174618
0.00192530923282
0.00192404283494
0.00192281575107
0.00192162572359
0.00192047071589
0.00191934888092
0.00191825853069
0.00191719865304
0.00191616742053
0.00191516269779
0.00191418392088
0.00191323084563
0.00191230088228
0.00191139334146
0.00191050855564
0.00190964359348
0.00190879908216
0.001907973777
0.00190716637314
0.00190637745383
0.00190560437082
0.00190484887178
0.00190410766779
0.00190338282282
0.0019026710786
0.00190197458142
0.0019012900991
0.001900619853
0.00189996082093
0.00189931472986
0.00189867941688
0.0018980546004
0.00189743665939
0.00189682934304
0.00189623311082
0.00189564581143
0.00189506940483
0.00189450133906
0.00189394268868
0.0018933927693
0.00189285049282
0.00189231731391
0.00189179089833
0.00189127255916
0.00189076157438
0.00189025686132
0.00188976006018
0.00188926895998
0.00188878457979
0.00188830678039
0.00188783395027
0.00188736813915
0.00188690735825
0.00188645199878
0.00188600278013
0.00188555757712
0.00188511835182
0.00188468389523
0.00188425366758
0.00188382915938
0.00188340825858
0.00188299223263
0.00188258087359
0.001882172715
0.00188176992458
0.00188137047525
0.00188097494052
0.0018805840453
0.00188019566139
0.00187981200221
0.00187943166736
0.00187905444083
0.00187868166529
0.00187831118843
0.00187794473351
0.00187758158054
0.00187722088453
0.0018768644776
0.00187651017799
0.00187615934783
0.00187581176597
0.00187546614006
0.00187512464747
0.00187478507344
0.00187444856485
0.00187411519694
0.00187378343018
0.0018734556329
0.00187312955628
0.00187280628108
0.00187248597503
0.00187216705317
0.00187185191964
0.00187153829204
0.001871227333
0.00187091910237
0.00187061216635
0.0018703088154
0.00187000673497
0.00186970731029
0.00186941030336
0.00186911461853
0.0018688222905
0.00186853097464
0.00186824241176
0.00186795588722
0.00186767081837
0.00186738885233
0.00186710761635
0.00186682933048
0.00186655263802
0.0018662776306
0.00186600539211
0.00186573368829
0.00186546516529
0.00186519773069
0.00186493229584
0.00186466910584
0.00186440668689
0.00186414734918
0.0018638886625
0.00186363236373
0.00186337773464
0.00186312428903
0.00186287359309
0.00186262319768
0.00186237564368
0.00186212913764
0.0018618842896
0.00186164161147
0.00186139941308
0.00186116016142
0.00186092138346
0.00186068479123
0.00186044969481
0.00186021562283
0.00185998412577
0.00185975271762
0.00185952406798
0.001859296208
0.00185906995948
0.00185884559817
0.00185862170524
0.00185840054006
0.00185817960001
0.00185796089574
0.00185774333588
0.00185752688001
0.00185731265657
0.0018570984418
0.0018568870207
0.00185667598133
0.00185646670851
0.00185625889956
0.00185605173624
0.00185584702536
0.00185564224581
0.00185543991848
0.00185523827027
0.00185503796097
0.00185483940728
0.00185464107999
0.00185444531914
0.00185424959585
0.00185405592124
0.00185386320206
0.00185367142523
0.00185348167645
0.00185329177272
0.00185310452454
0.00185291742437
0.00185273199357
0.00185254778054
0.00185236413558
0.00185218273781
0.00185200105256
0.0018518217732
0.00185164289649
0.00185146532794
0.00185128922981
0.00185111334219
0.00185093980186
0.00185076607226
0.00185059439653
0.00185042337233
0.00185025330656
0.00185008495932
0.00184991647555
0.00184975043826
0.00184958431055
0.00184941989294
0.00184925637295
0.0018490934704
0.00184893253152
0.00184877118512
0.00184861224833
0.00184845338858
0.00184829590167
0.00184813955761
0.00184798349507
0.00184782955045
0.00184767519033
0.00184752295917
0.00184737105108
0.00184722018246
0.00184707070166
0.00184692117152
0.00184677385942
0.00184662623401
0.00184648040665
0.00184633514783
0.00184619059969
0.00184604768402
0.00184590439191
0.00184576341857
0.00184562203832
0.00184548200667
0.00184534277913
0.00184520392874
0.00184506694255
0.00184492935254
0.00184479397007
0.00184465856515
0.00184452431194
0.00184439108828
0.00184425794406
0.00184412677296
0.00184399504401
0.00184386525846
0.00184373565169
0.00184360692585
0.00184347941798
0.00184335173298
0.00184322609204
0.00184309996002
0.00184297553027
0.00184285144005
0.0018427280047
0.00184260593347
0.00184248347454
0.00184236310976
0.00184224229907
0.00184212299807
0.00184200415067
0.00184188578275
0.00184176887692
0.00184165142529
0.00184153609372
0.00184142033688
0.00184130595108
0.00184119208143
0.00184107857165
0.00184096656786
0.00184085391852
0.0018407433882
0.00184063242514
0.00184052275582
0.00184041360577
0.00184030475952
0.00184019740172
0.00184008936415
0.00183998341399
0.00183987699197
0.0018397718546
0.00183966717343
0.00183956281033
0.00183945984978
0.00183935624779
0.00183925466749
0.0018391525409
0.00183905176534
0.00183895130932
0.00183885126369
0.00183875245805
0.00183865313035
0.00183855572027
0.00183845764949
0.001838361081
0.0018382646121
0.00183816873313
0.0018380738463
0.00183797864656
0.00183788521746
0.00183779096916
0.00183769846723
0.00183760575329
0.00183751390528
0.00183742270683
0.00183733150323
0.00183724180099
0.00183715123329
0.00183706266116
0.0018369734753
0.00183688553695
0.00183679780096
0.00183671047689
0.00183662417169
0.00183653745426
0.00183645246795
0.00183636658795
0.00183628245246
0.00183619795786
0.00183611441041
0.00183603128248
0.00183594831656
0.00183586653739
0.00183578414637
0.00183570354045
0.00183562207014
0.00183554221013
0.00183546204352
0.00183538274385
0.00183530386259
0.00183522511809
0.00183514750462
0.00183506930999
0.00183499284202
0.00183491542367
0.00183483971788
0.00183476352312
0.00183468835584
0.00183461336665
0.00183453873419
0.0018344649326
0.00183439083154
0.00183431819967
0.0018342446268
0.00183417291121
0.00183410033652
0.00183402921387
0.00183395776545
0.00183388716313
0.00183381682325
0.00183374673896
0.00183367748995
0.0018336079216
0.00183353974586
0.00183347069159
0.00183340341737
0.00183333516338
0.00183326853179
0.00183320130822
0.00183313518604
0.00183306897539
0.00183300336155
0.00183293814613
0.0018328730404
0.00183280880221
0.00183274420406
0.00183268092575
0.00183261683468
0.00183255444008
0.0018324909243
0.00183242923744
0.00183236663906
0.00183230545845
0.00183224375961
0.00183218308559
0.00183212226903
0.00183206210217
0.00183200215003
0.00183194249143
0.00183188338635
0.00183182423687
0.00183176596105
0.00183170732211
0.00183164985825
0.00183159173103
0.00183153506136
0.00183147744758
0.00183142152773
0.00183136445601
0.00183130917536
0.00183125278695
0.00183119809141
0.00183114243744
0.0018310882607
0.00183103332356
0.00183097966776
0.0018309254299
0.0018308722975
0.00183081874156
0.00183076613519
0.00183071324347
0.00183066116603
0.00183060892105
0.00183055737516
0.00183050575947
0.00183045474829
0.00183040374429
0.00183035327103
0.00183030286116
0.00183025292918
0.00183020309589
0.00183015370863
