0.0133158534392
0.012870510643
0.0125137511835
0.0121315546107
0.0117770738158
0.0114369821689
0.0111174753535
0.0108485782388
0.0105971036233
0.0103356506774
0.0100997324876
0.00992542035462
0.00976787746083
0.00958364230581
0.00928996067515
0.0087937589708
0.00813609438948
0.00764856302525
0.00731430564483
0.00698848913793
0.00670192586576
0.00643030599986
0.00617538273373
0.0059261023797
0.00568894344812
0.00548760389165
0.00531950530862
0.0051679465981
0.00501437582806
0.00485155006523
0.00471081517857
0.00460340953921
0.0045194262116
0.00444792923499
0.00438428251095
0.00432765927071
0.0042774533403
0.00423172084672
0.00418788630557
0.00414372901909
0.00409812436046
0.00405157624871
0.00400589581354
0.00396277349139
0.0039226246825
0.003884776685
0.00384825299326
0.00381236996275
0.00377699708044
0.00374249467517
0.00370940714742
0.00367816649859
0.00364900767138
0.00362202463663
0.00359721392178
0.00357447908986
0.00355363980965
0.00353446101212
0.00351668987429
0.00350006811959
0.00348434574034
0.00346928300562
0.00345463907121
0.00344015522077
0.00342553490838
0.00341041276877
0.00339430914127
0.00337661759255
0.0033566643874
0.00333388446798
0.00330833103732
0.00328113848174
0.00325436950012
0.00323005297812
0.00320923403939
0.0031918967733
0.00317741606344
0.00316507113421
0.00315424524419
0.00314448864155
0.00313549630204
0.00312706737465
0.00311907440427
0.00311143251421
0.00310408720918
0.00309700538967
0.00309015994572
0.00308352794862
0.00307709480435
0.00307084825718
0.00306477758144
0.00305887143905
0.0030531193472
0.00304750963083
0.00304202917151
0.00303666526638
0.00303140498568
0.00302623391475
0.00302148998501
0.00301686567825
0.00301227460137
0.00300769196925
0.00300309393538
0.00299845588685
0.0029937516742
0.00298894117392
0.00298398451937
0.00297883417676
0.00297343361228
0.00296771565616
0.00296160065131
0.0029549954617
0.00294779464768
0.0029398851249
0.0029311578079
0.00292153080775
0.00291098309577
0.0028995953833
0.00288757977004
0.00287527262677
0.00286306841697
0.00285133291193
0.00284034174887
0.00283021954785
0.00282097481085
0.00281253271602
0.00280478295399
0.00279760877427
0.00279090250967
0.00278457147955
0.00277853965501
0.00277274630083
0.00276714419152
0.00276169732953
0.00275637981839
0.00275117392966
0.00274606896225
0.00274106197839
0.00273615167811
0.00273134031968
0.00272663269254
0.00272203572878
0.00271755499684
0.00271319443897
0.00270895722751
0.00270484485124
0.00270085705754
0.00269699228429
0.00269324709951
0.0026896171429
0.00268610616052
0.00268272822157
0.00267945013599
0.00267626607005
0.00267317034462
0.002670157648
0.0026672227849
0.0026643610401
0.00266156887192
0.00265884200308
0.00265617699439
0.00265357012114
0.0026510187036
0.00264852008485
0.00264607213579
0.00264367283773
0.00264132047288
0.00263901356249
0.00263675082084
0.00263453112823
0.0026323556846
0.00263022277934
0.00262813025579
0.00262607743754
0.0026240637759
0.00262208865053
0.00262015150597
0.00261825184392
0.00261638909495
0.00261456175593
0.00261276657874
0.00261100672829
0.00260928156014
0.00260759363944
0.00260593882932
0.0026043170543
0.00260272679407
0.0026011672257
0.00259963724475
0.0025981340616
0.00259665919929
0.00259521121989
0.00259378904289
0.00259239161033
0.00259101778912
0.00258966641239
0.0025883361349
0.00258702584538
0.00258573458184
0.00258446075059
0.00258320297411
0.00258195982024
0.00258072980001
0.0025795112928
0.00257830261185
0.00257710213387
0.0025759080089
0.00257471829736
0.00257353090689
0.00257234351573
0.0025711535258
0.00256995814907
0.00256875428792
0.00256753846626
0.0025663068107
0.00256505477611
0.00256377715864
0.00256246791035
0.00256111991808
0.00255972469566
0.0025582720446
0.00255674951396
0.00255514175538
0.00255342956763
0.00255158860423
0.00254958755519
0.00254738543223
0.00254492770215
0.00254214061839
0.00253892268075
0.00253513220543
0.00253056785381
0.00252506387978
0.00251859526071
0.00251041325161
0.00250000670448
0.00248699405857
0.00247151186885
0.00245449837311
0.00243738091243
0.00242128496623
0.00240663531993
0.00239334128287
0.00238111188232
0.0023696359691
0.0023586419637
0.00234790291913
0.00233723048828
0.00232647473689
0.00231547796158
0.00230386251054
0.00229210147392
0.00228042191877
0.00226935336849
0.00225919823733
0.0022501384842
0.00224221346371
0.00223511364578
0.00222868176863
0.00222278724272
0.00221733133366
0.00221224202985
0.00220746636172
0.0022037271745
0.00220110983851
0.00219870028627
0.00219634448476
0.00219403562163
0.00219178131862
0.00218957814245
0.00218742202304
0.00218530918306
0.00218323591577
0.00218119844938
0.00217919160948
0.00217721404769
0.00217526231704
0.00217333088303
0.00217141494309
0.0021695118375
0.00216761764574
0.00216572733381
0.00216383568033
0.00216193683041
0.00216002435601
0.00215809137426
0.00215612905358
0.00215412787372
0.00215207690293
0.00214996343785
0.00214777263486
0.00214548721109
0.00214308718237
0.00214053976205
0.00213782151504
0.00213490375342
0.00213175157741
0.00212834106458
0.00212464981006
0.00212067412009
0.00211643694792
0.00211199472797
0.00210743565835
0.00210286617011
0.00209838950352
0.0020940859539
0.0020900038096
0.00208616186911
0.00208255826393
0.00207917985872
0.00207600921203
0.00207302850365
0.0020713173834
0.00207015467155
0.00206901681814
0.00206790239148
0.00206681043047
0.00206574026015
0.00206469107277
0.00206366195159
0.0020626522576
0.00206166131797
0.00206068844792
0.00205973305659
0.00205879456644
0.00205787243991
0.00205696611834
0.00205607514535
0.00205519900287
0.00205433723108
0.00205349045311
0.00205265849307
0.00205183941415
0.0020510328147
0.00205023829961
0.00204945548975
0.00204868401884
0.00204792353154
0.00204717368633
0.00204643415356
0.00204570459941
0.00204498470711
0.00204427416808
0.00204357318188
0.00204288193457
0.00204219908377
0.00204152434087
0.00204085743156
0.0020401980869
0.00203954604252
0.00203890104001
0.00203826282242
0.00203763113441
0.00203700572522
0.00203638634518
0.00203577274691
0.00203516468354
0.00203456191038
0.00203396417875
0.00203337124178
0.00203278285138
0.00203219875757
0.00203161870794
0.0020310424469
0.00203046971447
0.00202990024611
0.00202933390722
0.00202877059914
0.00202820971702
0.00202765096512
0.00202709403979
0.00202653862641
0.00202598418874
0.0020254301476
0.00202487655803
0.00202432304138
0.00202376919771
0.00202321460383
0.00202265881334
0.00202210135307
0.00202154169994
0.00202097932423
0.00202041362272
0.00201984394938
0.00201926961247
0.00201868986112
0.00201810387461
0.00201751075639
0.0020169095224
0.002016299089
0.00201567825893
0.0020150457051
0.00201439995161
0.00201373935171
0.00201306206202
0.00201236601216
0.00201164886942
0.0020109079971
0.00201014042109
0.00200934273371
0.00200851105674
0.00200764095836
0.00200672735943
0.00200576443087
0.00200478539801
0.00200381167718
0.0020028013084
0.00200172408908
0.00200059068405
0.00199939024118
0.00199810943064
0.00199674505564
0.00199528978677
0.00199372661482
0.00199205538054
0.00199025898161
0.00198833643318
0.00198627980107
0.00198408547632
0.00198175736842
0.00197930226625
0.00197673462916
0.00197407699022
0.00197135567343
0.00196860619023
0.0019658676513
0.00196317322049
0.00196055131149
0.00195802406549
0.00195560176652
0.00195329078844
0.00195109233671
0.00194900400575
0.00194702115555
0.00194513797046
0.00194334816767
0.00194164545899
0.00194002379703
0.00193847749433
0.00193700126404
0.0019355902184
0.00193424175908
0.00193297817871
0.00193177528925
0.00193062640717
0.00192953280332
0.00192849157926
0.00192749957976
0.00192654913692
0.00192563727522
0.0019247683958
0.00192393653062
0.00192314357139
0.00192238027879
0.00192164471913
0.00192093488863
0.00192025870013
0.00191960514395
0.00191898119568
0.00191837207434
0.00191778644938
0.00191722253165
0.00191667918464
0.00191614415391
0.00191563560538
0.00191513790966
0.00191466075518
0.00191419041575
0.00191373494772
0.0019132930918
0.00191286423124
0.00191244763865
0.00191204220897
0.00191164789718
0.00191125379937
0.00191087931553
0.00191050771078
0.00191014864401
0.00190979209051
0.00190944962177
0.00190911138075
0.0019087751761
0.00190842992268
0.00190809332135
0.00190776436237
0.0019074380904
0.00190712015472
0.00190681079187
0.00190650315095
0.00190620341316
0.0019059098957
0.00190561772999
0.00190533129955
0.0019050519447
0.00190477363815
0.0019045030083
0.00190423492303
0.00190396940279
0.00190370800746
0.00190345050889
0.00190320089881
0.00190295040832
0.00190270348327
0.00190246001934
0.00190221980776
0.00190198266716
0.00190174867969
0.0019015175834
0.00190128943052
0.00190106411425
0.00190083833359
0.00190061800089
0.00190040043413
0.00190018534458
0.00189997274686
0.00189976149983
0.00189955170826
0.00189934587931
0.00189914231882
0.00189893836651
0.00189873888147
0.00189854147785
0.00189834379702
0.00189815022757
0.00189795873366
0.00189776669286
0.0018975786758
0.00189739047443
0.00189720589624
0.00189702124289
0.00189683998772
0.00189666012973
0.00189648064598
0.00189630379426
0.00189612759356
0.00189595260286
0.00189578058688
0.00189560855821
0.00189543940255
0.00189527021412
0.00189510392011
0.00189493736791
0.00189477231746
0.00189460982531
0.00189444736702
0.00189428760078
0.00189412745083
0.00189396876277
0.00189381247642
0.00189365609224
0.00189350098021
0.00189334813279
0.00189319520758
0.00189304349768
0.00189289418978
0.00189274431052
0.0018925958407
0.00189244843887
0.00189230298688
0.00189215756438
0.00189201320885
0.00189186985553
0.00189172827671
0.00189158681594
0.00189144633409
0.0018913068005
0.00189116903739
0.00189103132544
0.00189089459617
0.00189075876883
0.00189062384218
0.00189049042721
0.00189035716361
0.00189022476389
0.00189009319677
0.0018899624506
0.00188983315537
0.00188970390479
0.00188957552447
0.00188944792506
0.00188932109542
0.00188919502554
0.00188907031967
0.00188894568785
0.00188882190538
0.00188869884759
0.00188857650367
0.00188845486446
0.0018883339211
0.00188821420515
0.00188809447458
0.00188797554215
0.00188785727539
0.00188773966484
0.00188762270262
0.0018875063811
0.00188739069281
0.00188727563047
0.00188716153712
0.0018870476511
0.00188693440413
0.00188682175684
0.00188670970204
0.00188659823307
0.00188648734345
0.00188637702683
0.00188626727698
0.0018861580878
0.00188604945329
0.00188594158311
0.00188583404674
0.00188572701914
0.00188562052992
0.00188551456772
0.00188540912688
0.00188530420197
0.00188519978765
0.0018850958787
0.00188499246998
0.00188488955668
0.00188478713368
0.00188468519602
0.00188458373887
0.00188448275751
0.00188438224725
0.0018842822035
0.00188418262171
0.00188408349743
0.00188398482625
0.00188388671749
0.00188378891862
0.0018836915701
0.00188359465843
0.00188349817924
0.00188340212839
0.00188330649635
0.00188321127973
0.00188311647963
0.00188302209219
0.00188292811363
0.00188283454021
0.00188274136823
0.00188264859408
0.00188255621416
0.00188246422493
0.0018823726229
0.00188228140585
0.00188219056928
0.00188210010968
0.00188201002374
0.00188192030819
0.0018818309598
0.00188174197537
0.00188165335177
0.00188156508588
0.00188147717462
0.00188138961496
0.00188130240391
0.00188121553851
0.00188112901583
0.00188104283299
0.00188095698713
0.00188087147544
0.00188078629512
0.00188070144344
0.00188061691767
0.00188053271512
0.00188044883315
0.00188036526912
0.00188028202045
0.00188019908457
0.00188011645896
0.0018800341411
0.00187995212853
0.0018798704188
0.00187978900948
0.0018797078982
0.00187962708259
0.00187954656031
0.00187946632905
0.00187938638653
0.00187930673048
0.00187922735869
0.00187914826893
0.00187906945902
0.00187899092681
0.00187891267015
0.00187883468694
0.00187875697508
0.00187867953251
0.00187860235718
0.00187852544708
0.00187844880019
0.00187837241454
0.00187829628817
0.00187822041915
0.00187814480555
0.00187806944549
0.00187799433708
0.00187791947846
0.00187784486803
0.00187777050374
0.0018776963838
0.00187762250641
0.00187754886982
0.00187747547257
0.00187740231316
0.00187732938935
0.00187725669946
0.00187718424182
0.00187711201476
0.00187704001665
0.00187696824587
0.00187689670081
0.00187682537987
0.00187675428148
0.00187668340409
0.00187661274615
0.00187654230612
0.00187647208251
0.00187640207381
0.00187633227853
0.00187626269521
0.00187619332239
0.00187612415863
0.00187605520252
0.00187598645263
0.00187591790756
0.00187584956598
0.00187578142652
0.00187571348776
0.00187564574837
0.001875578207
0.00187551086234
0.00187544371308
0.00187537675792
0.00187530992849
0.00187524315488
0.00187517657356
0.0018751101829
0.00187504398146
0.00187497796795
0.00187491214115
0.00187484649969
0.00187478104233
0.00187471576787
0.00187465067511
0.00187458576288
0.00187452103002
0.00187445647543
0.001874392098
0.00187432789652
0.00187426386987
0.00187420001693
0.00187413633662
0.00187407282784
0.00187400948953
0.0018739463206
0.00187388332002
0.00187382048672
0.00187375781968
0.00187369531786
0.00187363298025
0.00187357080583
0.0018735087936
0.00187344694257
0.00187338525176
0.00187332372018
0.00187326234689
0.00187320113091
0.00187314007129
0.00187307916713
0.00187301841746
0.00187295782136
0.0018728973779
0.00187283708618
0.0018727769453
0.00187271695436
0.00187265711247
0.00187259741876
0.00187253787236
0.00187247847242
0.00187241921808
0.00187236010848
0.00187230114277
0.00187224232011
0.00187218363969
0.00187212510067
0.00187206670224
0.0018720084436
0.00187195032395
0.00187189234248
0.0018718344986
0.00187177679262
0.00187171922246
0.00187166178736
0.00187160448655
0.00187154731927
0.00187149028635
0.00187143338694
0.00187137661881
0.00187131998123
0.00187126347347
0.00187120709482
0.00187115084455
0.00187109472197
0.00187103872637
0.00187098285704
0.00187092711331
0.00187087149448
0.00187081599987
0.00187076062881
0.00187070538063
0.00187065025466
0.00187059525024
0.00187054036672
0.00187048560345
0.00187043095978
0.00187037643508
0.00187032202871
0.00187026774004
0.00187021356845
0.00187015951332
0.00187010557403
0.00187005174997
0.00186999804053
0.00186994444513
0.00186989096315
0.001869837594
0.00186978433711
0.00186973119189
0.00186967815775
0.00186962523412
0.00186957242044
0.00186951971614
0.00186946712066
0.00186941463343
0.00186936225391
0.00186930998155
0.00186925781581
0.00186920575613
0.00186915380199
0.00186910195285
0.00186905020819
0.00186899856747
0.00186894703018
0.0018688955958
0.00186884426382
0.00186879303372
0.001868741905
0.00186869087717
0.00186863994971
0.00186858912215
0.00186853839398
0.00186848776472
0.00186843723387
0.00186838680096
0.00186833646551
0.00186828622705
0.00186823608511
0.00186818603921
0.00186813608889
0.0018680862337
0.00186803647317
0.00186798680685
0.00186793723429
0.00186788775504
0.00186783836865
0.00186778907469
0.00186773987272
0.00186769076229
0.00186764174298
0.00186759281436
0.001867543976
0.00186749522748
0.00186744656837
0.0018673979983
0.00186734951683
0.00186730112354
0.00186725281801
0.00186720459983
0.0018671564686
0.00186710842393
0.0018670604654
0.00186701259263
0.00186696480522
0.00186691710278
0.00186686948493
0.00186682195128
0.00186677450145
0.00186672713505
0.00186667985172
0.00186663265107
0.00186658553273
0.00186653849634
0.00186649154153
0.00186644466793
0.00186639787517
0.00186635116291
0.00186630453077
0.00186625797841
0.00186621150547
0.0018661651116
0.00186611879646
0.00186607255969
0.00186602640095
0.0018659803199
0.00186593431621
0.00186588838953
0.00186584253952
0.00186579676586
0.00186575106822
0.00186570544626
0.00186565989967
0.0018656144281
0.00186556903125
0.0018655237088
0.00186547846042
0.00186543328579
0.00186538818461
0.00186534315656
0.00186529820134
0.00186525331862
0.00186520850811
0.00186516376951
0.00186511910251
0.00186507450681
0.0018650299821
0.0018649855281
0.00186494114451
0.00186489683104
0.00186485258739
0.00186480841327
0.0018647643084
0.00186472027249
0.00186467630525
0.00186463240641
0.00186458857568
0.00186454481279
0.00186450111745
0.0018644574894
0.00186441392835
0.00186437043404
0.00186432700619
0.00186428364451
0.00186424034876
0.00186419712006
0.00186415395707
0.0018641108592
0.00186406782619
0.00186402485779
0.00186398195374
0.00186393911377
0.00186389633765
0.0018638536251
0.00186381097588
0.00186376838975
0.00186372586644
0.00186368340572
0.00186364100735
0.00186359867106
0.00186355639663
0.00186351418381
0.00186347203236
0.00186342994204
0.00186338791261
0.00186334594385
0.00186330403551
0.00186326218736
0.00186322039918
0.00186317867072
0.00186313700177
0.00186309539209
0.00186305384145
0.00186301234964
0.00186297091642
0.00186292954159
0.0018628882249
0.00186284696618
0.00186280576519
0.0018627646217
0.0018627235355
0.00186268250636
0.00186264153407
0.00186260061843
0.00186255975921
0.00186251895622
0.00186247820924
0.00186243751806
0.00186239688247
0.00186235630228
0.00186231577728
0.00186227530726
0.00186223489202
0.00186219453136
0.00186215422508
0.00186211397299
0.00186207377488
0.00186203363056
0.00186199353984
