0.478026629364
0.0476177817276
0.0476177667246
0.0476177512022
0.047617735132
0.0476177184834
0.0476177012235
0.0476176833169
0.0476176647254
0.0476176454076
0.0476176253188
0.0476176044104
0.0476175826298
0.0476175599195
0.047617536217
0.0476175114539
0.0476174855557
0.0476174584401
0.0476174300172
0.0476174001876
0.0476173688417
0.0476173358581
0.0476173011021
0.0476172644237
0.0476172256555
0.04761718461
0.0476171410764
0.0476170948174
0.047617045564
0.0476169930109
0.0476169368097
0.0476168765613
0.047616811806
0.0476167420119
0.0476166665603
0.0476165847268
0.0476164956585
0.0476163983438
0.0476162915742
0.0476161738941
0.0476160435351
0.0476158983271
0.0476157355797
0.0476155519166
0.047615343046
0.0476151034307
0.047614825809
0.0476145004779
0.0476141141938
0.047613648435
0.0476130765555
0.0476123589386
0.0476114343573
0.0476102037544
0.0476084979682
0.0476060094638
0.0476021404851
0.047595671329
0.0475842847037
0.0475659892577
0.0475466832566
0.0475349824399
0.047529303762
0.0475263641574
0.0475246430819
0.0475235215281
0.0475227266744
0.047522125169
0.0475216455425
0.0475212464158
0.0475209022204
0.0475205962391
0.0475203169666
0.0475200560861
0.047519807281
0.0475195654975
0.0475193264612
0.0475190863377
0.0475188414736
0.0475185881764
0.047518322504
0.0475180400376
0.0475177356099
0.0475174029526
0.0475170342111
0.0475166192444
0.0475161445725
0.0475155917305
0.0475149345895
0.047514134785
0.0475131334885
0.0475118355956
0.0475100767779
0.047507547291
0.0475035894386
0.0474965420319
0.047480874028
0.0474265815352
0.0471751091282
0.0461338936782
0.0407173678066
0.0185715817958
0.0093480443339
0.00704043290305
0.00673936097658
0.0064137672671
0.00620121223476
0.00607839425224
0.0059875405898
0.00590356878715
0.00580937040567
0.00570244235985
0.00560566054015
0.00553047513747
0.00547234748173
0.00542669731818
0.00539043288415
0.00536099336517
0.00533629221381
0.00531472731109
0.00529508262655
0.00527638262924
0.00525773988514
0.00523818739129
0.00521644520593
0.00519050439399
0.00515675025205
0.00510806471676
0.00503208947486
0.00492922508196
0.00483562828102
0.00476267463742
0.00470482136495
0.00465836550438
0.00462023813499
0.00458748854814
0.00455753688722
0.00452821221192
0.00449763261064
0.00446417209578
0.00442677361315
0.00438570909664
0.00434298203508
0.00430136874604
0.00426268433638
0.00422730474812
0.00419482662046
0.00416480567937
0.00413710539522
0.00411183207359
0.00408907223194
0.00406865219387
0.00405018588508
0.00403317737937
0.00401710536014
0.0040014579131
0.00398564941246
0.00396897649154
0.00395094004489
0.00393132016498
0.00390953660157
0.00388570321946
0.00386095198854
0.00383577922148
0.00381092626807
0.00378653732571
0.00376240902592
0.00373839071746
0.00371463937966
0.00369162578794
0.00366992745935
0.00364997648333
0.00363186894323
0.00361558619817
0.00360095009941
0.00358772176642
0.00357566821597
0.00356489214132
0.00355493529506
0.00354563795498
0.00353689060268
0.00352860731669
0.00352071985839
0.00351317246909
0.00350591977658
0.00349892408784
0.00349215363279
0.00348558127941
0.00347918365028
0.00347294044217
0.00346683391743
0.00346084856908
0.00345497081843
0.00344918878011
0.00344349225586
0.00343787259987
0.0034323226899
0.00342683988793
0.00342142327521
0.00341606484691
0.00341076326922
0.00340551883375
0.00340033323557
0.00339520948388
0.00339015176836
0.00338516529208
0.0033802560381
0.00337543053192
0.00337069558837
0.00336605802615
0.00336152435973
0.00335710062554
0.00335279215375
0.00334860341298
0.00334453791625
0.00334059816227
0.00333678563805
0.00333310149202
0.00332954555887
0.0033261157526
0.00332281019167
0.00331962642839
0.00331656152343
0.00331361212225
0.00331077462101
0.00330804000613
0.00330540753049
0.00330287521996
0.00330043908628
0.00329809518093
0.00329583954108
0.00329366832239
0.00329169199971
0.00328980085206
0.00328798000165
0.00328622604747
0.00328455314374
0.00328296309444
0.00328143003866
0.00327995098572
0.00327852311247
0.00327714377037
0.00327581046941
0.00327452088275
0.00327327278062
0.00327206407999
0.00327089281376
0.00326975712927
0.00326865527936
0.00326758561492
0.00326654657873
0.00326553670987
0.00326455461669
0.00326359897481
0.00326266854102
0.00326176213918
0.00326087865619
0.00326001703821
0.00325917628708
0.00325835545716
0.00325756042756
0.00325673191505
0.00325539470949
0.00325411634126
0.00325288488095
0.00325169488386
0.00325054183292
0.00324942189081
0.00324833178945
0.00324726872888
0.00324623029443
0.00324521439334
0.00324421920049
0.00324324311318
0.00324228471425
0.00324134274315
0.00324041607082
0.00323950367896
0.00323860464361
0.00323771812055
0.00323684333468
0.00323597957062
0.00323512616434
0.0032342824958
0.00323344798456
0.00323262208448
0.0032318042796
0.00323099408089
0.00323019102389
0.0032293946635
0.00322860457451
0.00322782034862
0.00322704159276
0.00322626792701
0.00322549898373
0.00322473440667
0.00322397384855
0.00322321697
0.00322246344785
0.00322171361067
0.00322096645592
0.00322022167071
0.00321947894567
0.00321873797495
0.00321799845378
0.00321726007879
0.00321652254993
0.00321578556112
0.00321504880832
0.00321431198567
0.00321357478467
0.00321283689335
0.00321209799577
0.00321135777019
0.0032106158888
0.00320987201713
0.00320912581194
0.00320837692086
0.00320762498064
0.00320686961665
0.00320611044116
0.00320534705124
0.00320457902795
0.00320380593421
0.00320302731378
0.00320224268775
0.00320145155138
0.00320065337393
0.00319984759477
0.0031990336201
0.00319811765784
0.003197186225
0.00319624771377
0.00319530070976
0.00319434381799
0.00319337563952
0.00319239473402
0.00319139961384
0.00319038872233
0.00318936041246
0.00318831292571
0.00318724436933
0.00318615269139
0.00318503565289
0.00318389081365
0.00318271544682
0.00318150653848
0.00318026073621
0.00317897428329
0.00317764293813
0.00317626191367
0.00317482577222
0.00317332830954
0.00317176241593
0.00317011990873
0.00316839133355
0.0031665657169
0.00316463028369
0.00316257011366
0.00316036774325
0.00315800271202
0.00315545106979
0.00315268486397
0.00314967177642
0.00314637489005
0.00314275331868
0.00313876268234
0.00313435877011
0.00312950273566
0.00312416969328
0.00311836065344
0.00311211609178
0.00310552666664
0.00309873575553
0.00309192207775
0.00308527383876
0.00307895612278
0.0030730856776
0.00306772208693
0.00306287400337
0.00305851374347
0.00305459306136
0.00305105591802
0.00304784689109
0.00304491568855
0.0030422204264
0.00303972631315
0.00303740049803
0.0030352187374
0.00303242635439
0.0030288483106
0.00302551184803
0.00302237587556
0.00301940967845
0.00301658871515
0.00301389344212
0.0030113080551
0.00300881962546
0.00300641743269
0.00300409249373
0.00300183725443
0.0029996451812
0.00299751056167
0.00299542864915
0.00299339497835
0.00299140578014
0.00298945858939
0.00298695073319
0.00298445378759
0.00298206479833
0.00297976551767
0.00297754208826
0.00297538363818
0.00297328139978
0.00297122812159
0.00296921765497
0.00296724474963
0.00296530466759
0.0029633931825
0.00296150644512
0.00295964087704
0.00295779309419
0.00295595984904
0.00295413798165
0.00295232437191
0.00295051589622
0.002948709378
0.00294690155597
0.00294508904152
0.00294326826597
0.00294143544653
0.00293958652348
0.00293771710588
0.00293582240549
0.0029338971686
0.00293193581689
0.00292993164506
0.00292787742563
0.0029257650503
0.0029235853914
0.00292132816075
0.00291898170474
0.00291653290334
0.00291396699601
0.00291126748788
0.00290841613654
0.0029053968999
0.00290218574552
0.00289876047329
0.00289510061727
0.00289118878054
0.00288701360425
0.00288257355049
0.00287788107773
0.00287296635349
0.00286787904018
0.00286268777875
0.00285747253154
0.00285231740251
0.0028473016197
0.00284249008533
0.00283792891061
0.00283364462067
0.00283023076827
0.00282719369447
0.00282410492912
0.00282113197436
0.00281827172815
0.00281552049831
0.0028128740802
0.00281032793557
0.00280787730895
0.0028055173261
0.00280324308945
0.00280104971741
0.00279893242074
0.00279688653033
0.00279490753689
0.00279299108721
0.00279113300277
0.00278932927229
0.00278757608847
0.00278586996036
0.00278418586156
0.00278250066285
0.0027808529188
0.00277923949312
0.00277765744696
0.00277610402024
0.00277457660531
0.00277307273722
0.00277159008822
0.0027701264425
0.00276867970074
0.00276724787123
0.00276582906387
0.00276442149744
0.00276302349207
0.00276163333761
0.00276024947088
0.00275887087543
0.00275749740581
0.00275612596037
0.0027547552407
0.0027533840097
0.00275201112191
0.00275063544025
0.00274925587098
0.00274787141156
0.0027464811121
0.00274508408507
0.00274367950906
0.00274226730295
0.0027408474986
0.00273941807851
0.00273797850949
0.00273652833925
0.00273506719322
0.00273356238557
0.00273203879141
0.00273050220837
0.00272895271369
0.0027273905352
0.0027258153649
0.00272422732801
0.00272262674278
0.00272101436295
0.00271939045503
0.00271775566622
0.00271611066686
0.00271445633992
0.00271279350751
0.00271112312343
0.00270944619451
0.0027077637834
0.00270607695979
0.0027043867828
0.00270269432923
0.00269995882323
0.00269663666959
0.00269337097839
0.00269014087484
0.00268693102142
0.00268372935884
0.00268052617081
0.00267731338837
0.00267408320769
0.00267082950195
0.00266754731827
0.00266423118168
0.002660875766
0.00265747580987
0.00265402609862
0.00265052149746
0.00264695716239
0.002643328231
0.00263963040128
0.00263586002086
0.00263201429799
0.00262809188774
0.00262409229431
0.00262001687448
0.00261586893054
0.0026116537822
0.00260737909788
0.00260305436005
0.0025986903105
0.00259430015013
0.00258989794462
0.00258549615485
0.0025811084395
0.00257674777232
0.00257242598606
0.00256815347224
0.00256393898626
0.00255978959382
0.00255571070991
0.0025517062467
0.00254777871793
0.00254392948894
0.00254015899441
0.00253646691208
0.00253285232718
0.00252931390045
0.00252584998628
0.00252245874082
0.00251913817554
0.00251588625017
0.00251270090865
0.00250958011371
0.00250652193814
0.00250352438996
0.00250058561515
0.00249770382849
0.00249487731028
0.00249210443263
0.00248938364542
0.00248671347353
0.00248409251345
0.0024815194292
0.00247899295018
0.002476511861
0.00247407500295
0.00247168126717
0.00246932959247
0.00246701896132
0.0024647483965
0.00246251695809
0.00246032374078
0.00245816787139
0.00245604908592
0.00245396621042
0.00245191822901
0.0024499043442
0.00244792381651
0.00244597592754
0.00244405997557
0.00244217528137
0.0024403211847
0.00243849704182
0.00243670222619
0.00243493613117
0.0024331981646
0.00243148773913
0.00242980429582
0.0024281472924
0.00242651617542
0.00242491042151
0.00242332950945
0.00242177293697
0.00242024026059
0.00241873098231
0.00241724460195
0.00241578066223
0.0024143387149
0.0024129183515
0.00241151911869
0.00241014059629
0.00240878237576
0.00240744405746
0.00240612524995
0.00240482557151
0.00240354465059
0.00240228212152
0.00240103762452
0.00239981081442
0.0023986013456
0.00239740888342
0.00239623309996
0.00239507376511
0.00239393053241
0.00239280303942
0.00239169098559
0.00239059408131
0.00238951203773
0.0023884449657
0.00238739240194
0.00238635387698
0.0023853291274
0.00238431789683
0.00238331993074
0.0023823350743
0.0023813630502
0.00238040356814
0.00237945639415
0.00237852130106
0.0023775980675
0.002376686476
0.00237578631363
0.00237489737227
0.00237401944816
0.00237315234187
0.00237229585841
0.00237144980758
0.00237061400199
0.00236978825781
0.00236897239528
0.00236816623869
0.00236736961621
0.00236658235945
0.00236580430331
0.00236503528596
0.00236427514916
0.00236352374362
0.00236278091297
0.00236204650714
0.00236132038078
0.00236060239201
0.00235989240305
0.00235919027464
0.0023584958718
0.00235780906417
0.00235712972293
0.00235645772283
0.00235579416849
0.00235513844856
0.00235448965947
0.00235384753928
0.00235321217358
0.00235258344969
0.00235196125713
0.00235134548775
0.00235073603687
0.00235013088223
0.0023495292105
0.00234893365927
0.00234834411967
0.00234776048186
0.00234718263248
0.00234661049635
0.00234604397974
0.00234548299108
0.00234492744226
0.00234437724548
0.00234383231474
0.00234329256562
0.0023427579162
0.00234222828527
0.00234170359325
0.00234118376248
0.00234066871678
0.00234015838143
0.00233965268326
0.00233915155155
0.00233865491516
0.00233816270464
0.00233767485132
0.00233719128991
0.00233671195411
0.00233623684899
0.00233576626045
0.00233529970593
0.00233483712442
0.00233437845605
0.00233392364207
0.00233347262478
0.00233302534898
0.00233258175884
0.00233214179869
0.00233170541542
0.00233127272264
0.00233084353655
0.00233041776615
0.00232999536154
0.00232957627375
0.00232916045459
0.00232874785673
0.00232833843475
0.00232793214283
0.00232752893553
0.00232712876826
0.0023267315976
0.00232633738101
0.0023259460765
0.00232555764259
0.00232517203872
0.00232478922499
0.00232440916215
0.00232403181161
0.0023236571354
0.00232328509978
0.00232291566787
0.00232254880006
0.00232218446108
0.0023218226158
0.00232146322964
0.00232110626874
0.00232075169984
0.00232039949004
0.00232004960719
0.00231970201956
0.00231935669569
0.00231901360478
0.0023186727165
0.00231833400116
0.00231799742927
0.00231766297182
0.0023173306003
0.00231700028664
0.00231667200324
0.00231634572291
0.00231602141871
0.00231569906422
0.00231537863339
0.0023150601006
0.00231474344052
0.00231442862829
0.00231411564572
0.00231380447097
0.00231349507124
0.00231318742301
0.00231288150321
0.00231257728951
0.00231227475877
0.00231197388882
0.00231167465846
0.00231137704593
0.00231108102955
0.00231078658815
0.00231049370093
0.00231020234745
0.00230991250755
0.00230962416189
0.00230933729099
0.00230905187477
0.00230876789413
0.00230848533031
0.00230820416473
0.00230792437904
0.00230764595499
0.00230736887461
0.00230709312016
0.00230681867418
0.00230654551944
0.00230627363889
0.00230600301574
0.00230573363367
0.00230546547608
0.00230519852667
0.00230493276941
0.0023046681885
0.00230440476838
0.00230414249352
0.00230388134862
0.00230362131869
0.00230336238925
0.00230310454502
0.00230284777155
0.00230259205438
0.00230233739302
0.00230208377913
0.00230183117863
0.00230157957772
0.00230132896276
0.00230107932026
0.00230083063687
0.00230058289937
0.00230033609468
0.00230009020989
0.00229984523229
0.00229960114937
0.00229935794831
0.00229911561667
0.00229887414216
0.0022986335126
0.00229839378177
0.00229815499994
0.00229791702334
0.00229767984018
0.00229744343882
0.00229720780769
0.00229697293537
0.00229673881054
0.00229650542194
0.00229627275845
0.00229604080903
0.00229580956274
0.00229557900873
0.00229534913626
0.00229511993467
0.00229489139365
0.0022946635024
0.00229443625047
0.00229420962751
0.00229398362326
0.00229375822754
0.00229353343023
0.0022933092213
0.00229308559077
0.00229286252876
0.00229264002543
0.00229241807104
0.00229219665588
0.00229197577031
0.00229175540475
0.0022915355497
0.00229131619573
0.00229109733392
0.00229087895447
0.00229066104805
0.00229044360542
0.00229022661741
0.00229001007487
0.00228979396873
0.00228957829002
0.00228936302971
0.00228914818574
0.00228893374263
0.00228871969072
0.00228850602121
0.00228829272529
0.00228807979424
0.00228786721933
0.00228765499189
0.00228744310328
0.0022872315449
0.00228702030817
0.00228680938454
0.0022865987655
0.00228638844259
0.00228617840733
0.00228596865128
0.00228575916603
0.0022855499432
0.00228534097442
0.00228513225135
0.00228492376568
0.0022847155091
0.00228450747335
0.00228429965014
0.00228409203124
0.00228388460842
0.00228367737346
0.00228347031815
0.00228326343432
0.00228305671377
0.00228285014835
0.00228264372989
0.00228243745025
0.00228223130129
0.00228202527487
0.00228181936286
0.00228161355716
0.00228140784963
0.00228120223216
0.00228099669665
0.002280791235
0.00228058583908
0.00228038050079
0.00228017521203
0.00227996996469
0.00227976475066
0.00227955956182
0.00227935439006
0.00227914922726
0.0022789440653
0.00227873889605
0.00227853371137
0.00227832850311
0.00227812326315
0.00227791798333
0.00227771265548
0.00227750727142
0.00227730182295
0.00227709630189
0.00227689070004
0.00227668500921
0.00227647922124
0.00227627332778
0.00227606732058
0.00227586119491
0.00227565494426
0.00227544855563
0.00227524202072
0.0022750353312
0.00227482847876
0.00227462145504
0.00227441425168
0.0022742068603
0.00227399927252
0.00227379147991
0.00227358347405
0.00227337524651
0.00227316678883
0.00227295809253
0.00227274914912
0.00227253995009
0.00227233048698
0.00227212075121
0.00227191073422
0.00227170042742
0.00227148982223
0.00227127891006
0.00227106768259
0.00227085613101
0.00227064424658
0.00227043202062
0.00227021944446
0.00227000650943
0.00226979320681
0.00226957952789
0.00226936546396
0.00226915100629
0.00226893614612
0.00226872087472
0.00226850518331
0.00226828908877
0.00226807272901
0.00226785593117
0.00226763868653
0.00226742098635
0.00226720282193
0.00226698418455
0.0022667650655
0.00226654545612
0.00226632534805
0.0022661047323
0.00226588360013
0.00226566194285
0.00226543975207
