0.0468544793339
0.0468400664156
0.0468154192865
0.0467719145556
0.0467208872391
0.0466761371726
0.0465857353385
0.0464256034036
0.0463310487198
0.0462754063642
0.0462442367753
0.0461653392665
0.0458848174683
0.0455640874681
0.045251081427
0.0447233775999
0.043481965142
0.0419256033822
0.0407929037273
0.0395415827635
0.0386266266581
0.0370243853319
0.0362757005485
0.0357737276581
0.03451146771
0.0329010817694
0.031346370548
0.0302383910077
0.0294631560263
0.0289140876453
0.0284454778113
0.0280484077416
0.027705728965
0.0274008856623
0.0272048892886
0.0270645652153
0.0268783897961
0.0266090499742
0.0263763961078
0.0260330640117
0.0254893027362
0.0249037764258
0.0242642295334
0.0238213548243
0.0235686366351
0.0232147900829
0.0228701219872
0.0226072282802
0.0223100106206
0.0221071604675
0.0218602534805
0.0213896974992
0.020598420739
0.0202316811377
0.0197017702827
0.0186377275253
0.0176916080165
0.0158327096954
0.0149159112819
0.0140019897393
0.0132911142922
0.0122830335525
0.0112790269968
0.0109649905702
0.0106932440886
0.0105728149076
0.0103988664308
0.0100803856425
0.00993715307801
0.00981949037772
0.00967213745087
0.00948484985332
0.00921351234141
0.00887702545612
0.00862061578214
0.00847022626316
0.00836291066595
0.00825826210441
0.00817085960882
0.008079367744
0.00799187653573
0.00791563666898
0.00786503974342
0.00781551622641
0.00776020334542
0.00770010322658
0.00764026490169
0.00755752576622
0.00747447854763
0.0073926322912
0.00731505687746
0.00724038025616
0.00715967314406
0.00706145585538
0.00694199238716
0.00679430699929
0.00661410636401
0.0063905329874
0.00616125492983
0.00597403283591
0.00586304032342
0.00579559737043
0.00574561557612
0.00570278109743
0.00566154445502
0.00561810508688
0.00557091926872
0.00551948220275
0.00546416032383
0.00540760994611
0.0053518455076
0.00530320706571
0.00526186091631
0.00522680353669
0.00519672007372
0.00516971674957
0.00514589048687
0.00512533949908
0.00510477496779
0.00508335973065
0.00506048058067
0.00503474736967
0.0050040786438
0.0049633497458
0.00490758510984
0.00483044927995
0.00473651859087
0.00464314861992
0.00456153027812
0.0044919710304
0.00442934950245
0.0043763662341
0.00433321813942
0.0042970917781
0.00426601787465
0.00424091680702
0.00422032624845
0.00420303104657
0.00418811288364
0.00417491745503
0.00416298345747
0.00415199605038
0.00414174964116
0.00413211810086
0.00412303233694
0.0041144612824
0.00410639570644
0.00409883374579
0.00409177081738
0.00408519370627
0.00407907885582
0.00407339375722
0.00406809995138
0.00406315633766
0.00405852183898
0.00405415770693
0.00405002833375
0.00404610177148
0.00404234972299
0.00403874725521
0.00403527236802
0.00403190551705
0.00402862908598
0.0040254263366
0.00402228275266
0.00401918394355
0.0040161156642
0.00401306348312
0.00401001237192
0.0040069475836
0.00400385056159
0.00400070148559
0.00399747813015
0.00399415548729
0.00399028610671
0.0039865242891
0.00398254040649
0.00397830027432
0.00397376204446
0.00396888846965
0.00396365720106
0.00395811171977
0.00395226039143
0.00394617348331
0.00393994779934
0.00393368550244
0.00392747067311
0.00392135593033
0.00391579437617
0.00391049975579
0.00390526422634
0.00390007314711
0.0038947837465
0.00388939071299
0.00388383311238
0.00387805107118
0.00387199022831
0.00386560587149
0.0038588646283
0.00385175077953
0.00384426803579
0.00383643949221
0.00382830334943
0.00381990695822
0.00381130094648
0.00380253599661
0.00379366312356
0.00378473648041
0.00377581629813
0.00376696913029
0.00375826380895
0.00374976376129
0.00374151860122
0.00373355869462
0.0037258936958
0.00371851549757
0.00371140287685
0.00370452667519
0.0036978583158
0.0036913686236
0.00368503149661
0.00367882318979
0.00367267365764
0.00366662663298
0.0036606758606
0.00365481885136
0.00364905573285
0.00364338831666
0.00363781910259
0.00363234952534
0.00362697945819
0.00362170643424
0.00361652458013
0.00361142630791
0.00360640063009
0.00360143403577
0.00359651102017
0.00359161467498
0.00358672722431
0.0035818309375
0.003576908666
0.00357194459722
0.00356692397223
0.00356183645029
0.00355667621247
0.00355144086222
0.00354613317924
0.00354076138827
0.00353533934243
0.00352988528543
0.00352442098276
0.0035189683292
0.00351355682335
0.00350821193505
0.00350295735764
0.00349781384768
0.00349279850733
0.00348792428423
0.0034832003026
0.00347863180887
0.00347409169574
0.00346966457136
0.00346539908763
0.0034612907992
0.00345734114075
0.00345343018559
0.0034488157154
0.00344432545536
0.00344027712179
0.003436798546
0.00343341830616
0.00343012705636
0.00342691780643
0.00342378215
0.00342071219651
0.00341770059588
0.00341474073601
0.00341182639497
0.00340895191499
0.00340611239709
0.00340329603085
0.00340050453238
0.00339773308055
0.00339497819221
0.00339218101799
0.00338935781295
0.00338653261998
0.0033837335399
0.00338096284581
0.00337818698999
0.00337543656729
0.00337272565758
0.00337006038036
0.00336742063853
0.00336482223786
0.00336228537663
0.00335981437491
0.00335742217918
0.00335512207795
0.00335289079269
0.00335064485451
0.00334843858157
0.00334631093456
0.0033442706773
0.00334231600095
0.00334044241602
0.00333864602219
0.00333692721517
0.00333528247323
0.00333371360438
0.00333221328232
0.00333077577569
0.00332939713219
0.00332807424072
0.00332680416739
0.00332558364775
0.00332434184433
0.00332311534919
0.00332194197007
0.00332081776311
0.00331973910253
0.00331870265098
0.00331770499909
0.00331674317644
0.00331581523899
0.00331491881723
0.00331405153498
0.00331321121734
0.003312396509
0.00331160573135
0.00331083388073
0.00331006252552
0.00330931383632
0.00330858629801
0.00330787853435
0.00330718929081
0.00330651742161
0.00330586187827
0.00330522459912
0.00330460263183
0.00330399392302
0.00330339693094
0.00330281212156
0.00330223885338
0.00330167547618
0.00330112222158
0.00330057904819
0.00330004547407
0.00329952105293
0.00329900536712
0.00329849803051
0.00329799868339
0.00329750699005
0.0032970226367
0.00329654532958
0.00329607479325
0.00329561076911
0.00329515301392
0.00329470129882
0.00329425540794
0.00329381513752
0.00329338029497
0.0032929395768
0.00329249983768
0.00329206501582
0.00329163492884
0.00329120942468
0.00329078835988
0.00329037159833
0.0032899590051
0.00328955044716
0.0032891458292
0.00328874503865
0.00328834796798
0.00328795451437
0.0032875645794
0.00328717806876
0.00328679489203
0.00328641496241
0.00328603819652
0.00328566451422
0.00328529383843
0.00328492609492
0.00328456121221
0.00328419912139
0.00328383975602
0.00328348305197
0.00328312894733
0.00328277738229
0.00328242828244
0.00328208160218
0.00328173729118
0.00328139529727
0.00328099728693
0.00328059733881
0.00328020105139
0.00327980786243
0.00327941767286
0.00327903040536
0.0032786459891
0.00327826435816
0.00327788545074
0.00327750920847
0.00327713557593
0.00327676450027
0.00327639593091
0.00327602981929
0.00327566611869
0.00327530478408
0.00327494577199
0.00327458904038
0.00327423454861
0.00327388225733
0.00327352115814
0.00327315959378
0.00327279986388
0.00327244191289
0.00327208569667
0.00327173117293
0.00327137830072
0.00327102704032
0.00327067735307
0.00327032920137
0.00326998254852
0.00326963735874
0.00326929359706
0.00326895122932
0.0032686102221
0.00326827054273
0.00326793215921
0.00326759504021
0.00326725915506
0.00326692447368
0.00326659096663
0.00326625860501
0.0032659273605
0.00326559720532
0.0032652681122
0.0032649400544
0.00326461300564
0.00326428694014
0.00326396183258
0.00326363765805
0.00326331439212
0.00326299201075
0.00326267049031
0.00326234980755
0.00326202993962
0.003261710864
0.00326139255856
0.00326107500148
0.00326075817128
0.00326044204681
0.00326012658792
0.00325981178528
0.00325949756351
0.00325918353625
0.00325887009779
0.00325855724392
0.00325824495513
0.00325793321228
0.00325762196436
0.00325731109441
0.0032570007102
0.0032566907934
0.00325638132586
0.00325607228965
0.00325576366702
0.00325545544035
0.00325514759222
0.00325484010534
0.00325453296254
0.00325422614644
0.00325391964051
0.00325361342793
0.00325330749206
0.00325300181625
0.00325269638397
0.00325239117877
0.00325208618429
0.0032517813842
0.00325147676223
0.00325117230215
0.00325086798777
0.00325056380294
0.00325025973146
0.0032499557572
0.00324965186407
0.00324934803591
0.00324904425657
0.00324874050988
0.00324843677963
0.00324813304957
0.0032478293034
0.00324752552476
0.00324722169725
0.00324691780436
0.00324661382954
0.00324630975607
0.00324600556721
0.00324570084867
0.00324539261735
0.0032450842816
0.00324477581422
0.0032444671919
0.0032441583925
0.00324384939461
0.00324354017702
0.00324323071832
0.00324292099972
0.00324261100122
0.00324230070289
0.00324199008481
0.00324167912702
0.00324136780511
0.00324105610037
0.00324074399518
0.00324043146898
0.00324011850096
0.00323980507005
0.00323949115487
0.0032391767338
0.0032388617808
0.00323854627388
0.00323823019403
0.00323791351789
0.00323759619962
0.00323727821927
0.00323695957197
0.00323664023286
0.00323632017555
0.00323599937516
0.00323567780544
0.00323535543949
0.00323503224984
0.00323470820844
0.00323438328659
0.00323405745499
0.00323373068363
0.00323340294182
0.00323307419816
0.00323274442049
0.00323241357588
0.00323208163056
0.00323174854997
0.00323141429788
0.00323107879858
0.00323074205553
0.00323040458475
0.00323006636676
0.00322972684144
0.00322938595896
0.00322904367352
0.00322869993551
0.00322835470053
0.00322800792254
0.00322765950698
0.00322730944521
0.00322695768983
0.00322660418762
0.00322624888572
0.00322589173121
0.00322553266825
0.00322517163949
0.00322480858598
0.00322444095456
0.00322406203443
0.00322368126921
0.00322329854481
0.0032229137657
0.00322252684164
0.00322213768465
0.00322174620827
0.00322135232725
0.00322095595677
0.00322055701149
0.00322015540538
0.00321975105132
0.00321934386098
0.00321893374453
0.00321852061037
0.003218104365
0.00321768491296
0.0032172621567
0.00321683599647
0.00321640633034
0.00321597305443
0.00321553606131
0.00321509524273
0.00321465048756
0.00321420168245
0.00321374869452
0.00321329142109
0.00321282974399
0.00321236354167
0.00321189269059
0.00321141706594
0.00321093654255
0.00321045096791
0.00320996022433
0.00320946419871
0.00320896276251
0.00320845578764
0.00320794314715
0.00320742471558
0.00320690037005
0.00320636998981
0.00320583345797
0.00320529066312
0.00320474149941
0.00320418586785
0.00320362367756
0.00320305484716
0.00320247930617
0.00320189699666
0.00320130787488
0.00320071191313
0.00320010910126
0.0031994994491
0.00319888298831
0.00319825977456
0.00319762988969
0.00319699344038
0.00319635056411
0.00319570144008
0.00319504627573
0.00319438531364
0.00319371883359
0.00319304715387
0.003192370632
0.00319168966477
0.00319100468819
0.00319031617649
0.00318962464069
0.00318893062632
0.00318823471048
0.00318753749797
0.00318683963427
0.00318614175475
0.00318544451006
0.00318474856483
0.00318405458191
0.00318336321248
0.00318267509524
0.003181990849
0.00318131105639
0.00318063626784
0.00317996699554
0.00317930370106
0.00317864679576
0.00317799663734
0.00317735352789
0.00317671771333
0.0031760893859
0.0031754692447
0.00317485717857
0.00317425270355
0.00317365581484
0.00317306646973
0.00317248458973
0.00317190723722
0.00317133581545
0.00317077174424
0.00317021487821
0.00316966503224
0.00316912200209
0.00316858557826
0.00316805554843
0.003167531708
0.00316701385207
0.0031665017818
0.00316599530583
0.00316549424149
0.00316499841379
0.00316450765899
0.0031640218223
0.00316354075937
0.00316306433538
0.00316259242493
0.00316212491119
0.00316166168556
0.00316120264789
0.00316074770598
0.00316029677417
0.00315984977176
0.00315940662507
0.00315896756918
0.00315853256023
0.00315810124692
0.00315767356429
0.00315724945129
0.00315682885143
0.00315641171166
0.00315599798166
0.00315558761339
0.00315518061271
0.00315477691651
0.00315437645016
0.00315397542678
0.00315356386696
0.00315315619109
0.0031527523176
0.00315235219384
0.00315195574009
0.00315156290164
0.0031511736093
0.0031507877363
0.00315040531978
0.00315002630868
0.00314965065277
0.00314927830197
0.00314890919284
0.0031485432883
0.00314818054263
0.00314782091291
0.0031474643503
0.00314711080139
0.00314676021821
0.00314641255294
0.00314606775794
0.00314572578578
0.00314538658918
0.00314505012106
0.00314471633455
0.00314438518304
0.00314405662005
0.00314373060671
0.00314340709596
0.00314308603924
0.00314276738767
0.00314245109666
0.00314213712144
0.00314182541748
0.00314151345323
0.00314120172602
0.00314089239084
0.00314058539231
0.00314028067749
0.0031399781947
0.00313967789369
0.00313937973165
0.00313908365285
0.00313878960929
0.00313849755378
0.00313820744003
0.00313791922315
0.00313763285687
0.00313734800699
0.00313706483713
0.00313678340654
0.00313650367161
0.00313622558911
0.00313594911634
0.00313567421111
0.00313540083153
0.00313512893625
0.00313485848493
0.00313458943719
0.00313432175306
0.00313405539297
0.00313379031769
0.00313353195002
0.00313328098298
0.00313303022105
0.00313278242689
0.00313253378825
0.00313228721289
0.00313204163586
0.00313179486967
0.00313155163517
0.00313130656626
0.00313106297305
0.00313082144851
0.0031305778073
0.00313033574737
0.00313009556968
0.00312985385283
0.0031296122317
0.003129373123
0.0031291331494
0.00312889165953
0.00312865334591
0.00312841266271
0.00312817315652
0.00312793532879
0.00312769347987
0.00312745580962
0.0031272163915
0.00312697639514
0.00312673872547
0.00312649685832
0.00312625899014
0.00312601838435
0.0031257786948
0.00312553901391
0.00312529747726
0.00312505818466
0.00312481476098
0.00312457076772
0.00312432469351
0.00312407812041
0.00312383260053
0.00312358646826
0.00312333965895
0.00312308953019
0.00312284063358
0.00312259146967
0.00312234123335
0.00312208717338
0.00312183501886
0.00312158172185
0.00312132454782
0.00312106829275
0.00312081104449
0.00312054928621
0.00312028891251
0.00312002620174
0.00311975995469
0.00311949407501
0.00311922320901
0.00311895301597
0.00311867773305
0.00311840238779
0.00311812213337
0.00311784089143
0.00311755421904
0.0031172669749
0.00311697343695
0.00311667876368
0.00311637732958
0.00311607215684
0.00311576361843
0.00311544804484
0.00311512779353
0.00311480266104
0.00311446942434
0.00311412936085
0.00311378318986
0.00311342869279
0.00311306442415
0.00311269066529
0.00311230657621
0.00311191118377
0.00311150344201
0.0031110823094
0.00311064624178
0.00311019339962
0.00310972249176
0.00310923158526
0.00310871832895
0.00310818018474
0.00310761430613
0.00310701595724
0.00310638340423
0.00310571154384
0.00310499335647
0.00310422039306
0.00310338395176
0.00310248041692
0.00310149988344
0.00310043078273
0.00309925965882
0.00309797097933
0.00309654704506
0.00309496958963
0.00309321627221
0.00309126505188
0.00308909559877
0.00308669203036
0.00308404715041
0.00308116734636
0.00307807697827
0.00307482033779
0.0030714593139
0.00306806626182
0.0030647138196
0.00306146472255
0.00305836552295
0.00305544616345
0.00305271977467
0.00305019033615
0.00304784924439
0.00304568472268
0.00304368306047
0.00304183008718
0.00304011211759
0.00303851636463
0.00303703109086
0.0030356455953
0.00303435022911
0.00303313630238
0.00303199605327
0.00303092242137
0.00302935190939
0.00302780971056
0.0030263733881
0.00302502453139
0.00302375644565
0.00302256340434
0.00302143556157
0.0030203675933
0.00301935916454
0.00301839510843
0.00301748090494
0.00301660336734
0.0030157682267
0.00301496012757
0.00301418928873
0.00301344509339
0.00301272158925
0.00301202589149
0.00301135174978
0.00301053884
0.00300865515938
0.00300698870211
0.00300546659277
0.00300404712332
0.00300270101694
0.00300140834018
0.00300015669878
0.00299893728704
0.00299774359801
0.00299657198975
0.00299541968231
0.00299428443663
0.00299319137672
0.00299213914464
0.00299109800695
0.00299006680049
0.00298904476856
0.00298803099404
0.00298702418745
0.0029860243082
0.00298503199281
0.00298404804618
0.00298305832491
0.00298125903946
0.00297964757726
0.0029780959795
0.00297658131216
0.00297509515703
0.00297363351755
0.00297218870038
0.00297074214846
0.00296931109888
0.00296789449732
0.00296649091047
0.00296509976549
0.0029637199653
0.00296235050324
0.00296099060643
0.00295963849953
0.0029582943428
0.00295695750337
0.00295562749161
0.00295314081746
0.0029501281643
0.00294733033691
0.00294466541914
0.00294209813616
0.00293961056457
0.00293719111832
0.00293483252527
0.00293252810217
0.00293027332712
0.00292805997811
0.00292590556395
0.00292380122857
0.00292174337094
0.00291974324028
0.00291779004269
0.0029159278021
0.00291413974425
0.00291238607271
0.002910666594
0.00290897875788
0.00290732957525
0.0029057115687
0.00290412371945
0.00290256786857
0.00290104362672
0.00289955031977
0.00289808912693
0.00289666059857
0.00289526083965
0.00289389089715
0.002892550502
0.00289124015924
0.00288996045125
0.00288871164877
0.00288746389196
0.00288623380975
0.00288503845414
0.00288387125575
0.00288273637289
0.00288163294852
0.00288055622898
0.00287951078997
0.00287849183922
0.00287749911776
