0.0424744239759
0.0405952136671
0.0393694461657
0.036842368616
0.0349542455535
0.0316226054075
0.0285641894716
0.0251808184508
0.0207592374847
0.0196763026849
0.0194950126306
0.0194212169287
0.0193595101905
0.0192900435344
0.0192102737657
0.0191125361243
0.0189949581745
0.0188513112176
0.0186884683632
0.0185172612364
0.0183203306948
0.0180922181826
0.0178373264025
0.0175973364295
0.017429200808
0.017304790461
0.0172020770345
0.0171079044995
0.0170121627209
0.0168940030189
0.0167124673476
0.0165333527542
0.0164312759414
0.0163596857746
0.0162928977678
0.0162045388067
0.0160006951522
0.015755424981
0.0156411200816
0.0155660959466
0.0154765915817
0.0153401521016
0.0151582303037
0.014939832594
0.0147431788795
0.0146160868168
0.0145324945699
0.0144712182844
0.0144218579163
0.0143793449727
0.0143410018195
0.0143052412433
0.0142710285554
0.0142376724702
0.0142047347941
0.0141719606423
0.0141392072431
0.0141064031738
0.0140735722994
0.0140408977682
0.0140087277416
0.0139774436151
0.0139472764921
0.013918174312
0.0138898192507
0.0138617452068
0.0138333339474
0.0138037877745
0.0137720498294
0.0137366951939
0.0136959142858
0.0136478629485
0.0135917682783
0.0135318401758
0.0134740725307
0.0134186348955
0.0133675561009
0.0133210687517
0.013278385725
0.0132383035636
0.0131994661442
0.0131604414917
0.0131198049695
0.0130765265216
0.0130305889664
0.0129836422113
0.0129381560105
0.0128960372461
0.0128605164047
0.0128270945421
0.012795574149
0.0127656194752
0.0127368535962
0.0127089067836
0.012681464776
0.0126543173289
0.0126274049113
0.0126008411609
0.0125748811471
0.0125498339208
0.0125259634881
0.0125034295243
0.0124823620306
0.0124664474605
0.0124517302099
0.0124376806623
0.0124242418798
0.0124113485033
0.0123989272461
0.0123868971745
0.0123751695407
0.0123636470541
0.0123522225893
0.0123407773866
0.0123291790147
0.0123172986989
0.0123049805132
0.0122920205328
0.0122782311045
0.0122634201327
0.012247398811
0.0122299885178
0.0122110253843
0.012190363197
0.0121678730543
0.0121434232963
0.0121167840528
0.0120874115369
0.0120541083099
0.0120157014059
0.0119716858216
0.0119262884048
0.0118858610884
0.011851789458
0.0118223755669
0.0117957176506
0.0117702366759
0.0117445680795
0.0117174138177
0.0116874271007
0.0116531461309
0.0116129955186
0.0115653265735
0.011508312136
0.01143984971
0.0113582677132
0.011253855498
0.0111222924386
0.0109379821307
0.01076026803
0.0106359587297
0.0105431757705
0.0104619736485
0.010381658429
0.0102957488507
0.0102003807963
0.0100966754783
0.00999308221195
0.00989838100811
0.00981253815678
0.00973474159538
0.00966384655712
0.0095985934713
0.00953752567113
0.00947902974915
0.009421333427
0.00936247834104
0.00930073561884
0.00923302670638
0.00915684966795
0.00907116514418
0.00897963378459
0.0088919424198
0.00881392008661
0.00874001408785
0.00866937278376
0.00860013921635
0.00852952117709
0.00845363940134
0.00836733808683
0.00826574526336
0.00815393921656
0.00804900202324
0.00795503503051
0.00786621295637
0.00777861111991
0.00769241091916
0.0076104670698
0.00753509875697
0.00746676383087
0.0074047759614
0.00734782532918
0.00729448900059
0.00724362777648
0.00719437771684
0.00714599736451
0.0070976692346
0.0070483484984
0.00699705583775
0.00694346773475
0.00688879596416
0.00683594629197
0.00678806467294
0.00674682767719
0.0067122088901
0.00668312872455
0.00665824743375
0.00663626767971
0.00661597498131
0.00659652390249
0.00657697454248
0.00655630947691
0.00653314583141
0.00650550610308
0.00647107111879
0.00642627107143
0.0063663845839
0.00628625369566
0.00618348447546
0.00605941248598
0.00593489183886
0.00582550441329
0.00573507810465
0.00566102562507
0.00559924140536
0.0055458087955
0.00549664512939
0.00544851164228
0.00540085829661
0.00535280967067
0.00530578269676
0.0052622054002
0.0052223324856
0.00518536228019
0.0051499994797
0.00511508949071
0.00508000372558
0.0050443820123
0.00500832987532
0.00497196457235
0.00493698986678
0.00490401403483
0.00487380089984
0.00484631929031
0.00482159690391
0.00479928020116
0.00477915554909
0.00476113938447
0.00474494721325
0.00473040412733
0.00471722460294
0.00470525462968
0.00469439422125
0.00468460197853
0.00467552112559
0.00466705045267
0.00465909778028
0.00465158098769
0.00464442847637
0.00463758082247
0.00463097743645
0.00462456623742
0.00461826567602
0.00461201809921
0.00460577004708
0.00459946680968
0.00459305191165
0.00458646645422
0.00457964893808
0.00457253584157
0.00456506330086
0.00455717053618
0.00454868128138
0.0045395562029
0.00453000435396
0.00452008263136
0.00450980650547
0.00449931146605
0.00448877232911
0.00447838022438
0.00446831519411
0.0044587228245
0.00444970118861
0.00444129934339
0.00443352495901
0.00442635440657
0.00441974417356
0.00441364121907
0.00440798947223
0.00440273435346
0.00439782540072
0.0043932192616
0.00438887769399
0.00438477023003
0.00438086450732
0.00437714082727
0.0043735748005
0.00437013908896
0.00436681797725
0.00436359778999
0.0043604661583
0.00435741324459
0.00435443067823
0.00435151144096
0.00434865040749
0.0043458420213
0.00434308232786
0.00434036865701
0.00433769794509
0.00433562796837
0.0043337481534
0.00433188774187
0.00433004677363
0.00432822457377
0.00432641927025
0.00432462960868
0.00432281895091
0.00432102152197
0.00431924346715
0.00431748214391
0.00431574552851
0.00431403155716
0.00431233198603
0.00431064651273
0.00430898669913
0.00430736054936
0.00430574564538
0.00430414187537
0.00430254941522
0.00430096796146
0.00429939735072
0.00429783752514
0.00429628832528
0.00429474969863
0.00429322159416
0.00429170398501
0.00429019682495
0.00428870005678
0.00428721370056
0.00428573770216
0.0042842719223
0.00428281629564
0.00428137076385
0.00427993526882
0.00427850973773
0.00427709411663
0.00427568831793
0.0042742922595
0.00427290587549
0.00427152905117
0.00427016186246
0.00426880402934
0.00426745555703
0.00426611779134
0.00426478966201
0.00426347047266
0.00426216008942
0.00426085838471
0.00425956518782
0.00425828036596
0.00425700377074
0.00425573526375
0.00425447482062
0.0042532222468
0.0042519773484
0.00425073999157
0.00424951003459
0.00424828733703
0.00424707176545
0.0042458632493
0.00424466159887
0.00424346668783
0.00424227835367
0.00424109645025
0.00423992083921
0.00423875138023
0.00423758793672
0.00423643039683
0.00423527918498
0.00423413358833
0.00423299346289
0.00423185867614
0.00423072916265
0.00422960473364
0.00422848525755
0.0042273706096
0.0042262606641
0.00422515529844
0.00422405439221
0.00422295783153
0.00422186552941
0.00422077736776
0.00421969327304
0.00421861308183
0.00421753677885
0.00421646437393
0.0042153955096
0.00421433006353
0.00421326792927
0.00421220900224
0.00421115318403
0.0042101003704
0.00420905062807
0.00420800383048
0.00420695972798
0.00420591822382
0.00420487922372
0.00420384263278
0.00420280836068
0.00420177635171
0.00420074658397
0.0041997188585
0.00419869308734
0.00419766919767
0.00419664711011
0.0041956267197
0.00419460794329
0.00419359070325
0.00419257491536
0.00419156050461
0.00419054739268
0.00418953549379
0.00418852473005
0.00418751502512
0.00418650630999
0.00418549850323
0.00418449153102
0.00418348532093
0.00418247980614
0.00418147491162
0.00418047056773
0.00417946670611
0.00417846326236
0.00417746015742
0.00417645732346
0.0041754546939
0.00417445220286
0.00417344978308
0.00417244736969
0.00417144489816
0.00417044230279
0.00416943951976
0.00416843648637
0.00416743313928
0.00416642941625
0.00416542525535
0.00416442059514
0.00416341537464
0.00416240953333
0.004161403011
0.00416039574792
0.00415938768467
0.00415837876215
0.00415736892224
0.00415635810621
0.00415534625561
0.00415433331259
0.00415331921992
0.00415230392009
0.00415128735706
0.004150269473
0.00414925021107
0.00414822951478
0.00414720732782
0.00414618359405
0.00414515825937
0.00414413127985
0.00414310258841
0.00414207213144
0.00414103984895
0.00414000568507
0.00413896958429
0.00413793149113
0.00413689135012
0.00413584916821
0.00413480486161
0.0041337583403
0.00413270954882
0.00413165843082
0.00413060493032
0.00412954899125
0.00412849055743
0.00412742957309
0.00412636598244
0.0041252997277
0.00412423075187
0.00412315899788
0.00412208440851
0.00412100692628
0.00411992649365
0.0041188430527
0.00411775655232
0.00411666693673
0.00411557413666
0.00411447809298
0.00411337874627
0.00411227603677
0.00411116990449
0.00411006028912
0.00410894713009
0.00410783037091
0.00410670995442
0.00410558581123
0.00410445787973
0.00410332610816
0.00410219043625
0.00410105078938
0.0040999071052
0.0040987593213
0.00409760737527
0.00409645120465
0.004095290747
0.00409412594006
0.00409295672184
0.00409178303062
0.00409060480518
0.00408942198434
0.00408823450758
0.00408704231514
0.00408584534964
0.00408464355454
0.00408343686955
0.00408222523882
0.00408100860783
0.00407978692359
0.0040785601348
0.00407732819391
0.00407609105867
0.0040748486769
0.00407360100609
0.00407234800645
0.00407108964124
0.00406982587694
0.00406855668419
0.00406728203649
0.0040660019115
0.00406471629162
0.0040634251645
0.00406212852235
0.00406082636166
0.0040595186853
0.00405820550224
0.00405688682789
0.00405556268404
0.00405423309949
0.00405289811032
0.0040515577602
0.00405021210075
0.00404886119187
0.00404750510166
0.0040461439067
0.00404477769263
0.00404340655426
0.00404203059588
0.00404064993119
0.00403926468301
0.00403787498409
0.00403648097687
0.00403508281344
0.00403368065552
0.00403227467441
0.00403086505068
0.00402945197411
0.00402803564343
0.00402661626603
0.00402519405757
0.00402376924161
0.00402234204917
0.00402091271821
0.0040194814934
0.00401804862493
0.00401661436802
0.00401517898262
0.0040137427326
0.004012305885
0.00401086870933
0.00400943147685
0.00400799445975
0.00400655792998
0.00400512215936
0.00400368741821
0.00400225397467
0.00400082209418
0.00399939203867
0.00399796406599
0.00399653842918
0.0039951153759
0.00399369514789
0.00399227798043
0.00399086410193
0.00398945373348
0.00398804708841
0.00398664437222
0.00398524578172
0.00398385150544
0.00398246172409
0.00398107661135
0.00397969632615
0.00397832102171
0.00397695084235
0.00397558592367
0.00397422639202
0.00397287236518
0.00397152395239
0.00397018125429
0.00396884436342
0.00396751336419
0.00396618833306
0.0039648693391
0.00396355644363
0.00396224970107
0.00396094915899
0.00395965485839
0.00395836683393
0.00395708511428
0.00395580972244
0.0039545406757
0.00395327798617
0.00395202166103
0.00395077170284
0.00394952714673
0.00394828684264
0.00394705299598
0.00394582558496
0.00394460458726
0.00394338997842
0.00394218173155
0.00394097981735
0.00393978420417
0.0039385948585
0.00393741174453
0.00393623482358
0.00393506405555
0.00393389939874
0.00393274080953
0.00393158824221
0.00393044164988
0.00392930098481
0.00392816619714
0.00392703723541
0.00392591404748
0.00392479658025
0.00392368477921
0.00392257858912
0.00392147795384
0.00392038282122
0.00391929314662
0.00391820885472
0.00391712988916
0.00391605619322
0.00391498770097
0.00391392435156
0.00391286608354
0.00391181283491
0.00391076454377
0.00390972114829
0.00390868258398
0.00390764878725
0.00390661969419
0.0039055952407
0.00390457536274
0.00390356000081
0.00390254911398
0.00390154260878
0.00390054042645
0.00389954249814
0.00389854875169
0.00389755912024
0.0038965735444
0.00389559196318
0.00389461429511
0.00389364048095
0.00389267044752
0.00389170413703
0.00389074147839
0.00388978239371
0.0038888268634
0.00388787479016
0.00388692607995
0.00388598066233
0.00388503847004
0.00388409942867
0.00388316346704
0.00388223051578
0.0038813005006
0.00388037334932
0.00387944899198
0.00387852735437
0.00387760852356
0.00387669232114
0.00387577861686
0.00387486733655
0.00387395840402
0.00387305174795
0.00387214731638
0.00387124501712
0.00387034476156
0.00386944647262
0.00386855007324
0.00386765548662
0.00386676263419
0.00386587143681
0.0038649818158
0.00386409369207
0.00386320698611
0.00386232166035
0.00386143760157
0.0038605547216
0.00385967295256
0.00385879223898
0.00385791247314
0.00385703365662
0.00385615561336
0.00385527826425
0.00385440152407
0.003853525316
0.0038526495597
0.00385177418059
0.00385089910113
0.00385002427967
0.00384914957926
0.00384827491993
0.0038474002216
0.00384652541524
0.00384565041764
0.00384477514681
0.00384389952539
0.00384302347734
0.00384214698328
0.00384126994857
0.0038403922781
0.00383949990928
0.00383857774907
0.00383765589776
0.00383673405844
0.00383581199795
0.00383488951558
0.0038339664401
0.00383304262779
0.00383211793262
0.00383119224099
0.00383026544076
0.00382933743407
0.00382840814049
0.00382747748464
0.00382654540498
0.0038256118625
0.00382467679658
0.0038237401734
0.00382280197421
0.00382186226762
0.00382092094405
0.00381997800242
0.00381903345932
0.00381808732185
0.00381713960525
0.00381619034148
0.0038152395745
0.00381428734783
0.00381333371811
0.00381237875973
0.00381142255638
0.00381046516873
0.00380950673487
0.00380854730861
0.00380758701029
0.00380662594563
0.00380566422763
0.00380470198203
0.00380373934517
0.00380277645754
0.00380181346515
0.00380085052873
0.0037998877989
0.00379892543724
0.00379796369231
0.00379700270248
0.00379604260244
0.00379508356043
0.00379412574812
0.00379316934271
0.00379221452204
0.00379126146546
0.00379031035169
0.003789361363
0.00378841469472
0.00378747050471
0.0037865289689
0.00378559024501
0.00378465455074
0.00378372202709
0.00378279279069
0.00378186699273
0.00378094478021
0.00378002629187
0.00377911166008
0.0037782010148
0.00377729448639
0.00377639218726
0.00377549421702
0.00377460067812
0.00377371166525
0.00377282726657
0.00377194756306
0.00377107262966
0.00377020253698
0.00376933734895
0.00376847711489
0.00376762188342
0.00376677169776
0.00376592659622
0.00376508660707
0.00376425175976
0.00376342207339
0.00376259757287
0.00376177825191
0.00376096411363
0.00376015515708
0.00375935137724
0.00375855276522
0.00375775930939
0.00375697101618
0.00375618784049
0.00375540975888
0.00375463677431
0.0037538688347
0.00375310590761
0.00375234795637
0.00375159494083
0.00375084682231
0.00375010356039
0.00374936511253
0.00374863143455
0.00374790247934
0.00374717820271
0.00374645855591
0.00374574348882
0.00374503298403
0.00374432703786
0.00374362553065
0.00374292841522
0.00374223569707
0.00374154725419
0.00374086303767
0.00374018300382
0.00373950708719
0.00373883523524
0.00373816740984
0.00373750356424
0.00373684362921
0.00373618755152
0.003735535279
0.00373488676031
0.00373424194677
0.0037336007979
0.00373296326288
0.00373232928291
0.00373169887084
0.00373107196904
0.00373044849169
0.00372982839343
0.00372921161265
0.00372859810372
0.00372798782225
0.00372738072078
0.00372677675401
0.00372617587843
0.00372557805122
0.00372498323018
0.00372439137404
0.00372380244187
0.00372321639324
0.00372263318859
0.003722052789
0.00372147515623
0.00372090025607
0.00372032805012
0.00371975851863
0.00371919161695
0.00371862730771
0.00371806555046
0.0037175063162
0.00371694956501
0.00371639527008
0.00371584339431
0.00371529390489
0.00371474677914
0.00371420206361
0.00371365967116
0.00371311954296
0.00371258165209
0.00371204596925
0.00371151247065
0.00371098112792
0.00371045191479
0.00370992481091
0.00370939980412
0.00370887685274
0.00370835593547
0.00370783702439
0.00370732008476
0.00370680509276
0.00370629202529
0.00370578086622
0.00370527163043
0.00370476425568
0.00370425873912
0.00370375503499
0.00370325312248
0.00370275298123
0.00370225459093
0.00370175793294
0.00370126299354
0.00370076974006
0.00370027815189
0.00369978821858
0.00369929992042
0.00369881323936
0.00369832815792
0.0036978446585
0.00369736274602
0.00369688238643
0.00369640355911
0.00369592640872
0.00369545076492
0.00369497661093
0.00369450392616
0.00369403270923
0.00369356292708
0.00369309456595
0.00369262761327
0.00369216218401
0.00369169817987
0.00369123554488
0.00369077426807
0.00369031435066
0.00368985575362
0.0036893984631
0.0036889424703
0.00368848775938
0.00368803431587
0.0036875821281
0.00368713118388
0.00368668147862
0.00368623299396
0.00368578571728
0.0036853396389
0.00368489474599
0.00368445102687
0.00368400847056
0.00368356707046
0.00368312683944
0.00368268773917
0.00368224975937
0.00368181289323
0.00368137713106
0.00368094245944
0.0036805088721
0.00368007636097
0.00367964491214
0.00367921452002
0.00367878517485
0.00367835686475
0.00367792960125
0.00367750339737
0.00367707820092
0.00367665400524
0.00367623080333
0.00367580858364
0.00367538733874
0.00367496706054
0.00367454774354
0.00367412937934
0.00367371195785
0.00367329547158
0.00367287992216
0.00367246530458
0.00367205160089
0.00367163880315
0.00367122690439
0.00367081589762
0.00367040577612
0.00366999653316
0.00366958816538
0.00366918066357
0.00366877402067
0.00366836823213
0.00366796329677
0.00366755920667
0.00366715595042
0.0036667535238
0.00366635192042
0.00366595113591
0.00366555116806
0.00366515200784
0.00366475364675
0.00366435607937
0.00366395930034
0.00366356330579
0.00366316809201
