0.0444759347497
0.0424567468529
0.0407921022582
0.0379893036279
0.0273597401871
0.00951658628864
0.00714259033037
0.00581679138181
0.00492776039811
0.00430610137602
0.00383498995408
0.00348430147978
0.0033693954887
0.00330774148444
0.00325857574563
0.00321417206148
0.00317523575948
0.00314401573033
0.00312034774888
0.00310265494513
0.00308937804607
0.00307932416753
0.00307162115269
0.00306563443914
0.00306090264452
0.00305708989971
0.00305395099193
0.00305130638867
0.00304902445127
0.00304700863834
0.00304518816318
0.00304351111232
0.00304193937456
0.00304044492388
0.00303900711523
0.00303761073093
0.00303624457655
0.00303459856735
0.00303293517848
0.00303125813956
0.00302955653975
0.00302782391966
0.00302605661698
0.00302425318039
0.00302241415741
0.00302054199377
0.00301864092968
0.00301671703228
0.0030147774725
0.00301283045629
0.00301088497826
0.00300895028909
0.00300703548679
0.00300514915402
0.00300329906915
0.00300149200574
0.00299973362166
0.00299802842861
0.00299637982579
0.00299479017945
0.00299326093075
0.00299179271705
0.00299038549574
0.00298903866289
0.00298775116228
0.00298652158236
0.00298534824061
0.00298422925538
0.00298316260629
0.0029821461842
0.00298117783203
0.00298025537771
0.00297937666045
0.0029785395512
0.00297774196846
0.0029769818901
0.00297625736189
0.00297556650346
0.00297490751197
0.00297427866422
0.00297367831722
0.00297310490785
0.0029725569515
0.0029720330403
0.00297153184069
0.00297105209079
0.00297059259748
0.00297015223341
0.00296972993383
0.00296932469357
0.00296893556388
0.00296856164942
0.00296820210534
0.0029678561344
0.00296752298423
0.0029672019447
0.00296689234542
0.00296659355331
0.00296630497038
0.00296602603152
0.00296575620248
0.00296549497791
0.00296524187956
0.0029649964545
0.00296475827351
0.0029645269295
0.00296430203607
0.00296408322607
0.0029638701503
0.00296366247627
0.00296345988696
0.00296326207971
0.00296306876514
0.00296287966606
0.00296269451653
0.00296251306084
0.00296233505261
0.00296216025387
0.00296198843418
0.00296181936976
0.00296165284263
0.00296148863977
0.00296134583701
0.00296123743193
0.00296112958042
0.00296102175477
0.00296091364041
0.0029608050239
0.00296069573841
0.0029605856367
0.00296047457737
0.0029603624176
0.00296024900901
0.00296013419498
0.00296001780866
0.00295989967116
0.00295977958977
0.00295965735615
0.00295953274416
0.00295940550758
0.00295927537736
0.00295914205856
0.00295900522679
0.00295886452399
0.00295871955364
0.00295856987501
0.00295841499653
0.00295825436779
0.00295808737017
0.00295791330558
0.00295773138295
0.00295754070192
0.00295734023306
0.00295712879367
0.00295690501806
0.0029566673208
0.00295641385067
0.0029561424332
0.00295585049769
0.00295553498398
0.00295519222246
0.00295481777787
0.00295440624414
0.00295395097208
0.00295344370377
0.00295287407648
0.00295222894153
0.00295149141903
0.00295063957223
0.00294964453342
0.00294846784329
0.00294705768713
0.00294534367111
0.00294322994016
0.00294058726752
0.00293724744527
0.0029330103127
0.00292768728953
0.00292121596651
0.00291383898004
0.00290619086152
0.0028990660528
0.00289300280776
0.00288812427962
0.00288429143729
0.00288129101347
0.00287892694902
0.00287704313926
0.00287552117246
0.00287427280141
0.00287323274159
0.00287235281214
0.00287159739554
0.00287094001822
0.00287036083417
0.00286984480562
0.00286938040146
0.0028689586699
0.00286857257648
0.00286821652867
0.0028678860313
0.00286757743423
0.00286728774531
0.00286701449006
0.00286675560532
0.00286650935756
0.00286627427959
0.00286604912108
0.00286583280935
0.00286562441831
0.00286542314337
0.00286522828133
0.00286503921388
0.00286485539418
0.0028646763358
0.00286450160354
0.00286433080576
0.00286416358805
0.0028639996278
0.00286383862964
0.00286368032158
0.00286352445164
0.00286337078501
0.00286321910151
0.00286306919343
0.00286292086357
0.00286277392353
0.00286262819212
0.00286248349396
0.00286233965814
0.00286219651702
0.00286205390504
0.00286191165757
0.00286176960984
0.00286162759581
0.00286148544708
0.0028613429917
0.002861200053
0.00286105644833
0.0028609119877
0.00286076647229
0.00286061969287
0.00286047142799
0.00286032144202
0.00286016948288
0.00286001527953
0.00285985853904
0.00285969894329
0.0028595361451
0.00285936976373
0.00285919937965
0.00285902452834
0.00285884469298
0.00285865929569
0.00285846768705
0.00285826913347
0.00285806280178
0.00285784774037
0.00285762285596
0.00285738688462
0.00285713835544
0.00285687554447
0.0028565964158
0.00285629854526
0.00285597902047
0.00285563430835
0.00285526007673
0.00285485095061
0.00285440017339
0.00285389912706
0.00285333663846
0.00285269795313
0.00285196317859
0.00285110485638
0.00285008405904
0.00284884391141
0.00284729848339
0.00284531320937
0.00284266998441
0.00283900752576
0.002833741577
0.00282608225443
0.00281564319973
0.00280391379438
0.00279370040082
0.00278596391078
0.00277989493329
0.00277429531553
0.00276715362625
0.00275282369136
0.0027275143355
0.00270957980417
0.0026993282576
0.00269091909146
0.00268214856765
0.00267299204275
0.00266552499211
0.00266016003776
0.00265579432445
0.00265198739641
0.002648618367
0.00264561548757
0.00264291943472
0.00264048039214
0.00263825706845
0.00263621548143
0.00263432770334
0.00263257073111
0.00263092553602
0.00262937629089
0.00262790975669
0.00262651479532
0.00262518194379
0.00262390314659
0.00262267149342
0.00262148101996
0.00262032654677
0.00261920354818
0.002618108045
0.00261703651597
0.00261598582439
0.00261495315688
0.00261393597183
0.00261293195593
0.00261193898708
0.00261095510265
0.00260997847199
0.00260900737251
0.00260804016884
0.00260707529433
0.00260611123462
0.00260514651284
0.00260417967642
0.00260320928503
0.0026022194001
0.00260122359511
0.00260022125142
0.00259921085103
0.00259819083741
0.00259715961079
0.00259611552448
0.00259505688252
0.00259398193867
0.002592888897
0.00259177591448
0.00259064110556
0.0025894825493
0.002588298299
0.00258708639463
0.00258584487801
0.00258457181075
0.00258326529475
0.00258192349479
0.00258054466292
0.00257912717514
0.00257766952526
0.00257617037724
0.00257462858363
0.00257304320425
0.00257141352352
0.00256973906366
0.00256801396767
0.00256622853359
0.00256440240578
0.00256253549063
0.00256062805347
0.0025586806248
0.00255669396758
0.00255466904625
0.00255260699549
0.00255050908969
0.00254837671416
0.00254621133945
0.00254401449994
0.00254178777515
0.00253953278437
0.00253725118674
0.00253494467874
0.00253261501066
0.00253026400709
0.00252789359473
0.0025255058365
0.00252310297038
0.00252068745127
0.00251826199336
0.00251582961011
0.00251339364885
0.00251095781625
0.00250852619137
0.00250610322292
0.00250369370827
0.0025013027522
0.00249893570488
0.00249659808012
0.00249429545632
0.00249203336405
0.00248981716565
0.00248765193256
0.00248554232744
0.00248349249694
0.00248150598092
0.00247958564242
0.00247773362129
0.00247595131319
0.00247423937543
0.0024725977495
0.00247102571017
0.00246952193245
0.00246808456616
0.0024667113201
0.00246539954949
0.00246414634273
0.00246294860463
0.00246180313237
0.00246070668344
0.00245965603396
0.00245864802692
0.00245767961069
0.00245674786819
0.0024558500376
0.00245498352577
0.00245414591536
0.00245333496681
0.00245254861629
0.00245178497053
0.00245104229934
0.00245031902669
0.00244961372068
0.00244892508318
0.00244825193921
0.00244759322656
0.00244694798575
0.00244631535048
0.00244569453865
0.00244508484405
0.00244448562864
0.00244389631556
0.00244331638272
0.00244274535699
0.002442182809
0.00244162834841
0.00244108161971
0.00244054229848
0.00244001008797
0.00243948471615
0.00243896593302
0.00243845350824
0.00243794722905
0.00243744689833
0.00243695233302
0.00243646336261
0.00243597982781
0.00243550157944
0.00243502847737
0.00243456038961
0.00243409719151
0.00243363876504
0.00243318499816
0.00243273578422
0.0024322910215
0.00243185061273
0.0024314144647
0.00243098248792
0.00243055459627
0.00243013070675
0.0024297107392
0.00242929461612
0.0024288822624
0.00242847360519
0.00242806857373
0.00242766709918
0.00242726911453
0.00242687455442
0.0024264833551
0.00242609545439
0.00242571079147
0.0024253293066
0.00242495094146
0.00242457563891
0.00242420334293
0.00242383399856
0.00242346755184
0.00242310394979
0.00242274314036
0.00242238507235
0.00242202969548
0.00242167696019
0.00242132681775
0.00242097922019
0.00242063412023
0.00242029147131
0.00241995122752
0.00241961334362
0.002419277775
0.00241894447764
0.00241861340811
0.00241828452355
0.00241795778164
0.0024176331406
0.00241731055916
0.00241698999655
0.00241667141246
0.00241635476707
0.00241604002101
0.00241572713534
0.00241541607152
0.00241510679146
0.00241479925744
0.00241449343213
0.00241418927856
0.00241388676013
0.00241358584058
0.00241328648405
0.00241298865491
0.00241269231783
0.00241239743781
0.00241210398014
0.00241181191038
0.00241152119437
0.0024112317982
0.0024109436882
0.00241065683094
0.00241037119321
0.00241008674201
0.00240980344457
0.00240952126828
0.00240924018075
0.00240896014975
0.00240868114323
0.00240840312928
0.00240812607615
0.00240784995226
0.00240757472614
0.00240730036644
0.00240702684195
0.00240675412158
0.00240648217434
0.00240621096932
0.00240594047574
0.00240567066288
0.00240540150015
0.00240513295699
0.00240486500294
0.00240459760763
0.00240433074073
0.00240406437202
0.0024037984713
0.00240353300848
0.00240326795353
0.00240300327648
0.00240273894745
0.00240247493662
0.00240221121428
0.0024019477508
0.00240168451665
0.0024014214824
0.00240115861876
0.00240089589658
0.00240063328685
0.00240037076073
0.0024001082896
0.00239984584503
0.00239958339885
0.00239932092317
0.00239905839039
0.00239879577329
0.00239853304502
0.00239827017916
0.00239800714981
0.00239774393158
0.00239748049972
0.00239721683012
0.00239695289946
0.00239668868522
0.0023964241658
0.00239615932062
0.00239589413022
0.00239562857636
0.00239536264214
0.00239509631214
0.00239482957253
0.00239456241126
0.00239429481817
0.00239402678516
0.00239375830639
0.00239348937841
0.0023932200004
0.00239295017432
0.0023926799051
0.0023924092009
0.00239213807324
0.00239186653723
0.00239159461176
0.0023913223197
0.00239104968804
0.00239077674808
0.00239050353555
0.00239023009071
0.00238995645843
0.0023896826882
0.00238940883414
0.00238913495488
0.00238886111346
0.00238858737707
0.00238831381679
0.00238804050715
0.00238776752574
0.00238749495255
0.00238722286939
0.00238695135906
0.00238668050456
0.00238641038814
0.00238614109033
0.0023858726889
0.00238560525778
0.00238533886601
0.0023850735767
0.002384809446
0.00238454652223
0.00238428484503
0.00238402444473
0.0023837653418
0.00238350754658
0.00238325105908
0.0023829958691
0.00238274195646
0.00238248929147
0.00238223783556
0.00238198754206
0.00238173835715
0.00238149022079
0.00238124306789
0.00238099682937
0.00238075143327
0.00238050680584
0.00238026287259
0.0023800195592
0.00237977679241
0.00237953450076
0.00237929261528
0.00237905106997
0.00237880980226
0.00237856875334
0.00237832786837
0.00237808709663
0.00237784639158
0.00237760571087
0.00237736501625
0.00237712427349
0.00237688345227
0.00237664252595
0.00237640147144
0.002376160269
0.00237591890204
0.00237567735691
0.00237543562271
0.0023751936911
0.00237495155612
0.00237470921404
0.00237446666312
0.00237422390355
0.00237398093725
0.00237373776774
0.00237349440005
0.00237325084058
0.00237300709698
0.00237276317812
0.00237251909392
0.00237227485532
0.00237203047422
0.00237178596334
0.00237154133623
0.00237129660718
0.00237105179116
0.00237080690379
0.00237056196125
0.0023703169803
0.00237007197818
0.00236982697258
0.00236958198163
0.00236933702384
0.00236909211808
0.00236884728352
0.00236860253963
0.00236835790613
0.00236811340296
0.00236786905027
0.00236762486836
0.0023673808777
0.00236713709884
0.00236689355246
0.00236665025929
0.00236640724009
0.00236616451568
0.00236592210683
0.00236568003434
0.00236543831894
0.0023651969813
0.00236495604202
0.00236471552159
0.0023644754404
0.0023642358187
0.00236399818172
0.002363766488
0.00236353553281
0.00236330533243
0.00236307590371
0.00236284726389
0.00236261943044
0.00236239242098
0.00236216625318
0.00236194094467
0.00236171651301
0.00236149297562
0.00236127034969
0.00236104865222
0.00236082789992
0.00236060810918
0.00236038929611
0.00236017147643
0.00235995466552
0.00235973887835
0.0023595241295
0.00235931043314
0.002359097803
0.00235888625238
0.00235867579412
0.00235846644063
0.00235825820384
0.00235805109521
0.00235784512573
0.00235764030592
0.00235743664581
0.00235723415495
0.0023570328424
0.00235683271674
0.00235663378605
0.00235643605794
0.00235623953951
0.00235604423739
0.00235585015771
0.00235565730613
0.00235546568782
0.00235527530747
0.00235508616929
0.00235489827705
0.002354711634
0.00235452624297
0.00235434210632
0.00235415922595
0.00235397760332
0.00235379723945
0.00235361813493
0.00235344028992
0.00235326370416
0.00235308837697
0.00235291430729
0.00235274149365
0.00235256993418
0.00235239962667
0.00235223056849
0.00235206275669
0.00235189618795
0.00235173085861
0.0023515667647
0.00235140390189
0.00235124226557
0.0023510818508
0.00235092265239
0.00235076466482
0.00235060788233
0.00235045229888
0.00235029790821
0.00235014470378
0.00234999267884
0.00234984182643
0.00234969213936
0.00234954361025
0.00234939623153
0.00234924999545
0.0023491048941
0.00234896091939
0.0023488180631
0.00234867631686
0.00234853567217
0.00234839612041
0.00234825765285
0.00234812026065
0.00234798393487
0.00234784866651
0.00234771444646
0.00234758126556
0.00234744911459
0.00234731798425
0.00234718786523
0.00234705874815
0.00234693062362
0.00234680348221
0.00234667731448
0.00234655211097
0.00234642786222
0.00234630455877
0.00234618219115
0.00234606074994
0.00234594022568
0.00234582060899
0.00234570189046
0.00234558406076
0.00234546711056
0.00234535103058
0.0023452358116
0.00234512144442
0.0023450079199
0.00234489522897
0.00234478336259
0.00234467231179
0.00234456206767
0.00234445262139
0.00234434396418
0.00234423608734
0.00234412898222
0.00234402264029
0.00234391705304
0.00234381221209
0.0023437081091
0.00234360473583
0.00234350208412
0.00234340014587
0.0023432989131
0.00234319837788
0.00234309853239
0.00234299936888
0.00234290087969
0.00234280305725
0.00234270589407
0.00234260938276
0.002342513516
0.00234241828656
0.00234232368731
0.0023422297112
0.00234213635127
0.00234204360062
0.00234195145248
0.00234185990015
0.00234176893698
0.00234167855647
0.00234158875215
0.00234149951766
0.00234141084672
0.00234132273313
0.00234123517077
0.00234114815361
0.0023410616757
0.00234097573116
0.0023408903142
0.0023408054191
0.00234072104023
0.00234063717202
0.00234055380901
0.00234047094576
0.00234038857697
0.00234030669735
0.00234022530173
0.002340144385
0.0023400639421
0.00233998396807
0.00233990445801
0.00233982540707
0.00233974681048
0.00233966866356
0.00233959096165
0.00233951370019
0.00233943687467
0.00233936048065
0.00233928451375
0.00233920896963
0.00233913384405
0.0023390591328
0.00233898483173
0.00233891093676
0.00233883744385
0.00233876434905
0.00233869164842
0.0023386193381
0.00233854741428
0.0023384758732
0.00233840471115
0.00233833392448
0.00233826350958
0.00233819346288
0.00233812378089
0.00233805446014
0.00233798549721
0.00233791688873
0.00233784863138
0.00233778072189
0.00233771315701
0.00233764593355
0.00233757904836
0.00233751249834
0.00233744628041
0.00233738039155
0.00233731482877
0.00233724958913
0.00233718466971
0.00233712006764
0.00233705578008
0.00233699180424
0.00233692813735
0.00233686477668
0.00233680171955
0.00233673896329
0.00233667650528
0.00233661434293
0.00233655247367
0.00233649089498
0.00233642960435
0.00233636859934
0.00233630787749
0.00233624743641
0.00233618727371
0.00233612738706
0.00233606777412
0.00233600843262
0.00233594936029
0.00233589055489
0.00233583201421
0.00233577373606
0.0023357157183
0.00233565795879
0.00233560045541
0.0023355432061
0.00233548620878
0.00233542946142
0.00233537296202
0.00233531670858
0.00233526069914
0.00233520493175
0.00233514940449
0.00233509411546
0.00233503906279
0.00233498424461
0.00233492965908
0.0023348753044
0.00233482117876
0.00233476728038
0.00233471360751
0.0023346601584
0.00233460693135
0.00233455392463
0.00233450113658
0.00233444856553
0.00233439620982
0.00233434406783
0.00233429213794
0.00233424041855
0.0023341889081
0.002334137605
0.00233408650772
0.00233403561473
0.0023339849245
0.00233393443554
0.00233388414636
0.0023338340555
0.00233378416149
0.0023337344629
0.0023336849583
0.00233363564627
0.00233358652543
0.00233353759438
0.00233348885175
0.00233344029619
0.00233339192636
0.00233334374092
0.00233329573855
0.00233324791796
0.00233320027784
0.00233315281692
0.00233310553392
0.0023330584276
0.0023330114967
0.00233296474
0.00233291815628
0.00233287174432
0.00233282550292
0.00233277943091
0.00233273352709
0.00233268779032
0.00233264221943
0.00233259681327
0.00233255157073
0.00233250649067
0.00233246157197
0.00233241681355
0.0023323722143
0.00233232777314
0.00233228348899
0.0023322393608
0.00233219538752
0.00233215156808
