0.0454818446514
0.0451836806359
0.0449347590746
0.0447686687124
0.044644392142
0.0445378459428
0.0444507792813
0.0443811994226
0.0443185087245
0.0442541489611
0.0441859121023
0.0441184582143
0.0440569897065
0.0440027708896
0.0439547407121
0.0439102046651
0.0438650036519
0.0438139461477
0.0437509586018
0.0436695401261
0.0435629728796
0.0434221059015
0.043236439493
0.0429970034006
0.0427383091688
0.0424913458925
0.0422341367149
0.0420125784123
0.0418563851446
0.0417392703269
0.0416433830564
0.0415600997244
0.0414823454115
0.0414062513782
0.041329783841
0.04124851792
0.0411578949433
0.0410655976669
0.0409826453011
0.0409090977672
0.0408414533296
0.0407756476299
0.0407063040562
0.0406265434262
0.0405307258264
0.0404195971014
0.0402989278369
0.0401669631974
0.04001589104
0.0398498856074
0.0396905185438
0.0395374033224
0.0393526490664
0.0390686767797
0.0386597519758
0.0383170983026
0.0380697166629
0.0378574771498
0.0376151024386
0.0373149978702
0.0369576840501
0.0365679879524
0.0361482515725
0.0358261364074
0.0355971760104
0.0353948544376
0.0351596162375
0.0348448468544
0.0345859677298
0.0344401549054
0.0343275928717
0.03419351996
0.0339872081288
0.0337296174911
0.0334724354367
0.0331651791388
0.0328712303642
0.0326665573447
0.0324998972479
0.0323174006395
0.0320176919309
0.0315623342839
0.0313000288438
0.0311095937028
0.0308828746575
0.0305626066715
0.0302901603703
0.0300997236579
0.0299223430233
0.0296916959023
0.0293873465684
0.0290575254912
0.0287167984743
0.0284547389714
0.0280431041648
0.027441711588
0.0270908437744
0.0268116619823
0.0266247510812
0.0264856506938
0.0263292496879
0.026103508625
0.0256092665932
0.0248067727988
0.0238923769047
0.0229936489666
0.0224834252917
0.0218939010746
0.0211473512859
0.0205014304519
0.0194884800866
0.0180889667737
0.0168872451228
0.0162711947113
0.0158791092855
0.0154274069309
0.0145328511453
0.0138049835861
0.0125710473836
0.0103577238659
0.00909118552654
0.00867820833834
0.00842622683961
0.00821235510873
0.00807955039573
0.00797021134673
0.00784415364978
0.0077370588537
0.0076395017892
0.00753301297421
0.00740564037213
0.00726902603591
0.00710367451753
0.0069210224395
0.00673415316453
0.00654368859766
0.00633912088516
0.00615640327847
0.00597485569168
0.00580460145531
0.00564351787953
0.00547444943133
0.00528700638027
0.00511405779072
0.00495881882468
0.00481978943449
0.00468586164895
0.00457714077834
0.00446161103575
0.00435349556046
0.00425204458256
0.00414553845378
0.00404859684231
0.00396878662818
0.00390010951445
0.00381194746615
0.00373487832341
0.00367435203587
0.00358901982407
0.0035314184182
0.00349069777628
0.00345867154968
0.00343178254848
0.00340826319947
0.00338712601205
0.00336776693509
0.00334620118934
0.00332332411545
0.00330258742437
0.00328352866629
0.00326572554851
0.00324876695918
0.00323159909546
0.00321248640426
0.00319107348654
0.00317320452407
0.00315815925121
0.0031444721869
0.00313186775349
0.00311995858143
0.00310753354529
0.0030962733857
0.00308308293866
0.0030600414718
0.00304153319388
0.00301918922986
0.00300154471342
0.00298746402658
0.00297569066329
0.00296547572758
0.00295636114595
0.00294803842584
0.0029385985889
0.00292332618191
0.002911423116
0.00290165325295
0.00289327371903
0.00288583470579
0.00287905338965
0.00287275065279
0.00286680702773
0.0028611394373
0.00285171776333
0.00283942207574
0.00282652725437
0.00281124097465
0.00279871190575
0.00278083363453
0.00276103359421
0.00272578684181
0.00270127932903
0.00268431950902
0.00266967903256
0.00265503223502
0.00264332419461
0.0026334392076
0.0026247364805
0.00261682533271
0.00260945556624
0.00259925262181
0.00258823770527
0.00257843291635
0.00256949585231
0.00256118666704
0.00255333102475
0.00254580300406
0.00253850874179
0.00252873650199
0.00251812527328
0.00250833432781
0.0024991384365
0.00249036225482
0.00248186570815
0.00247353326963
0.00246765496225
0.00246240140927
0.00245713218934
0.00245174669909
0.00244617225183
0.002440346871
0.00243421551069
0.00242653932516
0.00241624487004
0.00240617098568
0.00239618727343
0.00238621285002
0.0023762166181
0.00236621124484
0.00235623966908
0.00234636933611
0.00233667825784
0.00232724163123
0.0023181241522
0.00230926319846
0.00230076951135
0.00229266886297
0.00228496161377
0.00227763181853
0.00227065558066
0.00226400622974
0.0022576558045
0.00225157630098
0.00224574371842
0.00224012982646
0.00223471284425
0.00222947415117
0.00222439545995
0.00221946409016
0.00221355682305
0.00220692155897
0.00220059175186
0.0021898180846
0.00218034658108
0.0021719505189
0.00216443702314
0.00215732071298
0.00214865913229
0.00214063779182
0.00213291799674
0.0021254956719
0.00211869927172
0.00210973828289
0.00210084811119
0.00209286847473
0.00208564294814
0.00207904988395
0.00206916103815
0.00205969747232
0.00205143735779
0.00204415492038
0.00203296691937
0.00201880813107
0.00200696226114
0.00199721026433
0.00198902144258
0.00198201580541
0.00197581594746
0.00197004123742
0.00196492989189
0.0019603464586
0.00195619092892
0.00195238829899
0.00194888728608
0.00194564525234
0.00194261792345
0.00193977602743
0.00193709621493
0.00193455949373
0.0019321496678
0.00192985351117
0.00192766040672
0.00192555957635
0.0019235422058
0.00192160091272
0.00191972921517
0.00191792131716
0.00191617245425
0.00191447806481
0.00191283393425
0.00191123644221
0.00190968241694
0.00190816895345
0.00190669365179
0.00190525416468
0.00190384816518
0.00190247393839
0.0019011292126
0.00189981234695
0.00189852296575
0.00189725880381
0.00189601828796
0.00189480027791
0.00189360367231
0.00189242747027
0.00189127075609
0.00189013300709
0.00188901311365
0.00188791032568
0.00188682411697
0.00188575367545
0.00188469853649
0.00188365834735
0.00188263226869
0.00188161981732
0.0018806205351
0.00187963405687
0.00187865994138
0.00187769789343
0.00187674790652
0.00187580936895
0.00187488177689
0.00187396483704
0.00187305829558
0.00187216186441
0.00187127532168
0.00187039839628
0.00186953114102
0.0018686731306
0.00186782410495
0.00186698390906
0.00186615228836
0.00186532905827
0.00186451404677
0.00186370714866
0.00186290823265
0.00186211754189
0.0018613344394
0.00186055877949
0.00185979042537
0.00185902924512
0.00185827511352
0.00185752791646
0.00185678762225
0.00185605403954
0.00185532703792
0.00185460608033
0.00185388880785
0.00185317791964
0.00185247331719
0.00185177492292
0.00185108263825
0.00185039636747
0.00184971601764
0.00184904150053
0.00184837273164
0.00184770961908
0.00184705207923
0.00184640004345
0.00184575354147
0.00184511239739
0.00184447651858
0.00184384582724
0.0018432202438
0.00184259969731
0.0018419841186
0.00184137344995
0.00184076762163
0.00184016657439
0.00183957023463
0.00183897860185
0.00183839173874
0.00183780939104
0.00183723150328
0.00183665801336
0.00183608886856
0.00183552402163
0.00183496340872
0.00183440697482
0.00183385466832
0.00183330644048
0.00183276223757
0.00183222200958
0.00183168570756
0.0018311532835
0.00183062469001
0.0018300998824
0.00182957882404
0.00182906145933
0.001828547748
0.00182803767451
0.00182753136061
0.00182702881934
0.00182652975827
0.00182603412897
0.00182554189029
0.00182505300837
0.00182456749144
0.00182408533726
0.00182360641765
0.00182313069583
0.00182265813566
0.00182218870376
0.00182172236333
0.0018212590789
0.00182079881633
0.00182034154203
0.00181988722287
0.00181943582699
0.00181898732235
0.00181854167893
0.00181809887073
0.0018176588606
0.00181722161647
0.00181678710844
0.00181635531356
0.00181592619767
0.00181549973729
0.00181507590096
0.0018146546568
0.00181423597794
0.00181381989831
0.0018134063547
0.00181299529598
0.00181258669344
0.00181218052146
0.00181177675497
0.00181137536928
0.00181097633934
0.00181057964089
0.00181018525001
0.00180979314322
0.00180940329712
0.00180901568868
0.0018086302952
0.0018082470943
0.00180786606393
0.00180748718227
0.0018071104278
0.00180673577929
0.00180636321588
0.00180599271739
0.00180562426589
0.00180525784211
0.0018048934301
0.00180453142353
0.00180417147052
0.00180381449305
0.00180345964208
0.00180310667845
0.00180275557992
0.00180240632655
0.00180205889935
0.00180171327999
0.00180136945066
0.00180102739396
0.00180068709299
0.00180034853094
0.0018000116914
0.00179967655822
0.00179934311587
0.0017990113486
0.00179868124063
0.0017983527767
0.00179802594177
0.00179770072098
0.00179737709965
0.00179705506339
0.00179673459924
0.0017964156943
0.00179609833615
0.00179578250667
0.00179546819226
0.00179515537952
0.00179484405517
0.00179453420617
0.0017942258195
0.00179391888287
0.00179361338311
0.00179330930775
0.00179300664446
0.00179270538105
0.0017924055055
0.00179210700604
0.00179180987439
0.00179151409527
0.00179121965724
0.00179092654896
0.00179063475928
0.00179034427716
0.00179005509162
0.00178976719186
0.0017894805672
0.0017891952071
0.00178891110114
0.00178862823902
0.00178834661058
0.00178806620575
0.00178778701459
0.00178750902728
0.00178723223412
0.00178695662552
0.00178668219215
0.00178640892448
0.00178613681324
0.00178586584963
0.00178559602422
0.00178532732814
0.0017850597531
0.00178479328974
0.00178452793161
0.0017842636707
0.00178400049561
0.00178373839798
0.00178347736958
0.00178321740223
0.00178295848787
0.00178270061853
0.00178244378807
0.00178218798864
0.00178193321074
0.00178167944713
0.00178142669066
0.0017811749333
0.00178092416745
0.00178067438678
0.0017804255844
0.00178017775187
0.00177993088212
0.0017796849682
0.0017794400032
0.00177919598032
0.00177895289313
0.00177871073703
0.00177846950298
0.00177822918444
0.00177798977496
0.00177775127973
0.00177751368105
0.00177727697203
0.00177704114649
0.00177680619833
0.0017765721215
0.00177633891004
0.00177610655803
0.00177587505964
0.00177564440908
0.00177541460061
0.00177518562858
0.00177495748737
0.00177473017144
0.00177450367531
0.00177427799354
0.00177405312076
0.00177382905166
0.00177360578187
0.0017733833068
0.00177316162221
0.00177294072046
0.00177272059649
0.00177250124517
0.00177228266163
0.00177206484137
0.0017718477812
0.00177163147428
0.00177141591587
0.00177120110127
0.00177098702583
0.00177077368495
0.00177056107406
0.00177034918866
0.00177013802428
0.00176992757649
0.00176971784091
0.00176950881321
0.00176930048909
0.00176909286429
0.00176888593508
0.00176867969699
0.00176847414572
0.00176826927716
0.00176806508732
0.00176786157212
0.0017676587276
0.00176745654984
0.00176725503491
0.00176705417898
0.00176685397822
0.00176665442891
0.00176645552737
0.00176625726974
0.00176605965233
0.0017658626715
0.00176566632363
0.00176547060513
0.00176527551247
0.00176508104213
0.00176488719063
0.00176469395451
0.00176450133036
0.0017643093148
0.00176411790445
0.00176392709599
0.00176373688614
0.00176354727162
0.0017633582492
0.00176316981565
0.0017629819678
0.0017627947025
0.00176260801662
0.00176242190706
0.00176223637879
0.00176205142129
0.00176186703099
0.0017616832049
0.00176149994005
0.00176131723349
0.00176113508231
0.00176095348361
0.00176077243452
0.00176059193221
0.00176041197385
0.00176023255665
0.00176005367784
0.00175987533466
0.00175969752439
0.00175952024433
0.0017593434918
0.00175916726414
0.00175899155889
0.00175881637351
0.00175864170513
0.0017584675512
0.00175829390915
0.00175812077646
0.00175794815061
0.00175777602912
0.0017576044095
0.00175743328931
0.00175726266612
0.0017570925375
0.00175692290108
0.00175675375446
0.0017565850953
0.00175641692124
0.00175624922998
0.00175608201921
0.00175591528664
0.00175574903
0.00175558324705
0.00175541793553
0.00175525309325
0.001755088718
0.00175492480759
0.00175476135985
0.00175459837264
0.00175443584385
0.00175427377132
0.00175411215295
0.00175395098665
0.00175379027035
0.00175363000198
0.0017534701795
0.00175331080089
0.00175315186412
0.00175299336719
0.00175283530813
0.00175267768495
0.00175252049569
0.00175236373842
0.0017522074112
0.00175205151211
0.00175189603925
0.00175174099073
0.00175158636466
0.00175143215919
0.00175127837245
0.00175112500262
0.00175097204785
0.00175081950634
0.00175066737629
0.00175051533016
0.00175036111426
0.00175020749713
0.00175005440218
0.00174990181032
0.00174974971292
0.00174959810114
0.00174944696725
0.00174929630495
0.00174914611503
0.00174899638671
0.00174884711445
0.00174869829365
0.00174854992006
0.00174840198956
0.00174825449828
0.00174810744254
0.00174796081883
0.00174781462375
0.00174766885407
0.00174752350662
0.00174737857838
0.00174723406639
0.0017470899678
0.00174694627984
0.0017468029998
0.00174666012505
0.00174651765302
0.00174637558121
0.00174623390719
0.00174609262857
0.00174595174298
0.00174581124814
0.00174567114179
0.00174553142175
0.00174539208584
0.00174525313199
0.00174511455841
0.00174497636273
0.00174483854292
0.001744701097
0.00174456402303
0.00174442731909
0.00174429098329
0.00174415501376
0.00174401940866
0.0017438841662
0.00174374928456
0.00174361476201
0.00174348059678
0.00174334678716
0.00174321333145
0.00174308022797
0.00174294747507
0.00174281507108
0.0017426830144
0.00174255130342
0.00174241993654
0.0017422889122
0.00174215822883
0.00174202788489
0.00174189787885
0.0017417682092
0.00174163887445
0.00174150987309
0.00174138120367
0.00174125286472
0.0017411248548
0.00174099717247
0.00174086982116
0.00174074281014
0.00174061612247
0.00174048975673
0.00174036371154
0.00174023798554
0.00174011257735
0.00173998748577
0.00173986270976
0.00173973824755
0.00173961409781
0.00173949025923
0.00173936673052
0.00173924351037
0.00173912059752
0.00173899799068
0.00173887568859
0.00173875368999
0.00173863199365
0.00173851059831
0.00173838950274
0.00173826870574
0.00173814820607
0.00173802800253
0.00173790809393
0.00173778847907
0.00173766915712
0.00173755012783
0.00173743138873
0.00173731293868
0.00173719477651
0.00173707690108
0.00173695931124
0.00173684200586
0.00173672498381
0.00173660824398
0.00173649178524
0.00173637560649
0.00173625970663
0.00173614408455
0.00173602873918
0.00173591366943
0.00173579887423
0.0017356843525
0.00173557010318
0.00173545612521
0.00173534241754
0.00173522897912
0.00173511580891
0.00173500290589
0.00173489026902
0.00173477789727
0.00173466578963
0.0017345539451
0.00173444236267
0.00173433104133
0.00173421998053
0.00173410917894
0.00173399863547
0.00173388834914
0.00173377831899
0.00173366854403
0.00173355902332
0.00173344975588
0.00173334074076
0.00173323197702
0.00173312346372
0.00173301519991
0.00173290718467
0.00173279941707
0.00173269189617
0.00173258462107
0.00173247759085
0.00173237080461
0.00173226426145
0.00173215440112
0.00173201592585
0.00173187857233
0.00173174230518
0.00173160709151
0.00173147290054
0.0017313397033
0.00173120747246
0.00173107618213
0.00173094580771
0.00173081632579
0.00173068771402
0.00173055995108
0.00173043301657
0.00173030689093
0.00173018155544
0.00173005699171
0.0017299331707
0.00172981008834
0.00172968772881
0.00172956607657
0.00172944511681
0.00172932483526
0.00172920521819
0.00172908625233
0.00172896792489
0.0017288502235
0.00172873313624
0.00172861665158
0.00172850075836
0.00172838544582
0.00172827070352
0.00172815652137
0.0017280428896
0.00172792979873
0.0017278172396
0.00172770520332
0.00172759368126
0.00172748266507
0.00172737214663
0.00172726211806
0.00172715257173
0.00172704350007
0.00172693488864
0.00172682673786
0.00172671904091
0.00172661179116
0.00172650498216
0.00172639860762
0.00172629266145
0.0017261871377
0.00172608203056
0.00172597733441
0.00172587304374
0.0017257691532
0.00172566565757
0.00172556255175
0.00172545983078
0.00172535748981
0.00172525552412
0.00172515392909
0.00172505270021
0.00172495183309
0.00172485132342
0.00172475116703
0.0017246513598
0.00172455189772
0.00172445277689
0.00172435399348
0.00172425554371
0.00172415742393
0.00172405963054
0.00172396216005
0.00172386500901
0.00172376817406
0.00172367165191
0.00172357543933
0.00172347953317
0.00172338393033
0.00172328862779
0.00172319362256
0.00172309891174
0.00172300449247
0.00172291036195
0.00172281651743
0.00172272295623
0.00172262967574
0.00172253667333
0.00172244394646
0.00172235149263
0.00172225930938
0.00172216739432
0.00172207574508
0.00172198435935
0.00172189323484
0.00172180236931
0.00172171176057
0.00172162140645
0.00172153130484
0.00172144145364
0.0017213518508
0.00172126249431
0.00172117338219
0.00172108451248
0.00172099588326
0.00172090749265
0.0017208193388
0.00172073141988
0.00172064373408
0.00172055627965
0.00172046905484
0.00172038205794
0.00172029528727
0.00172020874116
0.00172012241798
0.00172003631612
0.00171995043399
0.00171986477004
0.00171977932272
0.00171969409052
0.00171960907195
0.00171952426553
0.00171943966982
0.00171935528338
0.00171927110482
0.00171918713273
0.00171910336575
0.00171901980254
0.00171893644176
0.0017188532821
0.00171877032226
0.00171868756097
0.00171860499697
0.00171852262902
0.00171844045589
0.00171835847637
0.00171827668928
0.00171819509343
0.00171811368766
0.00171803247082
0.00171795144179
0.00171787059944
0.00171778994268
0.00171770947041
0.00171762918156
0.00171754907507
