0.0421023603824
0.0418194037134
0.0415942414764
0.0413863212137
0.0411555219125
0.0410841633656
0.0409893272571
0.0405482121867
0.0399336730479
0.0396451941114
0.0394997091013
0.038985894312
0.0374584935197
0.0354360362179
0.0327257597618
0.0305780626372
0.0289334570887
0.0262827269442
0.0243766239273
0.0196495545082
0.0163582230248
0.0132590103635
0.0099884298939
0.00786213504823
0.00636589117176
0.00612858783413
0.00605901376816
0.00599866016827
0.00593484587047
0.00584348542986
0.00574560997956
0.00556602392246
0.0054462413664
0.00537044929335
0.0053101215072
0.00525446966134
0.00519904232621
0.00514446840419
0.00509094772285
0.00502930451945
0.00494254022729
0.0048477545208
0.0047722773419
0.00470970580939
0.00465287419362
0.00459449561113
0.00453651647047
0.00448574076823
0.00444158404024
0.00440210925452
0.00436579322311
0.00433152351803
0.00429826898517
0.00426472069023
0.00422898317303
0.00418854381147
0.00414153322976
0.00408961866933
0.00403752892025
0.00398885719833
0.00394512963487
0.00390680467535
0.00387385784514
0.00384591208069
0.00382228759759
0.00380219431541
0.00378502790305
0.00376963742645
0.00375530130035
0.00374214197966
0.00372984403032
0.00371816058354
0.00370700383888
0.0036960937633
0.00368537132238
0.00367463002581
0.00366374290144
0.00365260002094
0.00364112287863
0.00362925890318
0.00361692050351
0.00360404860727
0.00359066085336
0.00357696530165
0.00356337802718
0.00355045408666
0.00353842984661
0.00352755246785
0.00351782320685
0.0035093185577
0.00350170567465
0.00349417903879
0.00348715780588
0.00348074533492
0.00347483499564
0.00346933633794
0.00346417211647
0.00345928080091
0.00345461060481
0.00345011704601
0.00344575959824
0.00344150108154
0.00343730530775
0.0034331349696
0.00342895025363
0.0034247045871
0.00342033687007
0.00341576917819
0.00341089026449
0.00340552923185
0.00339940458594
0.00339203498292
0.00338268353191
0.00337088599376
0.00335785195154
0.00334529439363
0.0033335736965
0.00332256597351
0.00331209285425
0.00330197767791
0.00329207293935
0.00328227597686
0.00327253822722
0.00326286932747
0.00325333364362
0.00324403748216
0.00323510824688
0.00322667036954
0.00321883747947
0.00321165686917
0.00320515425568
0.00319932131844
0.00319412401211
0.00318951178704
0.00318542572881
0.00318180475352
0.00317858977349
0.00317572614938
0.00317316487227
0.00317086289479
0.00316878296635
0.00316689309388
0.0031651660001
0.00316357855472
0.00316211113542
0.00316074709514
0.00315947233592
0.00315827476723
0.00315714407943
0.00315607142078
0.00315504915082
0.00315407063356
0.00315313006362
0.0031522223196
0.00315134283949
0.00315048751361
0.00314965259135
0.00314883459816
0.00314803025964
0.00314723642989
0.00314645002096
0.00314566793033
0.00314488696261
0.00314410374117
0.00314331460381
0.00314251547486
0.00314170170325
0.00314086785128
0.00314000741257
0.00313911242669
0.00313817294211
0.00313717625354
0.0031361057993
0.00313493954149
0.00313364755417
0.00313218840282
0.0031305037213
0.00312851108247
0.00312609821609
0.00312309586954
0.00311928715417
0.003114426802
0.00310832686556
0.00310099814887
0.00309359957331
0.00308720145743
0.00308108297982
0.00307535235816
0.00307003482376
0.00306511697177
0.00306056235943
0.00305632621756
0.00305236364909
0.00304863381241
0.00304510140644
0.00304173689812
0.0030385161172
0.00303541927121
0.00303243044621
0.00302953669702
0.00302672731849
0.003023993065
0.00302132586024
0.00301871840195
0.00301616391498
0.00301365601873
0.00301118842842
0.00300875506194
0.00300634992758
0.00300396708655
0.00300160062069
0.00299924460164
0.00299689380197
0.00299454735252
0.00299219352346
0.00298982590197
0.00298743788686
0.00298502263759
0.00298257302665
0.00298008159455
0.00297754057221
0.00297494170048
0.00297227628073
0.00296953522462
0.00296670903605
0.00296378785386
0.00296076154525
0.00295763099444
0.00295437889809
0.00295099128531
0.00294745883062
0.00294377323151
0.0029399276525
0.00293591720745
0.00293173944284
0.00292739477485
0.00292288753512
0.00291822426813
0.00291341512371
0.0029084736544
0.00290341586045
0.00289825992619
0.00289302537282
0.00288774550036
0.00288242626763
0.00287708676904
0.00287174490488
0.00286641705145
0.00286111787367
0.00285586024952
0.00285065527885
0.00284551234096
0.00284043920091
0.00283544212442
0.00283052600362
0.00282569448247
0.00282097971105
0.0028163697323
0.0028118455093
0.00280740689839
0.00280305308875
0.00279878271358
0.00279459379146
0.0027904838933
0.00278645019886
0.00278248951624
0.00277859831861
0.00277477277417
0.00277100876578
0.00276730190976
0.00276364757385
0.00276004086204
0.00275647662772
0.00275294947508
0.0027494537481
0.00274598352228
0.00274253259186
0.00273909446017
0.00273566232865
0.00273222908764
0.00272878731122
0.00272532925825
0.00272184688254
0.00271833185587
0.0027147756084
0.00271116939194
0.00270750437234
0.00270377175797
0.00269996297155
0.00269606987159
0.00269208502828
0.00268800205433
0.00268381598557
0.0026795236984
0.00267512433163
0.00267061968993
0.00266601456397
0.00266131692069
0.00265653790519
0.00265169161261
0.00264679461193
0.0026418652377
0.00263692270256
0.00263198611456
0.00262707349936
0.00262220092546
0.00261738180968
0.00261262644802
0.00260794178138
0.00260333137479
0.00259879556868
0.00259433175114
0.00258993470216
0.00258559696834
0.00258130923855
0.00257706070322
0.00257283939106
0.00256863248563
0.00256442663084
0.00256020823749
0.00255596380384
0.00255168026094
0.00254734534712
0.00254294800792
0.00253847880537
0.00253393030917
0.00252929743195
0.00252457766741
0.00251977119524
0.00251488083218
0.00250991183151
0.00250487155804
0.00249976908554
0.00249461477279
0.00248941987144
0.00248419620451
0.00247895593416
0.00247371141675
0.00246847512562
0.00246325961215
0.0024580774729
0.00245294129486
0.00244786356035
0.00244285650526
0.00243793193604
0.00243310102091
0.00242837407605
0.00242376036897
0.00241926795804
0.00241490358153
0.00241067260198
0.00240657900511
0.00240262544744
0.00239881334183
0.00239514297104
0.00239161361782
0.00238822370159
0.00238497091444
0.00238185235084
0.00237886462723
0.00237600398957
0.00237326640797
0.00237064765855
0.0023681433931
0.0023657491976
0.00236346064067
0.00236127331332
0.00235918286098
0.00235718500567
0.00235527549412
0.0023534503513
0.0023517056433
0.00235003757042
0.00234844247296
0.00234691683276
0.00234545727588
0.00234406057191
0.00234272363246
0.00234144350883
0.00234021738892
0.00233904259356
0.00233791657245
0.00233683689983
0.00233580126983
0.0023348074919
0.00233385348596
0.00233293727774
0.00233205699403
0.00233121085803
0.00233039718489
0.00232961437718
0.00232886092105
0.00232813538115
0.00232743639714
0.00232676268086
0.00232611301021
0.00232548622774
0.00232488123674
0.00232429699793
0.00232373252642
0.00232318688879
0.00232265920033
0.00232214862242
0.00232165436002
0.00232117565935
0.00232071180561
0.00232026212088
0.00231982596214
0.00231940271934
0.00231899181362
0.0023185926956
0.00231820484381
0.00231782776317
0.00231746098352
0.00231710405832
0.00231675656335
0.00231641809551
0.00231608827168
0.00231576672765
0.00231545311712
0.0023151473148
0.00231484882845
0.0023145573123
0.00231427248392
0.00231399407441
0.00231372182776
0.00231345550007
0.00231319485901
0.00231293968312
0.00231268976133
0.00231244489238
0.00231220488431
0.002311969554
0.00231173872672
0.00231151223569
0.00231128992169
0.00231107163264
0.00231085722331
0.00231064655492
0.00231043949487
0.00231023591635
0.00231003569817
0.00230983872436
0.00230964488403
0.00230945407103
0.00230926618377
0.002309081125
0.00230889880157
0.00230871912426
0.0023085420076
0.00230836736965
0.00230819513189
0.00230802521901
0.0023078575588
0.00230769208197
0.00230752872204
0.00230736741521
0.0023072081002
0.0023070507182
0.00230689521271
0.00230674152943
0.0023065896162
0.00230643942287
0.00230629090124
0.00230614400494
0.00230599868937
0.00230585491162
0.00230571263041
0.00230557180597
0.00230543240005
0.00230529437577
0.00230515769763
0.00230502233143
0.0023048882442
0.00230475540415
0.00230462378065
0.00230449334415
0.00230436406614
0.00230423591912
0.00230410887655
0.00230398291281
0.00230385800317
0.00230373412373
0.00230361125143
0.00230348936397
0.00230336843981
0.00230324845813
0.0023031293988
0.00230301124236
0.00230289396997
0.00230277756342
0.0023026620051
0.00230254727794
0.00230243336543
0.00230232025158
0.00230220792091
0.00230209635842
0.00230198554957
0.00230187548029
0.00230176613693
0.00230165750625
0.00230154957542
0.00230144233199
0.00230133576389
0.0023012298594
0.00230112460716
0.00230101999612
0.00230091601558
0.00230081265511
0.00230070990463
0.0023006077543
0.00230050619458
0.00230040521621
0.00230030484547
0.00230020508343
0.00230010587753
0.00230000721931
0.00229990910059
0.00229981151339
0.00229971444998
0.00229961790286
0.0022995218647
0.0022994263284
0.00229933128702
0.00229923673383
0.00229914266225
0.00229904906589
0.00229895593851
0.00229886327403
0.00229877106652
0.0022986793102
0.00229858799944
0.00229849712873
0.0022984066927
0.00229831668613
0.00229822710388
0.00229813794097
0.00229804919252
0.00229796085378
0.00229787292008
0.00229778538688
0.00229769824973
0.0022976115043
0.00229752514634
0.00229743917168
0.00229735357628
0.00229726835616
0.00229718350744
0.0022970990263
0.00229701490902
0.00229693115197
0.00229684775156
0.00229676470432
0.00229668200681
0.00229659965568
0.00229651764764
0.00229643597948
0.00229635464804
0.00229627365023
0.002296192983
0.0022961126434
0.00229603262849
0.00229595293541
0.00229587356137
0.00229579450359
0.00229571575937
0.00229563732607
0.00229555920106
0.00229548138179
0.00229540386574
0.00229532665045
0.00229524973348
0.00229517311244
0.002295096785
0.00229502074885
0.00229494500171
0.00229486954137
0.00229479436563
0.00229471947234
0.00229464485937
0.00229457052464
0.0022944964661
0.00229442268171
0.00229434916951
0.00229427592751
0.00229420295381
0.0022941302465
0.0022940578037
0.00229398562357
0.00229391370431
0.00229384204411
0.00229377064122
0.0022936994939
0.00229362860044
0.00229355795914
0.00229348756834
0.0022934174264
0.0022933475317
0.00229327788264
0.00229320847764
0.00229313931514
0.00229307039362
0.00229300171156
0.00229293326745
0.00229286505983
0.00229279708723
0.00229272934822
0.00229266184137
0.00229259456528
0.00229252751856
0.00229246069984
0.00229239410777
0.00229232774101
0.00229226159824
0.00229219567814
0.00229212997943
0.00229206450083
0.00229199924107
0.00229193419892
0.00229186937312
0.00229180476247
0.00229174036575
0.00229167618176
0.00229161220934
0.00229154844729
0.00229148489448
0.00229142154975
0.00229135841197
0.00229129548001
0.00229123275277
0.00229117022915
0.00229110790805
0.0022910457884
0.00229098386913
0.00229092214919
0.00229086062753
0.0022907993031
0.00229073817489
0.00229067724187
0.00229061650304
0.0022905559574
0.00229049560395
0.00229043544173
0.00229037546974
0.00229031568704
0.00229025609266
0.00229019668566
0.00229013746511
0.00229007843006
0.0022900195796
0.00228996091281
0.00228990242883
0.00228984412673
0.00228978600561
0.00228972806457
0.00228967030274
0.00228961271925
0.00228955531324
0.00228949808386
0.00228944103024
0.00228938415155
0.00228932744695
0.00228927091561
0.00228921455671
0.00228915836943
0.00228910235295
0.00228904650648
0.00228899082921
0.00228893532035
0.00228887997912
0.00228882480473
0.00228876979643
0.00228871495343
0.00228866027495
0.00228860576025
0.00228855140856
0.00228849721914
0.00228844319124
0.00228838932412
0.00228833561706
0.00228828206931
0.00228822868017
0.0022881754489
0.00228812237481
0.00228806945716
0.00228801669528
0.00228796408844
0.00228791163597
0.00228785933716
0.00228780719134
0.00228775519782
0.00228770335592
0.00228765166497
0.00228760012431
0.00228754873326
0.00228749749117
0.00228744639738
0.00228739545125
0.00228734465211
0.00228729399934
0.00228724349228
0.00228719313031
0.00228714291279
0.00228709283909
0.00228704290858
0.00228699312066
0.00228694347469
0.00228689397007
0.00228684460619
0.00228679538244
0.00228674629822
0.00228669735293
0.00228664854597
0.00228659987675
0.00228655134468
0.00228650294918
0.00228645468967
0.00228640656556
0.00228635857628
0.00228631072127
0.00228626299994
0.00228621541174
0.00228616795609
0.00228612063245
0.00228607344026
0.00228602637896
0.002285979448
0.00228593264684
0.00228588597492
0.00228583943172
0.00228579301669
0.00228574672929
0.002285700569
0.00228565453528
0.0022856086276
0.00228556284545
0.00228551718831
0.00228547165564
0.00228542624695
0.0022853809617
0.00228533579941
0.00228529075955
0.00228524584162
0.00228520104512
0.00228515636955
0.00228511181441
0.00228506737922
0.00228502306347
0.00228497886667
0.00228493478835
0.00228489082801
0.00228484698518
0.00228480325937
0.00228475965011
0.00228471615692
0.00228467277933
0.00228462951687
0.00228458636908
0.00228454333548
0.00228450041562
0.00228445760904
0.00228441491527
0.00228437233387
0.00228432986437
0.00228428750632
0.00228424525929
0.00228420312281
0.00228416109645
0.00228411917976
0.00228407737231
0.00228403567365
0.00228399408335
0.00228395260097
0.00228391122608
0.00228386995826
0.00228382879708
0.0022837877421
0.00228374679291
0.00228370594908
0.0022836652102
0.00228362457585
0.00228358404561
0.00228354361907
0.00228350329582
0.00228346307545
0.00228342295755
0.00228338294171
0.00228334302754
0.00228330321462
0.00228326350257
0.00228322389097
0.00228318437945
0.0022831449676
0.00228310565502
0.00228306644134
0.00228302732615
0.00228298830909
0.00228294938975
0.00228291056775
0.00228287184272
0.00228283321428
0.00228279468204
0.00228275624563
0.00228271790468
0.00228267965882
0.00228264150766
0.00228260345085
0.00228256548802
0.0022825276188
0.00228248984282
0.00228245215973
0.00228241456916
0.00228237707076
0.00228233966417
0.00228230234902
0.00228226512497
0.00228222799167
0.00228219094876
0.0022821539959
0.00228211713273
0.00228208035891
0.0022820436741
0.00228200707795
0.00228197057013
0.00228193415028
0.00228189781808
0.00228186157319
0.00228182541526
0.00228178934398
0.002281753359
0.00228171745999
0.00228168164663
0.00228164591858
0.00228161027553
0.00228157471714
0.0022815392431
0.00228150385308
0.00228146854675
0.00228143332381
0.00228139818393
0.0022813631268
0.0022813281521
0.00228129325952
0.00228125844875
0.00228122371947
0.00228118907139
0.00228115450418
0.00228112001754
0.00228108561117
0.00228105128476
0.00228101703802
0.00228098287064
0.00228094878231
0.00228091477275
0.00228088084166
0.00228084698873
0.00228081321368
0.00228077951621
0.00228074589602
0.00228071235284
0.00228067888637
0.00228064549631
0.0022806121824
0.00228057894433
0.00228054578182
0.0022805126946
0.00228047968238
0.00228044674487
0.00228041388181
0.00228038109291
0.00228034837789
0.00228031573648
0.0022802831684
0.00228025067339
0.00228021825116
0.00228018590145
0.00228015362399
0.00228012141851
0.00228008928474
0.00228005722242
0.00228002523128
0.00227999331105
0.00227996146148
0.0022799296823
0.00227989797325
0.00227986633407
0.00227983476451
0.0022798032643
0.0022797718332
0.00227974047093
0.00227970917726
0.00227967795193
0.00227964679469
0.00227961570528
0.00227958468345
0.00227955372897
0.00227952284158
0.00227949202103
0.00227946126708
0.00227943057948
0.002279399958
0.00227936940238
0.00227933891239
0.00227930848779
0.00227927812834
0.00227924783381
0.00227921760394
0.00227918743851
0.00227915733729
0.00227912730003
0.00227909732651
0.0022790674165
0.00227903756975
0.00227900778605
0.00227897806516
0.00227894840686
0.00227891881092
0.0022788892771
0.0022788598052
0.00227883039498
0.00227880104621
0.00227877175868
0.00227874253217
0.00227871336646
0.00227868426131
0.00227865521653
0.00227862623188
0.00227859730716
0.00227856844214
0.00227853963661
0.00227851089036
0.00227848220318
0.00227845357484
0.00227842500515
0.00227839649388
0.00227836804084
0.00227833964581
0.00227831130858
0.00227828302894
0.0022782548067
0.00227822664165
0.00227819853357
0.00227817048227
0.00227814248755
0.00227811454919
0.00227808666701
0.0022780588408
0.00227803107037
0.0022780033555
0.00227797569602
0.00227794809171
0.00227792054239
0.00227789304785
0.00227786560791
0.00227783822237
0.00227781089104
0.00227778361373
0.00227775639024
0.00227772922038
0.00227770210396
0.00227767504081
0.00227764803071
0.0022776210735
0.00227759416899
0.00227756731698
0.00227754051729
0.00227751376974
0.00227748707415
0.00227746043033
0.0022774338381
0.00227740729728
0.00227738080769
0.00227735436915
0.00227732798148
0.0022773016445
0.00227727535804
0.00227724912191
0.00227722293595
0.00227719679998
0.00227717071382
0.00227714467729
0.00227711869023
0.00227709275247
0.00227706686383
0.00227704102414
0.00227701523322
0.00227698949092
0.00227696379707
0.00227693815148
0.002276912554
0.00227688700446
0.0022768615027
0.00227683604854
0.00227681064182
0.00227678528238
0.00227675997006
0.00227673470469
0.00227670948612
0.00227668431417
0.00227665918869
