0.0152224739577
0.0117970414259
0.0116246453757
0.0115652131655
0.0115189342106
0.011470999236
0.011425779299
0.0113957146951
0.0113747821904
0.0113569464999
0.011340835616
0.011326218765
0.0113129667863
0.0113009146631
0.0112898745349
0.011279658185
0.0112700894158
0.0112610073449
0.0112520679981
0.0112433027076
0.0112345727742
0.0112257135515
0.0112165346965
0.011206802871
0.0111962183724
0.0111843824959
0.0111707512155
0.011154571622
0.0111348206354
0.0111103361697
0.0110810302071
0.0110506278568
0.0110234870331
0.0109977262256
0.0109684372567
0.0109263310408
0.0108459295043
0.0107416080854
0.0106721316725
0.0106129072419
0.0105516791245
0.0104870726623
0.0104221055216
0.0103586252039
0.0102981426637
0.010242435737
0.0101927430479
0.0101493010441
0.0101115802545
0.0100786905578
0.0100496649286
0.0100235972184
0.00999968985157
0.00997725179403
0.00995567832174
0.00993442802662
0.00991300962881
0.00989099451705
0.00986829264805
0.00984542414703
0.009822645205
0.0097995439056
0.0097764391295
0.00975352992806
0.00973081294753
0.00970807893496
0.00968482138888
0.00966012966114
0.00963257670591
0.00960025520394
0.00956047623725
0.00951613871805
0.00947278920499
0.00943596685821
0.00940537809
0.00937942953776
0.00935730961546
0.00933745231036
0.00931823246282
0.00929897433162
0.00927927192084
0.00925897014527
0.00923810032554
0.00921678573087
0.00919515167529
0.00917326711932
0.00915112809038
0.00912867946476
0.00910586606406
0.00908270290505
0.00905934812229
0.00903614657737
0.00901360802444
0.00899228587627
0.0089726300999
0.00895490072992
0.00893914892706
0.00892527059054
0.00891307760227
0.00890235473989
0.00889289355037
0.00888450746955
0.00887703566913
0.00887055675565
0.00886493202846
0.0088598814442
0.00885531335724
0.00885115269778
0.00884734428564
0.00884382315915
0.00884054590845
0.00883748103896
0.00883459839336
0.00883188886593
0.008829298767
0.00882682589644
0.00882447164415
0.00882218894895
0.00881999071396
0.00881786129395
0.00881578168192
0.00881376704502
0.00881178167919
0.00880984746162
0.00880793804969
0.0088060558472
0.00880420503589
0.00880235399525
0.00880053579413
0.0087987266202
0.00879690969598
0.00879511387877
0.00879331921855
0.00879151079027
0.00878970231891
0.00878789338234
0.00878607401535
0.00878424056668
0.00878238055298
0.00878050538449
0.00877861551212
0.00877670054478
0.00877475727033
0.00877278237865
0.00877077232335
0.00876872335069
0.00876663150168
0.00876449248907
0.0087623003845
0.00876005092495
0.00875773951954
0.00875536004398
0.00875290568931
0.00875036905061
0.00874774176756
0.00874501439612
0.00874217956224
0.00873922529215
0.00873613598712
0.00873289572423
0.00872948547926
0.0087258700569
0.00872203976997
0.00871795819241
0.00871355504717
0.00870880090893
0.00870356907341
0.00869774369437
0.00869107129268
0.00868309351116
0.00867285755786
0.00865803860675
0.00863439130099
0.0086031374878
0.0085739654714
0.00854684005818
0.00852028361723
0.00849438121027
0.00846941323456
0.00844554042483
0.0084227915137
0.00840109621426
0.00838031842615
0.00836028003841
0.00834077356903
0.00832156399624
0.00830237996974
0.00828289316703
0.0082626826031
0.00824118016128
0.00821760258771
0.00819092189948
0.0081600696537
0.00812473321786
0.00808646851857
0.00804828717973
0.00801263882337
0.00798057253312
0.00795221794527
0.00792732346577
0.00790556752008
0.00788672600489
0.00787039654817
0.00785625462203
0.00784400292244
0.00783336673676
0.00782407584756
0.00781592999972
0.00780874386604
0.00780236215419
0.00779664408954
0.00779150634692
0.00778684046112
0.0077825847502
0.0077786659698
0.00777504914979
0.00777167062685
0.00776850259096
0.00776551313147
0.00776267824049
0.00775995979885
0.00775733779731
0.007754798261
0.00775232092352
0.00774988564268
0.00774747163382
0.00774506694312
0.00774265512337
0.00774021634711
0.00773773532108
0.00773519393081
0.00773257316488
0.00772985284777
0.0077270113586
0.00772402534372
0.00772086944766
0.00771751611434
0.00771393555088
0.00771009600331
0.00770596456508
0.00770150881165
0.00769669959094
0.00769151522441
0.00768594707391
0.0076800058125
0.00767372686723
0.00766717277963
0.00766043035744
0.00765360196853
0.00764679270441
0.00764010246295
0.00763359630662
0.00762732071009
0.00762129654949
0.00761551852093
0.00760997140503
0.00760461942527
0.00759941611038
0.007594306762
0.00758922967161
0.00758411622984
0.0075788902555
0.00757346707749
0.00756775331584
0.00756164909178
0.00755505563575
0.00754789255871
0.00754012862718
0.00753182380075
0.00752316526953
0.00751446354371
0.00750608809202
0.00749836363492
0.00749148541253
0.00748550605261
0.00748037255261
0.00747597726356
0.00747219740094
0.00746891727583
0.00746603739875
0.00746347615143
0.00746116811206
0.00745906130074
0.00745711439608
0.00745529431701
0.00745357425698
0.0074519321331
0.00745034937432
0.00744880996966
0.00744729970691
0.00744580554358
0.00744431506122
0.00744281596041
0.00744129555564
0.00743974022612
0.00743813476972
0.00743646158827
0.0074346995997
0.00743282271404
0.00743079760675
0.00742858033386
0.00742611097344
0.00742330476314
0.0074200367032
0.00741611325808
0.00741121690762
0.00740478975194
0.00739591742671
0.00738307784207
0.0073625037707
0.00733021323917
0.00728801954188
0.00724269025825
0.00719909116349
0.00715958685406
0.00712497336744
0.0070951471137
0.0070695663031
0.00704754312068
0.00702840284234
0.00701155388792
0.00699650628795
0.00698286452987
0.00697043795029
0.00695885388139
0.00694788155071
0.00693731039734
0.00692693807436
0.00691658014221
0.00690599572734
0.00689489528138
0.0068828615403
0.00686928828943
0.00685314996205
0.00683271145643
0.00680489549408
0.00676551583207
0.00671539599732
0.00666665530347
0.00662630664087
0.00659330113922
0.00656595193111
0.00654288409104
0.00652299330482
0.00650545204579
0.00648962285464
0.00647504383193
0.00646145498793
0.0064486605141
0.00643651760924
0.00642494071791
0.00641386152225
0.00640322534329
0.00639298743967
0.00638310715211
0.00637354845632
0.00636426213157
0.00635521359325
0.00634635156471
0.00633763981678
0.00632902335269
0.00632045703179
0.0063118961393
0.00630328282978
0.00629457777186
0.00628572589495
0.00627668200166
0.00626740250513
0.00625779562993
0.00624774225092
0.00623729108708
0.00622639530603
0.00621499842173
0.00620303373806
0.00619041314071
0.0061770315049
0.00616276893498
0.00614751019273
0.00613117834784
0.00611376393601
0.00609532635618
0.00607593847755
0.00605485515696
0.00603057190257
0.00600474730112
0.00597821768854
0.00595238518419
0.00592833534844
0.00590613278364
0.00588491215461
0.00586309111036
0.00583821845841
0.00580657930494
0.0057640824387
0.00571153889354
0.00565672188834
0.00560479986148
0.00555678585063
0.0055132453013
0.00547535004628
0.00544401212075
0.00541907112576
0.00539957116331
0.0053843412978
0.00537232189563
0.00536266775296
0.00535474644483
0.00534810013419
0.00534240206613
0.00533741954838
0.00533298597834
0.00532898087692
0.00532531601503
0.00532192588789
0.00531876115555
0.0053157841126
0.00531296553726
0.00531028245449
0.0053077165445
0.00530525957234
0.00530289384104
0.00530060888834
0.00529839629434
0.00529624891216
0.00529416061216
0.00529212605547
0.0052901405465
0.00528819991114
0.00528630039178
0.00528443856406
0.00528261126842
0.00528081560596
0.00527904877558
0.00527730804269
0.00527559079435
0.00527389444922
0.00527221641875
0.00527055406713
0.0052689046674
0.00526727929905
0.00526567884965
0.00526408034805
0.00526248019187
0.00526087433393
0.00525925815733
0.00525762631461
0.00525597251643
0.00525428924863
0.00525256738545
0.00525079564922
0.0052489598375
0.00524704168674
0.00524501714829
0.00524285367578
0.00524050576761
0.00523790724967
0.00523495703082
0.00523149064418
0.00522721739325
0.00522156479765
0.00521320947861
0.00519849880935
0.00516707924221
0.00510845114984
0.00504239874505
0.00497961163808
0.00492097892971
0.00486840873194
0.00482240016554
0.00478247005265
0.00474788717755
0.00471801226816
0.00469234643255
0.00467046130756
0.00465193445353
0.00463633269939
0.00462322852208
0.00461222307604
0.00460296178698
0.00459514025471
0.00458850472524
0.00458284435055
0.00457798087013
0.0045737740521
0.00457010954035
0.00456689409233
0.00456405159844
0.00456152157209
0.00455925329413
0.0045572036461
0.00455533777163
0.00455362678566
0.00455204663694
0.00455057719174
0.00454920149359
0.00454790516336
0.00454667591096
0.00454550313585
0.00454437759762
0.00454329114174
0.00454223646816
0.00454120693263
0.00454019637221
0.00453919894757
0.00453820899565
0.00453722088647
0.00453622887818
0.00453522696447
0.00453420870789
0.00453316705251
0.00453209410862
0.00453098090243
0.0045298170844
0.0045285905927
0.00452728727562
0.00452589049049
0.00452438072426
0.00452273532771
0.00452092853043
0.00451893201009
0.00451671640799
0.00451425424643
0.00451152456198
0.00450851902309
0.00450524826178
0.00450174601479
0.00449806844904
0.00449428761071
0.00449048072125
0.00448671901252
0.00448305950146
0.00447954116464
0.00447618503286
0.00447299676306
0.00446996702724
0.00446707294202
0.00446430648922
0.00446164488913
0.00445906359287
0.0044565370303
0.00445403886004
0.00445154181301
0.00444901724241
0.00444643443399
0.00444375974817
0.00444098250748
0.00443803799612
0.00443487639512
0.00443144717071
0.00442769977689
0.00442359131376
0.00441911332529
0.00441434311221
0.00440927392484
0.00440403974707
0.00439878926577
0.00439369456596
0.00438888345386
0.00438442884352
0.00438034651031
0.00437662337992
0.00437321802896
0.00437007530897
0.00436714968658
0.00436438326429
0.00436173298428
0.00435915639756
0.00435661564207
0.00435407380265
0.00435149745169
0.00434885498254
0.00434611571557
0.00434324959152
0.00434022649659
0.00433701648492
0.00433359099702
0.00432992041815
0.00432597366062
0.0043217165256
0.00431710938994
0.00431210423848
0.00430664107992
0.00430064425761
0.00429401926991
0.00428665251812
0.00427841804761
0.00426919857522
0.00425892660501
0.00424764693707
0.00423554316768
0.00422291263792
0.00421006801532
0.00419724920552
0.00418457552513
0.00417205636974
0.00415962324187
0.00414714483931
0.00413445522749
0.00412134567712
0.00410758606905
0.00409289320238
0.00407694974952
0.00405941010624
0.00403986248308
0.0040178876359
0.00399304338998
0.0039648017358
0.00393256179419
0.00389568237631
0.00385360689951
0.0038058176929
0.00375099608213
0.00368743198028
0.00361899444704
0.00355579342698
0.00350325619192
0.00346140550319
0.00342853060183
0.00340270460811
0.00338226280232
0.00336591596818
0.00335265287811
0.00334178353739
0.00333275908324
0.00332518038521
0.00331873142368
0.00331316771924
0.00330829086271
0.00330394415518
0.00330000274642
0.00329636595229
0.00329295112522
0.00328968864197
0.00328651765282
0.00328338225622
0.00328022950467
0.00327716606166
0.0032739986836
0.0032706523302
0.00326703027835
0.00326299790515
0.00325835393244
0.00325277598526
0.00324571163191
0.00323615307246
0.00322219142272
0.00320040450647
0.00316651299213
0.00312055591425
0.00307041818542
0.00302371029452
0.00298228702582
0.00294503935391
0.00291097298575
0.00288019167412
0.00285337893906
0.00283083018709
0.00281215368524
0.00279660123115
0.00278342777003
0.00277203230458
0.0027620045407
0.00275299614678
0.00274479520164
0.00273725577611
0.00273027630304
0.0027237837504
0.00271772380309
0.00271205427441
0.00270674085963
0.0027017544462
0.00269706944424
0.00269266277466
0.0026885132708
0.00268460134413
0.00268090877344
0.00267741860687
0.0026741150907
0.00267098361733
0.00266801067949
0.0026651839984
0.00266249528606
0.00265993065349
0.00265748047219
0.00265513594447
0.00265288904294
0.00265073245012
0.00264865949985
0.00264666412265
0.00264474080094
0.00264288448578
0.00264109058899
0.00263935492397
0.00263767366121
0.00263604333285
0.00263446071054
0.00263292286159
0.00263142709387
0.00262997093163
0.00262855209473
0.00262716847965
0.00262581814271
0.00262449928412
0.00262321023291
0.00262194961967
0.00262071685799
0.00261957742756
0.00261853082219
0.00261750682966
0.00261650680471
0.0026155565077
0.0026146005628
0.00261367109546
0.00261277026196
0.00261188088614
0.00261101294239
0.00261017038951
0.00260931541975
0.00260849747562
0.00260766562691
0.00260686435153
0.00260607577647
0.00260529122753
0.00260451047231
0.0026037331873
0.00260295862126
0.00260220400743
0.00260146284698
0.00260070492711
0.00259997061816
0.00259923018277
0.00259850528082
0.00259776647744
0.00259705551833
0.00259633471828
0.00259561073277
0.00259489106376
0.00259418609068
0.00259348464232
0.00259278285915
0.00259207700508
0.00259137395716
0.00259067336879
0.00258997492898
0.00258927563773
0.0025885731733
0.00258787003937
0.0025871728554
0.00258648228089
0.00258579247168
0.00258510358717
0.00258440793505
0.00258370243716
0.00258301479936
0.00258232725771
0.00258163435926
0.00258092714946
0.00258023875553
0.00257954995074
0.00257884033784
0.0025781458972
0.00257745462175
0.00257674444718
0.00257604419592
0.00257534897843
0.00257463084368
0.00257392953495
0.00257322914769
0.00257250279696
0.00257179787795
0.00257108462635
0.00257035733896
0.00256964491164
0.00256891112542
0.00256818753263
0.00256746613715
0.00256671763855
0.00256598932993
0.00256524370847
0.00256449750129
0.00256375734466
0.00256298950937
0.0025622404989
0.00256147577847
0.00256070517262
0.00255994168465
0.00255914952969
0.00255837512155
0.00255758402206
0.00255678578309
0.00255599361151
0.00255517163118
0.00255436621241
0.0025535419133
0.00255271119625
0.00255188429422
0.00255102627956
0.0025501837761
0.00254931798555
0.0025484497186
0.00254758142195
0.00254668027229
0.00254579317723
0.00254487570449
0.00254396555239
0.00254304247262
0.00254209606734
0.00254115626781
0.00254018174157
0.00253921868628
0.00253822636281
0.00253723159225
0.00253622529314
0.00253519311408
0.00253416475645
0.00253309924819
0.00253204252914
0.00253094796396
0.00252986133639
0.00252873653538
0.00252761767365
0.00252646629118
0.00252530941811
0.00252412753911
0.00252293429253
0.00252171829288
0.00252049021673
0.00251923684423
0.0025179756162
0.0025166820165
0.00251538981787
0.0025140590948
0.00251273287826
0.00251136648333
0.00251000242757
0.00250860416654
0.00250718892562
0.00250577463025
0.00250432462289
0.00250287425617
0.00250140133697
0.00249990784301
0.00249841936685
0.00249690372106
0.00249537397909
0.00249384559493
0.00249230663627
0.00249075007102
0.00248918751123
0.00248763781181
0.00248606945322
0.00248449591221
0.00248292173626
0.00248135288125
0.00247979694295
0.00247822893305
0.0024766657386
0.00247510887902
0.00247355977245
0.00247202004665
0.00247050147674
0.00246899012984
0.00246748342493
0.00246598992428
0.00246451071438
0.00246304644921
0.00246159793907
0.00246016591055
0.00245875059976
0.00245735280554
0.00245598044474
0.00245462685526
0.00245328605817
0.00245196076749
0.00245065377773
0.00244936568387
0.00244809600754
0.00244684492421
0.00244561909816
0.00244441764034
0.00244322094542
0.00244154979126
0.00243979641316
0.00243808950883
0.00243641787145
0.00243477086771
0.00243315787821
0.00243157870591
0.00243005022231
0.00242853330557
0.00242704688881
0.00242560241929
0.00242418170349
0.00242278063375
0.00242142748656
0.00242007877052
0.00241876868165
0.00241747731954
0.00241621849246
0.0024149694798
0.0024137603556
0.00241255704296
0.00241138136255
0.00241023362088
0.00240910546208
0.00240799242609
0.00240689233345
0.00240581443142
0.00240475769913
0.00240372130399
0.00240270183829
0.00240169000734
0.00240069209304
0.0023997148302
0.00239876590001
0.00239780797366
0.00239688924317
0.00239595864386
0.00239506733043
0.00239416164335
0.00239328684375
0.00239242846235
0.00239157750246
0.00239072867895
0.00238989422526
0.00238907379547
0.00238826705132
0.00238747437306
0.0023866816737
0.00238588840605
0.00238510285182
0.00238435217657
0.00238359001897
0.00238284077956
0.0023821054057
0.00238137547281
0.00238064673824
0.00237994589489
0.00237923716521
0.00237853133235
0.00237783954118
0.00237716211696
0.00237648959352
0.00237582208093
0.00237515953552
0.00237450191341
0.00237385888283
0.0023732272954
0.00237259610117
0.00237195524184
0.00237134407102
0.00237072779666
0.00237011640214
0.00236951600457
0.00236891885458
0.0023683184669
0.00236774703896
0.00236715965388
0.00236657579166
0.00236600653244
0.00236544738685
0.00236489166959
0.00236433832525
0.00236378761307
0.00236323959017
0.00236269430497
0.00236215127118
0.00236161489222
0.0023610933723
0.00236057703964
0.00236005052001
0.00235953141197
0.00235903071717
0.00235850969028
0.00235801673963
0.00235750896179
0.00235702261041
0.00235651988285
0.00235604572206
0.00235555505264
0.00235506665502
0.00235459734559
0.00235412779775
0.00235365242826
0.00235318150963
0.00235271482453
0.00235225226968
0.00235179575984
0.00235134241745
0.00235089040183
0.00235044209294
0.00234999903866
0.00234955969387
0.00234912382714
0.00234869165724
0.00234825715549
0.00234781715243
0.00234739521061
0.00234697662836
0.00234654201795
