0.120891039663
0.0423203195062
0.0217869593067
0.0162064941555
0.0142201512558
0.013262369021
0.0126771952605
0.0122675666357
0.0119729327354
0.0117498934896
0.0115857230017
0.0114801364726
0.0114055932034
0.0113420753592
0.0112884706667
0.0112435876643
0.0112006234015
0.0111570608476
0.0111150797119
0.0110782738011
0.0110477355902
0.0110188803772
0.0109884529062
0.0109612611376
0.0109369001108
0.0109135815036
0.0108869649374
0.0108595786917
0.0108232282646
0.0107920867479
0.0107698080044
0.0107542878152
0.0107411548518
0.0107295950562
0.0107192135599
0.0107097758149
0.0107011196591
0.0106935346171
0.0106866332738
0.0106801142179
0.0106739263816
0.0106680267665
0.0106623789647
0.0106569519907
0.0106517193473
0.0106466582726
0.0106417491287
0.0106369749026
0.0106323207962
0.0106277738885
0.0106233228557
0.0106189577376
0.0106146697432
0.010610451087
0.0106062948509
0.0106022927715
0.0105983365513
0.0105943984814
0.0105904802597
0.0105865773091
0.0105826945832
0.0105788207098
0.0105749663084
0.0105711212204
0.0105672898982
0.0105634673596
0.0105596585507
0.010555862597
0.0105520683836
0.0105481978717
0.0105443379588
0.0105404842625
0.0105366395892
0.0105328000944
0.0105289644813
0.0105251315298
0.0105213071078
0.0105176443074
0.0105140600898
0.0105104745158
0.0105068898555
0.0105033031672
0.0104997130594
0.0104961188625
0.0104925199455
0.0104889157052
0.0104853055612
0.0104816889518
0.0104780653311
0.0104744341675
0.0104707949422
0.010467147148
0.0104634902885
0.0104598238771
0.0104561474366
0.0104520156013
0.0104470409363
0.0104401507451
0.0104342459203
0.0104288999213
0.0104238634381
0.0104190112711
0.0104142757262
0.0104081181652
0.0103994344489
0.0103872563635
0.0103701829361
0.0103572091702
0.0103437299452
0.0103297415302
0.0103186647098
0.0103091069628
0.0103004664022
0.0102925835553
0.0102851867139
0.0102781103064
0.0102713081564
0.0102647485229
0.0102584066739
0.0102522631333
0.0102463023357
0.0102405097295
0.0102348737676
0.0102293798808
0.0102240164525
0.0102187685316
0.0102136214364
0.0102085625945
0.0102035809147
0.0101986665911
0.0101938109573
0.0101890063431
0.0101842458342
0.0101795233306
0.0101748333938
0.0101701711683
0.0101655323141
0.0101609129477
0.0101563096824
0.0101517256875
0.0101471515943
0.0101425849048
0.0101380233776
0.0101334649999
0.0101289079627
0.0101243506403
0.0101197949703
0.0101152367767
0.0101106743892
0.0101061067338
0.0101015328458
0.010096951859
0.0100923629959
0.0100877655581
0.0100831589188
0.0100785425173
0.0100739160204
0.010069278791
0.0100646304163
0.010059970522
0.010055298777
0.010050614927
0.010045625624
0.0100405703774
0.0100355099514
0.0100304434618
0.0100253702416
0.0100202897405
0.0100152014692
0.0100101051121
0.0100061356217
0.0100022455777
0.00999839561149
0.0099945666352
0.00999072301558
0.00998686145809
0.00998307775681
0.0099794269508
0.00997577169525
0.00997210925421
0.0099681784451
0.00996393705765
0.00995976079922
0.00994739155635
0.0099353598591
0.00992598836797
0.00991814801573
0.0099112156439
0.0099048475551
0.00989885017492
0.00989311047749
0.00988427368313
0.00987387122193
0.00986071378602
0.00984292662199
0.00982782155126
0.00981634390653
0.00980698005187
0.00979887495083
0.00978179808464
0.00975712546779
0.00973436591668
0.00972104501343
0.00969598645452
0.0096782565433
0.00966184335066
0.00964907890009
0.00963736309754
0.00962658337609
0.00961655383158
0.00959980546104
0.00958519626247
0.00957254196814
0.00956096458044
0.0095501712206
0.00954002072125
0.00953041950398
0.00952129504712
0.00951260004112
0.00950444160302
0.00949610551878
0.00948693175597
0.00947830357145
0.00947015590493
0.00946242008996
0.00945500063956
0.00944782035761
0.00944083700556
0.00943409034101
0.00942752717384
0.00942111059589
0.00941480631833
0.00940859588476
0.00940246549885
0.00939640340816
0.00939039922598
0.00938444359916
0.00937852807552
0.00937264495837
0.00936678731811
0.00936094869779
0.00935520373667
0.00934973940702
0.00934432022288
0.00933893553157
0.00933357631118
0.00932823454502
0.00932290310214
0.00931757554764
0.00931224605356
0.00930690924333
0.00930156023505
0.00929619501222
0.00929080927441
0.00928539904591
0.0092799609227
0.00927449180587
0.00926898905321
0.00926358526122
0.00925817141701
0.00925271807527
0.00924769764563
0.00924285633889
0.00923798698384
0.00923308397033
0.00922814963014
0.00922318002004
0.00921817179714
0.00921312207857
0.00920802850681
0.00920288880391
0.00919770101573
0.00919246353017
0.00918717493708
0.00918183443301
0.00917644118668
0.00917099395814
0.00916549216181
0.00915992611577
0.0091537936867
0.00914726146733
0.00913807444594
0.00912969119502
0.00912053492937
0.00910874381275
0.00909857813773
0.0090848163061
0.0090732782084
0.00906339153916
0.00905438753255
0.00904344236121
0.00902619953808
0.00900873298364
0.00899492556539
0.00898284585191
0.00897172685672
0.00896123218804
0.00895119334063
0.00894151221716
0.00893180276243
0.00892130091698
0.00891119637887
0.00890155901934
0.0088922905757
0.00888452474061
0.00887703803966
0.0088697853051
0.00886205292331
0.00885364925811
0.00884553726665
0.0088376671028
0.0088292436653
0.00881834297845
0.00880464226078
0.0087925143684
0.00878137112427
0.0087713178826
0.0087622934528
0.00875369250811
0.0087454322392
0.00873744930657
0.00872975988336
0.00872238740994
0.00871525022896
0.00870829541813
0.00870149426156
0.00869481113292
0.00868822003223
0.0086816946532
0.00867521549706
0.00866875579112
0.00866229546749
0.00865621564828
0.00864843297307
0.0086400497078
0.008632049007
0.00862430747486
0.00861674447754
0.00860930437622
0.00860194669778
0.00859464014002
0.00858735940451
0.00858011698499
0.00857169501587
0.00856254859067
0.00855382033685
0.00854533094599
0.00853523126985
0.00852156405495
0.0085091662202
0.00849770994742
0.00848682639183
0.00847664889447
0.00846784436723
0.00845921411684
0.00845069436629
0.00844223598911
0.00843379976262
0.00842535451012
0.00841687061381
0.00840832318661
0.00839969000762
0.00839092294927
0.0083820293591
0.00837299552476
0.00836389947062
0.0083551725662
0.00834633144325
0.00833702966616
0.00832753600195
0.00831785248081
0.00830797641851
0.00829787796714
0.00828756837517
0.00827703820439
0.00826628384135
0.00825530867654
0.00824348542233
0.0082312944238
0.00821888472275
0.00820522698985
0.00819108764741
0.00817689823845
0.00816262880479
0.00814833476988
0.0081362732622
0.00812407191598
0.00811174862504
0.00809924191126
0.0080866027938
0.00807574635928
0.00806547469534
0.00805499104557
0.00804428578573
0.008034036879
0.0080236806697
0.00801311209469
0.00800228056369
0.00799147742235
0.00798153478118
0.00797158583154
0.00796151186214
0.00795129925472
0.00794090260698
0.00793031955575
0.00791953827225
0.00790881653721
0.00789889281809
0.00788886006354
0.00787869036102
0.0078683689012
0.00785787349145
0.00784692217622
0.00783582082663
0.00782455486568
0.00781313831922
0.00780157982506
0.00778989698382
0.00777809446191
0.00776662603111
0.0077560790795
0.00774545812074
0.00773480297063
0.00772409179973
0.00771337058443
0.00770263749899
0.00769190329836
0.00768117769364
0.00767049537928
0.00765987426477
0.00765137888573
0.007642900961
0.00763444773959
0.00762602192917
0.00761762668523
0.00760925960008
0.00760093140471
0.00759278917373
0.00758594000607
0.00757916104449
0.00757244167636
0.0075657753772
0.00755915701761
0.00755258317714
0.00754605173936
0.0075395612868
0.00753311125193
0.00752742394887
0.00752273383034
0.0075182169137
0.00751383937342
0.00750955667249
0.00750538107246
0.00750127450978
0.00749721582886
0.00749321589274
0.0074892355796
0.00748529875789
0.00748136687336
0.00747746598347
0.00747355956886
0.00746967569077
0.00746577870012
0.00746189837132
0.00745800297724
0.00745411381004
0.00745022319083
0.00744630827829
0.00744264100726
0.00743950656221
0.00743637230032
0.00743321619534
0.00742988611543
0.00742648074195
0.00742311339911
0.00741975810363
0.00741644190304
0.00741314138195
0.00740983437863
0.00740654949502
0.00740325243393
0.00739996454586
0.00739667468347
0.00739336084677
0.00739005363223
0.0073867350965
0.0073833862506
0.0073800392376
0.00737683273132
0.00737368717564
0.00737056015242
0.00736744636516
0.00736432893341
0.00736120892828
0.00735809446979
0.00735496803304
0.00735182679163
0.00734868486808
0.00734552921134
0.00734234121839
0.00733915229875
0.00733594458144
0.00733271644588
0.00732946110095
0.00732617539977
0.00732287755339
0.0073195539798
0.00731675365754
0.00731405908443
0.00731135386395
0.0073086346976
0.00730589889774
0.00730293800612
0.00729995484549
0.00729699521086
0.0072940508799
0.00729110115895
0.00728816703559
0.0072852319967
0.00728228956431
0.00727933542614
0.00727635732368
0.0072733604969
0.00727034908318
0.0072673128383
0.00726424903678
0.0072611426466
0.00725801057404
0.00725484659738
0.00725164475749
0.00724840286133
0.00724511906507
0.00724179123335
0.0072384175713
0.00723499635716
0.00723152593911
0.00722800473347
0.00722443109413
0.0072208035892
0.00721712072056
0.00721338132806
0.00720960384045
0.0072057474727
0.00720183093767
0.00719787422896
0.00719383445382
0.00718974910384
0.00718558790862
0.00718138058385
0.00717708582847
0.00717275006138
0.00716834407364
0.00716386116609
0.00715933259551
0.00715474078357
0.00715008608123
0.00714536825745
0.00714058496789
0.00713574594719
0.00713085243762
0.00712590592925
0.00712086762985
0.00711548460435
0.00711062280637
0.00710590714157
0.00710116677963
0.00709636257043
0.00709154183561
0.00708667811267
0.00708178834243
0.00707686794846
0.00707205495105
0.00706761182028
0.00706319632343
0.00705874586141
0.00705431806479
0.00704986475814
0.00704541403959
0.00704095435252
0.00703648072343
0.00703201562839
0.00702752060063
0.00702304856825
0.00701853937149
0.0070140590149
0.00700955677697
0.0070050588001
0.00700057199541
0.00699605507486
0.00699157022597
0.00698707527211
0.0069825723379
0.0069780932229
0.00697432276912
0.00697094906837
0.00696613011327
0.00696078591373
0.00695571716951
0.0069506703575
0.00694588692542
0.00694131215346
0.00693691179314
0.00693266542619
0.00692854834797
0.00692454452363
0.00692063983131
0.006916822002
0.00691308066956
0.00690940145196
0.00690577203456
0.00690218179011
0.00689862147574
0.00689508298974
0.00689155917492
0.00688804367947
0.00688453078924
0.00688101532969
0.00687749255829
0.00687395813314
0.00687040802796
0.00686683847781
0.00686324593254
0.00685962701654
0.00685597849373
0.00685229723675
0.00684858019969
0.00684482439376
0.00684045111037
0.0068353637881
0.00683044596342
0.00682564763906
0.00682093033387
0.00681626393472
0.00681162450897
0.00680699281779
0.00680235307637
0.00679769208999
0.00679299861076
0.00678883688067
0.00678479446636
0.0067807270277
0.00677663682543
0.00677297678444
0.00676932736438
0.0067656781913
0.00676201952005
0.00675834211571
0.00675463716067
0.00675089617748
0.0067471108805
0.00674327320075
0.00673937520016
0.00673540902504
0.00673136686697
0.00672724093025
0.00672302340614
0.0067187064533
0.00671434478047
0.00670987950529
0.00670366612765
0.00669763036604
0.00669007817148
0.00668220882146
0.0066749593777
0.00666886709789
0.00666280585458
0.00665659543495
0.00665022472578
0.00664369016284
0.00663697120374
0.00663007356197
0.00662298354903
0.0066156950515
0.00660820343092
0.00660050567604
0.0065926014894
0.00658450358855
0.00657618754617
0.00656767220747
0.00655898018656
0.00655008807735
0.00654102387325
0.00653180052889
0.00652253639333
0.00651391986454
0.00650517909849
0.00649633819996
0.00648741065493
0.00647840030683
0.00646880520352
0.00645872660992
0.00644834779897
0.00643806581004
0.00642789863824
0.00641812312479
0.00641021429414
0.00640230975301
0.00639441972643
0.00638655363787
0.00637872004686
0.00637092751755
0.00636318220888
0.00635591081997
0.0063495147039
0.00634313884887
0.0063367846398
0.00633045373081
0.00632414795516
0.0063169670504
0.00631058176225
0.0063043602953
0.00629827221873
0.00629114072667
0.0062843441752
0.00627784730885
0.0062716070074
0.00626558971914
0.00625976913524
0.00625412438081
0.00624863863357
0.00624329808606
0.00623809117642
0.00623300802419
0.00622740861277
0.00621480113289
0.00620572746387
0.00619771640093
0.00619040384576
0.00618385686235
0.00617818941556
0.00617286117992
0.00616782193852
0.00616303695137
0.00615847188013
0.00615403362851
0.0061495526166
0.00614531726322
0.00614128153707
0.00613746154701
0.00613376763135
0.00613024259719
0.00612684338656
0.00612371344953
0.00612073799497
0.00611789623603
0.00611516103855
0.00611257770161
0.00610976113505
0.00610637968347
0.00610280716283
0.00609900556567
0.00609542662579
0.00609203079443
0.00608878428883
0.00608566983977
0.00608266546288
0.00607976403356
0.00607695173214
0.00607421750295
0.00607155048339
0.00606894121095
0.00606638138685
0.00606386369001
0.00606138162765
0.00605892941354
0.00605650186745
0.00605409433138
0.00605171712968
0.00604878196051
0.00604533523041
0.00604194259668
0.00603859753421
0.00603529458961
0.00603202906203
0.00602879679037
0.0060255940759
0.00602241755218
0.00601926411316
0.00601613086053
0.0060130150644
0.00600991423898
0.0060068478306
0.00600380645188
0.00600077159183
0.00599774093297
0.00599471226406
0.00599168347952
0.00598865254506
0.00598561748223
0.0059825763578
0.00597952727619
0.00597646837442
0.00597339781883
0.0059703138033
0.00596722409244
0.0059641271189
0.00596101079227
0.00595788523336
0.00595472564656
0.0059515499712
0.00594834926368
0.00594511980389
0.0059418598804
0.00593856808822
0.0059352426807
0.00593189347286
0.00592850447573
0.00592507243804
0.00592161222762
0.00591811335595
0.0059145675289
0.0059110009656
0.00590737681415
0.00590373238965
0.00590003040119
0.00589630897033
0.00589252969879
0.00588873265143
0.00588489001739
0.00588100919259
0.00587710521017
0.00587316783561
0.00586919284156
0.00586518881412
0.00586116028868
0.00585710884312
0.00585302730991
0.00584891801944
0.00584480704659
0.00584065750291
0.00583651212587
0.00583234470438
0.00582815994418
0.00582396960819
0.00581977289988
0.00581555240182
0.00581113654425
0.00580652703165
0.00580194974935
0.00579759553755
0.00579339128955
0.00578919273109
0.00578498487101
0.00578080062108
0.00577660934299
0.00577242693291
0.00576824769819
0.00576407831946
0.00575991456161
0.00575576527207
0.00575161762127
0.00574748331463
0.00574335823872
0.00573923970294
0.00573513201819
0.00573103414393
0.00572694540284
0.00572286536372
0.00571883339666
0.00571486125962
0.00571100870352
0.00570796363035
0.00570492127466
0.00570187904851
0.00569883487056
0.00569578703921
0.00569273414242
0.00568967499297
0.00568660858151
0.00568353404233
0.0056804506279
0.00567735768966
0.00567425466339
0.0056711410577
0.005668016445
0.00566488045407
0.00566173276399
0.00565857309906
0.00565581444596
0.00565307993348
0.00565035067108
0.00564762265237
0.00564489267867
0.00564215814842
0.00563941691062
0.00563666716187
0.005633907373
0.00563113623601
0.00562835262503
0.00562555867942
0.0056227508096
0.00561992319777
0.00561708390323
0.0056142283298
0.00561135085154
0.00560846057281
0.00560555272992
0.00560262699788
0.00559968318202
0.00559671722113
0.00559373500515
0.00559073581504
0.00558771817989
0.00558468209167
0.00558162756618
0.00557855453374
0.00557545750612
0.00557234746526
0.00556921920018
0.00556607280222
0.0055629083723
0.00555972591794
0.00555652185522
0.00555330179482
0.00555006585902
0.00554681244619
0.00554354158873
0.00554025350246
0.00553694820414
0.00553362581006
0.00553028123491
0.0055269238856
0.00552355054579
0.00552016050138
0.00551675374777
0.0055133304437
0.00550989055725
0.00550644727151
0.0055035266957
0.00550061215554
0.00549768102771
0.00549474965527
0.00549180524626
0.00548884502719
0.00548586693642
0.00548288433414
0.00547986583372
0.00547684179957
0.00547377788152
0.00547070751719
0.00546761345308
0.00546449463541
0.00546135037407
0.00545818062744
0.00545498453027
0.00545176184629
0.00544851234684
0.00544523530588
0.00544194601366
0.0054386195466
0.00543525898449
0.00543188034875
0.00542847352938
0.00542502656007
0.00542157070738
0.00541806538376
0.0054145443867
0.00541098362941
0.00540740088717
0.00540399942634
0.00540101800919
0.00539799536851
0.00539494313237
0.00539186364177
0.00538875372725
0.00538561211398
0.00538242041254
0.00537918908038
0.00537594147613
0.00537262767856
0.00536929403422
0.00536589646675
0.00536248047326
0.00535899693362
0.00535548423858
0.00535192569783
0.00534830483903
0.00534465304577
0.00534095563846
0.00533719370785
0.00533338205872
0.00532953308539
0.00532563260252
0.00532167577663
0.00531765767073
0.00531358721889
0.00530946330326
0.00530528920417
0.00530105997893
0.00529677237462
0.0052924257034
0.00528801925021
0.00528355227764
0.00527922849739
0.00527511789098
0.00527097293346
0.00526677248231
0.00526252712242
0.00525821301527
0.00525384371733
