0.0472545367937
0.0394687889976
0.0235296644582
0.0177996063074
0.0137401119673
0.0114299991165
0.0105424122835
0.00976703578927
0.00914622334393
0.00870426064556
0.00833201105657
0.00801381247026
0.00774114210367
0.00749575892358
0.00725764639728
0.0070542594322
0.00688551633867
0.00673726885125
0.00660687185559
0.00649467094698
0.00639483166185
0.00630233751867
0.00621651852364
0.00613774165802
0.00606533232895
0.0059979131538
0.00593389737531
0.00587147055054
0.00580843445877
0.00574257713561
0.00567323659988
0.00560300994908
0.00553588992244
0.00547371294242
0.00541631048413
0.0053631503971
0.00531384184794
0.00526793228558
0.00522479013446
0.00518376314116
0.00514439358375
0.00510651742739
0.00507023933375
0.00503583629371
0.00500364078696
0.00497394099614
0.00494691815786
0.00492262340795
0.00490098582148
0.00488183978367
0.00486495969202
0.00485009235297
0.0048369817414
0.00482538500794
0.00481508114537
0.00480587449717
0.00479759506402
0.00479009702594
0.00478325639752
0.00477696837044
0.00477114466057
0.00476571103
0.00476060506486
0.00475577423672
0.00475117424436
0.00474676761584
0.00474252254286
0.00473841191689
0.00473441253704
0.00473050446198
0.00472667048153
0.00472289568642
0.00471916711859
0.00471547348653
0.0047118049335
0.00470815284812
0.00470450970911
0.00470086895727
0.00469722488958
0.00469357257098
0.00468990776107
0.00468622685319
0.00468252682459
0.00467880519657
0.00467506000397
0.00467128977338
0.00466749350896
0.00466367068444
0.0046598212386
0.00465594557052
0.00465204452956
0.0046481193939
0.00464417183106
0.00464020383372
0.00463621762582
0.00463221553593
0.00462819983828
0.00462417256516
0.00462013529814
0.00461608894726
0.00461203352884
0.0046079679515
0.00460388981804
0.00459979524835
0.0045956787254
0.00459153296483
0.00458734880839
0.00458311514316
0.00457881885415
0.00457444482592
0.00456997602202
0.00456539368794
0.00456067774331
0.0045558074466
0.00455076242122
0.00454552410578
0.00454007761059
0.00453441381034
0.00452853129903
0.00452243765992
0.00451614949689
0.0045096909367
0.00450309078904
0.0044963790142
0.00448958334201
0.00448272673959
0.00447582607435
0.00446889196844
0.00446192961766
0.00445494026806
0.00444792305986
0.00444087700438
0.00443380291533
0.00442670515295
0.00441959305546
0.00441248193416
0.00440539351012
0.00439835568719
0.00439140160146
0.00438456796844
0.00437789285799
0.00437141314047
0.00436516193209
0.00435916638888
0.00435344614212
0.00434801254518
0.00434286874746
0.00433801047135
0.00433342727721
0.00432910407218
0.00432502264343
0.00432116305363
0.00431750480283
0.00431402772066
0.00431071259568
0.004307541575
0.00430449837871
0.00430156837478
0.00429873855563
0.00429599745031
0.00429333499843
0.00429074240488
0.00428821198868
0.00428573703442
0.00428331165166
0.00428093064519
0.00427858939722
0.0042762837619
0.00427400997156
0.00427176455406
0.0042695442601
0.00426734599977
0.00426516678722
0.00426300369276
0.00426085380164
0.0042587141789
0.00425658183996
0.00425445372653
0.00425232668781
0.00425019746689
0.00424806269261
0.00424591887718
0.00424376242006
0.00424158961901
0.00423939668905
0.00423717979072
0.00423493506881
0.00423265870329
0.0042303469739
0.0042279963399
0.00422560353634
0.00422316568735
0.00422068043643
0.0042181460918
0.00421556178367
0.00421292762734
0.00421024488407
0.00420751610822
0.00420474526748
0.00420193782093
0.00419910073994
0.00419624245862
0.00419337274498
0.0041905024903
0.0041876434225
0.00418480775788
0.00418200781349
0.0041792556076
0.00417656247788
0.00417393874461
0.00417139344097
0.00416893412409
0.00416656677208
0.00416429576321
0.00416212392728
0.00416005265446
0.00415808204503
0.00415621108382
0.00415443782481
0.00415275957401
0.00415117306204
0.00414967460043
0.00414826021855
0.00414692577991
0.00414566707822
0.00414447991449
0.00414336015712
0.0041423037873
0.0041413069318
0.00414036588551
0.00413947712555
0.00413863731884
0.00413784332443
0.00413709219201
0.00413638115758
0.004135707637
0.00413506921822
0.00413446365267
0.00413388884609
0.00413334284925
0.00413282384872
0.00413233015785
0.00413186020799
0.00413141254022
0.00413098579746
0.00413057871701
0.0041301901236
0.00412981892295
0.00412946409568
0.00412912469172
0.00412879982515
0.00412848866938
0.00412819045278
0.00412790445453
0.00412763000091
0.00412736646183
0.00412711324761
0.0041268698061
0.00412663561991
0.00412641020397
0.00412619310318
0.00412598389035
0.00412578216423
0.00412558754767
0.00412539968601
0.00412521824555
0.00412504291209
0.00412487338963
0.00412470939921
0.00412455067772
0.0041243969769
0.00412424806238
0.00412410371279
0.00412396371889
0.00412382788287
0.00412369601758
0.0041235679459
0.00412344350011
0.00412332252132
0.00412320485892
0.00412309037011
0.00412297891942
0.00412287037827
0.00412276462458
0.00412266154237
0.00412256102145
0.00412246295703
0.00412236724946
0.00412227380393
0.00412218253018
0.00412209334227
0.0041220061583
0.00412192090027
0.00412183749377
0.00412175586786
0.00412167595485
0.00412159769012
0.00412152101199
0.00412144586155
0.00412137218248
0.00412129992097
0.00412122902557
0.00412115944705
0.00412109113833
0.00412102405432
0.00412095815185
0.00412089338958
0.00412082972789
0.00412076712881
0.00412070555592
0.00412064497431
0.00412058535046
0.00412052665221
0.00412046884869
0.00412041191023
0.00412035580835
0.00412030051567
0.00412024600585
0.00412019225358
0.0041201392345
0.00412008692519
0.00412003530307
0.00411998434643
0.00411993403434
0.00411988434663
0.00411983526388
0.00411978676734
0.00411973883895
0.00411969146127
0.00411964461747
0.00411959829131
0.0041195524671
0.0041195071297
0.00411946226445
0.00411941785721
0.00411937389428
0.00411933036243
0.00411928724885
0.00411924454115
0.00411920222733
0.00411916029575
0.00411911873516
0.00411907753465
0.00411903668363
0.00411899617186
0.00411895598936
0.0041189161265
0.00411887657388
0.00411883732242
0.00411879836327
0.00411875968784
0.00411872128777
0.00411868315495
0.00411864528148
0.00411860765968
0.00411857028206
0.00411853314136
0.00411849623046
0.00411845954248
0.00411842307066
0.00411838680845
0.00411835079901
0.00411832223275
0.00411829383039
0.00411826558564
0.00411823749279
0.00411820954627
0.00411818174061
0.0041181540705
0.0041181265307
0.00411809911611
0.00411807182172
0.00411804464263
0.00411801757404
0.00411799061124
0.0041179637496
0.00411793698459
0.00411791031176
0.00411788372673
0.0041178572252
0.00411783080296
0.00411780445585
0.00411777817977
0.00411775197072
0.00411772582472
0.00411769973789
0.00411767370636
0.00411764772636
0.00411762179415
0.00411759590603
0.00411757005838
0.0041175442476
0.00411751847015
0.0041174927225
0.00411746700122
0.00411744130285
0.00411741562403
0.00411738996139
0.00411736431162
0.00411733867143
0.00411731303756
0.00411728740681
0.00411726177596
0.00411723614186
0.00411721050136
0.00411718485135
0.00411715918874
0.00411713351047
0.00411710781348
0.00411708209477
0.00411705635132
0.00411703058016
0.00411700477832
0.00411697894287
0.00411695307089
0.00411692715945
0.00411690120569
0.00411687520672
0.00411684915969
0.00411682306177
0.00411679691011
0.00411677070193
0.00411674443443
0.00411671810482
0.00411669171035
0.00411666524826
0.00411663871583
0.00411661211034
0.00411658542908
0.00411655866937
0.00411653182853
0.0041165049039
0.00411647789286
0.00411645079276
0.00411642360101
0.00411639631502
0.0041163689322
0.00411634145001
0.00411631386592
0.0041162861774
0.00411625838196
0.00411623047713
0.00411620246045
0.0041161743295
0.00411614608187
0.00411611771518
0.00411608922707
0.00411606061522
0.00411603187733
0.00411600301113
0.00411597401437
0.00411594488486
0.00411591562043
0.00411588621892
0.00411585667825
0.00411582699634
0.00411579717118
0.00411576720079
0.00411573708321
0.00411570681657
0.00411567639901
0.00411564582874
0.00411561510401
0.00411558422311
0.00411555318442
0.00411552198634
0.00411549062735
0.00411545910598
0.00411542742084
0.00411539557058
0.00411536355392
0.00411533136968
0.00411529901672
0.00411526649398
0.00411523380048
0.00411520093532
0.00411516789768
0.00411513468681
0.00411510130206
0.00411506774286
0.00411503400873
0.00411500009929
0.00411496601424
0.00411493175338
0.00411489731661
0.00411486270392
0.00411482791543
0.00411479295133
0.00411475781192
0.00411472249764
0.004114687009
0.00411465134664
0.0041146155113
0.00411457950386
0.00411454332529
0.00411450697668
0.00411447045924
0.0041144337743
0.00411439692332
0.00411435990787
0.00411432272963
0.00411428539043
0.00411424789219
0.00411421023698
0.00411417242698
0.00411413446449
0.00411409635195
0.0041140580919
0.00411401968702
0.0041139811401
0.00411394245406
0.00411390363193
0.00411386467686
0.00411382559214
0.00411378638114
0.00411374704737
0.00411370759445
0.00411366802611
0.00411362834617
0.00411358855859
0.00411354866742
0.0041135086768
0.00411346859098
0.00411342841431
0.00411338815123
0.00411334780627
0.00411330738404
0.00411326688926
0.00411322632669
0.0041131857012
0.00411314501771
0.00411310428124
0.00411306349684
0.00411302266963
0.00411298180481
0.0041129409076
0.00411289998329
0.0041128590372
0.00411281807471
0.00411277710121
0.00411273612213
0.00411269514293
0.00411265416909
0.00411261320611
0.00411257225949
0.00411253133474
0.00411249043738
0.00411244957292
0.00411240874688
0.00411236796475
0.00411232723201
0.00411228655412
0.00411224593651
0.00411220538461
0.00411216490377
0.00411212449934
0.00411208417662
0.00411204394085
0.00411200379723
0.00411196375092
0.00411192380701
0.00411188397052
0.00411184424642
0.00411180463961
0.00411176515492
0.0041117257971
0.00411168657084
0.00411164748073
0.00411160853128
0.00411156972693
0.00411153107202
0.0041114925708
0.00411145422743
0.00411141604599
0.00411137803044
0.00411134018466
0.00411130251243
0.0041112650174
0.00411122770317
0.00411119057319
0.00411115363084
0.00411111687936
0.00411108032191
0.00411104396155
0.00411100780119
0.00411097184369
0.00411093609176
0.00411090054801
0.00411086521496
0.00411083009499
0.00411079519041
0.0041107605034
0.00411072603602
0.00411069179026
0.00411065980906
0.00411062958789
0.00411059959403
0.004110569799
0.00411054026398
0.0041105109604
0.00411048187248
0.00411045302288
0.00411042442057
0.004110396054
0.00411036789494
0.00411034000229
0.00411031234761
0.00411028490277
0.00411025772562
0.00411023078784
0.00411020406847
0.00411017760317
0.00411015138491
0.00411012540449
0.00411009964053
0.00411007414213
0.00411004888342
0.00411002383658
0.0041099990563
0.00410997451467
0.00410995018408
0.00410992611818
0.00410990228183
0.00410987867
0.00410985531297
0.00410983216442
0.00410980927607
0.0041097866207
0.0041097641715
0.00410974197918
0.00410972001681
0.00410969825779
0.0041096767519
0.00410965545839
0.0041096343932
0.0041096135629
0.00410959293053
0.00410957254406
0.00410955237742
0.00410953240485
0.0041095126735
0.00410949313367
0.00410947383162
0.00410945472877
0.00410943583943
0.0041094171696
0.00410939868415
0.00410938042768
0.00410936235265
0.00410934450284
0.00410932683827
0.00410930938146
0.0041092921288
0.00410927504966
0.00410925818631
0.00410924149332
0.00410922501219
0.00410920869817
0.00410919259205
0.00410917664976
0.00410916091137
0.00410914533352
0.00410912995555
0.0041091147348
0.00410909970991
0.00410908483889
0.00410907015974
0.00410905563109
0.0041090412903
0.00410902709666
0.00410901308688
0.0041089992209
0.00410898553481
0.00410897198917
0.00410895861947
0.00410894538689
0.00410893232633
0.00410891939957
0.00410890664093
0.0041088940128
0.00410888154898
0.00410886921236
0.00410885701904
0.00410884498412
0.00410883307179
0.00410882131412
0.00410880967585
0.00410879818857
0.00410878681752
0.00410877557772
0.00410876448327
0.00410875350062
0.0041087426598
0.0041087319277
0.0041087213196
0.00410871084591
0.00410870047767
0.00410869024246
0.00410868010875
0.00410867009013
0.00410866019936
0.00410865040599
0.00410864073729
0.00410863116308
0.00410862169644
0.00410861234951
0.00410860309322
0.00410859394009
0.00410858490191
0.00410857595056
0.00410856709815
0.00410855835607
0.00410854969712
0.00410854113302
0.0041085326748
0.00410852429612
0.00410851600834
0.00410850782214
0.00410849971201
0.00410849168895
0.00410848376333
0.00410847591042
0.00410846814091
0.00410846046487
0.00410845285825
0.0041084453315
0.00410843788342
0.00410843052356
0.00410842322919
0.00410841601011
0.00410840887563
0.00410840180361
0.00410839480367
0.00410838787472
0.0041083810256
0.0041083742353
0.00410836751292
0.00410836085745
0.0041083542773
0.00410834775249
0.00410834129169
0.00410833489394
0.00410832856724
0.00410832229259
0.00410831607823
0.00410830992327
0.00410830383534
0.00410829779632
0.00410829181411
0.00410828588783
0.00410828002482
0.00410827420771
0.00410826844411
0.0041082627332
0.00410825707419
0.00410825147389
0.00410824591615
0.00410824040804
0.00410823494879
0.00410822953769
0.00410822418108
0.00410821886391
0.00410821359276
0.00410820836693
0.00410820318576
0.00410819805522
0.00410819296115
0.00410818790979
0.00410818290047
0.00410817793256
0.00410817300545
0.00410816812459
0.00410816327709
0.00410815846859
0.00410815369851
0.00410814896628
0.00410814427133
0.00410813961867
0.00410813499646
0.00410813040991
0.00410812585849
0.00410812134166
0.00410811685892
0.00410811240976
0.00410810799864
0.004108103615
0.00410809926348
0.0041080949436
0.0041080906549
0.00410808639691
0.00410808216919
0.00410807797579
0.00410807380708
0.00410806966736
0.00410806555618
0.00410806147311
0.00410805741774
0.00410805338967
0.0041080493885
0.00410804541384
0.00410804146909
0.00410803754615
0.0041080336486
0.00410802977606
0.00410802592816
0.00410802210455
0.00410801830489
0.00410801452882
0.00410801077602
0.00410800704614
0.00410800334201
0.00410799965686
0.0041079959937
0.00410799235218
0.00410798873201
0.00410798513288
0.00410798155449
0.00410797799655
0.00410797445878
0.00410797094089
0.00410796744259
0.00410796396363
0.00410796050372
0.00410795706495
0.00410795364225
0.00410795023783
0.00410794685144
0.00410794348282
0.00410794013173
0.00410793679794
0.00410793348119
0.00410793018127
0.00410792689794
0.00410792363097
0.00410792038014
0.00410791714525
0.00410791392606
0.00410791072237
0.00410790753397
0.00410790436066
0.00410790120223
0.00410789805849
0.00410789493057
0.00410789181553
0.0041078887146
0.00410788562759
0.00410788255433
0.00410787949464
0.00410787644834
0.00410787341524
0.00410787039519
0.00410786738802
0.00410786439355
0.00410786141162
0.00410785844208
0.00410785548476
0.00410785253952
0.00410784960619
0.00410784668462
0.00410784377468
0.0041078408762
0.00410783798906
0.0041078351131
0.00410783224818
0.00410782939418
0.00410782655095
0.00410782371837
0.00410782089629
0.0041078180846
0.00410781528317
0.00410781249187
0.00410780971058
0.00410780693918
0.00410780417755
0.00410780142557
0.00410779868313
0.00410779595011
0.00410779322641
0.00410779051191
0.0041077878065
0.00410778511009
0.00410778242255
0.0041077797438
0.00410777707373
0.00410777441223
0.00410777175921
0.00410776911458
0.00410776647823
0.00410776385008
0.00410776123003
0.00410775861798
0.00410775601386
0.00410775341756
0.00410775082901
0.00410774824812
0.0041077456748
0.00410774310897
0.00410774055054
0.00410773799945
0.00410773545559
0.00410773291891
0.00410773038932
0.00410772786675
0.00410772535111
0.00410772284234
0.00410772034036
0.00410771784511
0.00410771535651
0.00410771287448
0.00410771039898
0.00410770792991
0.00410770546723
0.00410770301085
0.00410770056073
0.00410769811679
0.00410769567897
0.00410769324721
0.00410769082145
0.00410768840162
0.00410768598768
0.00410768357956
0.0041076811772
0.00410767878054
0.00410767638954
0.00410767400413
0.00410767162426
0.00410766924988
0.00410766688093
0.00410766451737
0.00410766215913
0.00410765980618
0.00410765745845
0.00410765511591
0.00410765277849
0.00410765044616
0.00410764811887
0.00410764579656
0.0041076434792
0.00410764116674
0.00410763885913
0.00410763655633
0.0041076342583
0.00410763196499
0.00410762967636
0.00410762739236
0.00410762511297
0.00410762283813
0.00410762056781
0.00410761830197
0.00410761604056
0.00410761378355
0.0041076115309
0.00410760928258
0.00410760703854
0.00410760479875
0.00410760256318
0.00410760033178
0.00410759810453
0.00410759588138
0.00410759366231
0.00410759144727
0.00410758923624
0.00410758702919
0.00410758482608
0.00410758262687
0.00410758043154
0.00410757824006
0.00410757605239
0.0041075738685
0.00410757168837
0.00410756951196
0.00410756733924
0.00410756517019
0.00410756300478
0.00410756084297
0.00410755868474
0.00410755653007
0.00410755437892
0.00410755223126
0.00410755008708
0.00410754794634
0.00410754580902
0.0041075436751
0.00410754154453
0.00410753941732
0.00410753729341
0.0041075351728
0.00410753305546
0.00410753094137
0.00410752883049
0.00410752672281
0.0041075246183
0.00410752251695
0.00410752041872
0.0041075183236
0.00410751623156
0.00410751414258
0.00410751205664
0.00410750997372
0.0041075078938
