0.0505968623472
0.0439992496123
0.0432484408892
0.0429618638177
0.0428303203399
0.0427545199784
0.0426992508055
0.0426442815162
0.0425810522692
0.0425280365565
0.0424828792917
0.0424171642867
0.0422447807501
0.0420556698397
0.0419769597507
0.0419373038624
0.0419087822865
0.0418834787304
0.0418576045528
0.0418289835552
0.0417993070079
0.0417743227684
0.0417561156966
0.0417425967586
0.0417320786594
0.0417236831681
0.0417167756214
0.0417109661612
0.0417059897588
0.0417016575054
0.0416978391079
0.0416944383317
0.0416913821312
0.041688633584
0.0416861308292
0.0416838365413
0.0416817210099
0.0416797595884
0.0416779315944
0.0416762194915
0.0416746082695
0.0416730853911
0.0416716398968
0.0416702610039
0.0416689399872
0.0416676690183
0.0416664408913
0.0416652490775
0.0416640875128
0.0416629504779
0.0416618324855
0.0416607281697
0.0416596321725
0.0416585390227
0.0416574429993
0.0416563379725
0.0416552172106
0.0416540731378
0.0416528970206
0.041651678552
0.0416504052854
0.041649061846
0.0416476288051
0.041646081066
0.0416443853322
0.0416424962757
0.0416403553987
0.0416378663665
0.0416348934346
0.0416312225945
0.0416280569473
0.0416253522609
0.0416221481299
0.0416182308577
0.0416132538893
0.0416066463753
0.0415974779205
0.0415844162278
0.0415664438987
0.0415451266879
0.0415248131895
0.0415075437384
0.0414918261586
0.0414750893687
0.0414540595491
0.0414230681402
0.0413727725737
0.04131289733
0.0412754965404
0.0412536240853
0.0412376201918
0.0412239985999
0.041211244885
0.04119836899
0.0411843837874
0.041167957184
0.0411470266814
0.0411185343245
0.0410794600468
0.0410306660758
0.0409781721879
0.0409261515122
0.040883639931
0.0408427573671
0.0407998699993
0.0407563696047
0.0407169273357
0.0406854464487
0.0406618109218
0.0406439883959
0.0406301729877
0.0406191376123
0.0406101054503
0.0406025453697
0.0405961377938
0.0405905834149
0.0405856877382
0.0405813203721
0.0405773725679
0.040573771689
0.0405704519549
0.0405673682006
0.0405644826328
0.0405617665335
0.0405591911524
0.0405567381555
0.0405543905433
0.0405521340432
0.040549956552
0.04054784888
0.0405457995775
0.0405438021327
0.040541849625
0.0405399358768
0.0405380553122
0.0405362028381
0.0405343745967
0.0405325644032
0.0405307690047
0.0405289843744
0.0405272065842
0.0405254317488
0.0405236559704
0.0405218752852
0.0405200856077
0.0405182826713
0.0405164619656
0.0405146186648
0.0405127480976
0.0405108434259
0.0405088989204
0.0405069075394
0.0405048613493
0.0405027513275
0.0405005671169
0.0404982967147
0.0404959260762
0.0404934386001
0.0404908144526
0.0404880296647
0.0404850549094
0.0404818538133
0.0404783805819
0.0404745765928
0.0404703657047
0.0404656478571
0.0404602826313
0.040454075979
0.0404467511959
0.0404379737264
0.0404271511775
0.0404134319009
0.0403956641807
0.0403726627528
0.0403442472198
0.0403128524789
0.040282975869
0.040261392924
0.0402461552134
0.0402339440609
0.040223724579
0.0402148439515
0.0402069005751
0.0401996401912
0.0401928900936
0.0401865251621
0.0401804494761
0.0401745842067
0.0401688638243
0.0401632305399
0.0401576321692
0.0401520203567
0.0401463493176
0.0401405752299
0.0401346545448
0.0401285453692
0.0401222062953
0.0401155968973
0.0401086781099
0.0401014125986
0.0400937649538
0.0400856998872
0.0400771803766
0.0400681604145
0.0400585732841
0.0400483110891
0.0400371899839
0.0400248869604
0.0400108176944
0.0399938678818
0.0399723188625
0.039944691464
0.0399046366071
0.0398455140352
0.0397725101217
0.039702637401
0.0396419656819
0.039589823099
0.0395421919546
0.0394977296228
0.0394587655956
0.0394269796996
0.0394011204193
0.0393790825671
0.0393592390754
0.0393405017956
0.0393221255041
0.0393035501371
0.0392842736951
0.0392636814723
0.0392406669012
0.0392124851174
0.0391701991486
0.0390826424498
0.0389731517552
0.0389186153115
0.0388763842891
0.0388338045099
0.0387892352964
0.0387434607984
0.0387028066871
0.0386445896251
0.0385431509843
0.0384319068939
0.0383521854
0.0382980849906
0.0382508864794
0.0381761681989
0.0380663662501
0.0379874915152
0.0379458179549
0.0379165819926
0.0378914309978
0.037867036673
0.0378414404432
0.0378154545005
0.0377931115511
0.037776240495
0.0377635192904
0.0377533639775
0.0377447105666
0.0377368328582
0.0377291275253
0.0377209219395
0.0377111810746
0.0376977694504
0.0376748403117
0.0376215409913
0.0375396820833
0.037477393213
0.037443792422
0.0374190226314
0.0373957386547
0.0373689791406
0.0373345022249
0.0372996272625
0.0372750363483
0.0372566752672
0.0372384299654
0.0372128629458
0.03716914801
0.0371210981683
0.0370847743771
0.0370541952433
0.0370237374154
0.036978012026
0.0368557229849
0.0365808566245
0.0365092879314
0.036487457265
0.0364759188194
0.036470395061
0.0364667667163
0.036464175235
0.0364622075726
0.0364606411388
0.0364593469807
0.0364582455442
0.0364572850075
0.0364564299901
0.0364556553302
0.0364549424733
0.0364542772778
0.0364536486206
0.0364530474748
0.0364524662726
0.0364518984448
0.0364513380695
0.0364507796154
0.0364502176244
0.0364496464835
0.0364490602066
0.0364484521046
0.0364478144022
0.0364471377265
0.0364464103903
0.0364456173467
0.0364447386076
0.0364437467611
0.0364426029285
0.0364412499045
0.036439599994
0.0364375123916
0.0364347490533
0.0364308853736
0.0364251317464
0.0364160531346
0.03640173338
0.0363828178098
0.03636567221
0.0363538342913
0.0363454191031
0.0363382965245
0.0363308646009
0.0363208597384
0.0363022526581
0.0362629064619
0.0362255046095
0.0362032149936
0.036179895789
0.0361371683899
0.0360315983739
0.0359416700978
0.0359015768488
0.0358726833568
0.0358469949461
0.0358223824279
0.0357976295036
0.0357705817551
0.0357357028519
0.0356865778966
0.0356325557418
0.0355712015814
0.0355370135779
0.0355201418005
0.0355074358807
0.0354947373655
0.0354759955774
0.0354171312541
0.0352671150634
0.0352012182141
0.0351428403077
0.0350832387147
0.0350328822597
0.0349858907731
0.0349315164256
0.0348473362813
0.0346579829308
0.0344991206861
0.0343493080141
0.0341513807392
0.0338542293705
0.0336853413179
0.0335872077087
0.0334493094793
0.03337970625
0.0333365149125
0.0332780727801
0.0332202599774
0.0331807349478
0.0331131019844
0.0327293902897
0.0323611282644
0.031553179157
0.0313736392405
0.031243470129
0.0310810870524
0.0309546413782
0.0307435667123
0.0305140672361
0.0299162048193
0.0287938867901
0.0281217608273
0.0264059073535
0.0255358252559
0.0242578414184
0.022653765465
0.0211204585812
0.0207449447776
0.0202632273669
0.018054700794
0.0154825121323
0.0140343196411
0.0129125129836
0.0124280421985
0.0115386711654
0.0100179016013
0.0081224402033
0.00747843937218
0.00711813345148
0.00683031975704
0.00616885739181
0.00585816465623
0.00554034633268
0.00519264319625
0.0049374487803
0.00476510177727
0.00420310941062
0.00377044617099
0.00369705222775
0.00363833671701
0.00352201383701
0.0033433296645
0.00324293627355
0.00313846620417
0.00278755181633
0.00271905428253
0.00265951662924
0.00262477525344
0.00260337339892
0.00258692156764
0.00257355989085
0.00256252347649
0.00255334384154
0.00254566929819
0.00253921683178
0.00253375539713
0.00252909696964
0.00252508927633
0.00252160979664
0.00251856022916
0.00251586180776
0.00251345152621
0.00251127896307
0.00250930369516
0.00250749320809
0.00250582106569
0.00250426586681
0.0025028100888
0.00250143906704
0.00250014033917
0.00249890302837
0.00249771728313
0.0024965737169
0.00249546277024
0.00249437387126
0.00249329416819
0.00249220637859
0.00249108474607
0.00248988663487
0.00248853294413
0.00248685536424
0.00248442289406
0.00247977332296
0.00246519236137
0.00241729426541
0.00239693505491
0.00238745493792
0.00237389005468
0.0023399807495
0.00231572215247
0.0023083400395
0.00230444419414
0.00230167405832
0.00229943396678
0.00229750190434
0.00229576378298
0.00229414032287
0.00229255848707
0.00229093034914
0.00228912048507
0.00228686942191
0.00228356588259
0.00227740878008
0.00226207008807
0.00223042804525
0.00221295649043
0.00220706516193
0.00220404870846
0.00220202497775
0.00220046899259
0.00219918777755
0.0021980930818
0.00219713628386
0.00219628649062
0.00219552209648
0.00219482706673
0.00219418906959
0.00219359841383
0.00219304737771
0.00219252975007
0.00219204049846
0.00219157552024
0.00219113145165
0.00219070551904
0.00219029542198
0.00218989924088
0.00218951536357
0.00218914242684
0.00218877926982
0.00218842489655
0.00218807844605
0.00218773916823
0.00218740640444
0.00218707957179
0.00218675815037
0.00218644167296
0.00218612971653
0.00218582189535
0.00218551785527
0.00218521726899
0.00218491983221
0.00218462526026
0.00218433328545
0.00218404365466
0.00218375612744
0.00218347047424
0.00218318647501
0.00218290391789
0.00218262259809
0.00218234231696
0.00218206288103
0.00218178410371
0.00218150579852
0.00218122778567
0.00218094996224
0.00218067206822
0.00218039392717
0.00218011536354
0.00217983620216
0.00217955626782
0.00217927538481
0.00217899337649
0.00217871006488
0.00217842527024
0.00217813881065
0.00217785050165
0.00217756015576
0.00217726758212
0.00217697258606
0.00217667496871
0.00217637452652
0.00217607105088
0.00217576432767
0.00217545413678
0.0021751402517
0.00217482243901
0.00217450045794
0.00217417405984
0.0021738429877
0.00217350697562
0.00217316574833
0.00217281902088
0.00217246649753
0.00217210787129
0.00217174282382
0.00217137102466
0.00217099213062
0.0021706057853
0.00217021161846
0.00216980924556
0.00216939826724
0.00216897826884
0.00216854882
0.00216810947425
0.00216765976876
0.00216719922411
0.00216672734416
0.00216624361611
0.00216574751066
0.00216523848239
0.0021647159703
0.0021641793987
0.00216362817825
0.0021630617075
0.00216247937473
0.00216188056065
0.00216126463984
0.00216063098546
0.00215997897273
0.00215930798361
0.0021586174121
0.00215790667048
0.00215717519624
0.00215642245999
0.00215564797419
0.00215485130286
0.00215403207211
0.00215318998177
0.00215232481713
0.00215143646002
0.00215052490401
0.00214959026655
0.00214863280178
0.00214765291271
0.00214665116243
0.00214562828383
0.00214458518755
0.0021435229674
0.00214244290306
0.00214134645795
0.00214023527629
0.00213911117695
0.00213797613332
0.00213683226336
0.0021356818084
0.00213452710924
0.00213337057967
0.00213221467844
0.00213106187837
0.00212991463726
0.0021287753677
0.00212764642259
0.00212653004008
0.0021254283221
0.00212434323952
0.00212327660246
0.00212223004759
0.00212120502922
0.0021202028144
0.00211922448153
0.00211827092238
0.00211734284691
0.0021164408352
0.002115565218
0.00211471620706
0.00211389387613
0.00211309817232
0.00211232892093
0.00211158584888
0.00211086858683
0.00211017668887
0.00210950964343
0.0021088668834
0.00210824779782
0.00210765173855
0.00210707802804
0.00210652597064
0.00210599485773
0.00210548397493
0.00210499260363
0.00210452002898
0.00210406554289
0.00210362844694
0.00210320805532
0.00210280369695
0.00210241471726
0.00210204047965
0.00210168036658
0.00210133378008
0.00210100014255
0.00210067889695
0.0021003695069
0.00210007145668
0.00209978425099
0.0020995074147
0.00209924049244
0.0020989830482
0.00209873466478
0.00209849494326
0.00209826350242
0.00209803997814
0.00209782402525
0.00209761531177
0.00209741351887
0.00209721834464
0.00209702950137
0.00209684671437
0.00209666972193
0.00209649827462
0.00209633213468
0.00209617107549
0.00209601488108
0.00209586334557
0.00209571629107
0.00209557354739
0.00209543490068
0.00209530018097
0.00209516922618
0.00209504188177
0.00209491800053
0.00209479744166
0.00209468007102
0.0020945657606
0.00209445438823
0.00209434583803
0.00209424000381
0.00209413677313
0.00209403604449
0.00209393772089
0.00209384170964
0.00209374792219
0.00209365627388
0.00209356668378
0.00209347907445
0.00209339337182
0.00209330950503
0.0020932274063
0.00209314701074
0.00209306825614
0.00209299108298
0.00209291543428
0.00209284125541
0.00209276849399
0.00209269709984
0.00209262702484
0.00209255822284
0.0020924906496
0.00209242426264
0.00209235902121
0.00209229488618
0.00209223182002
0.00209216978671
0.00209210875155
0.00209204868124
0.00209198954381
0.00209193130851
0.00209187394579
0.00209181742744
0.0020917617261
0.0020917068153
0.00209165266974
0.00209159926508
0.00209154657791
0.00209149458562
0.00209144326651
0.00209139259964
0.00209134256485
0.00209129314272
0.00209124431453
0.00209119606224
0.00209114836844
0.00209110121637
0.00209105458985
0.00209100847326
0.00209096285156
0.00209091771021
0.0020908730352
0.00209082881298
0.00209078503048
0.00209074167509
0.00209069873461
0.00209065619727
0.00209061405169
0.00209057228688
0.00209053089222
0.00209048985742
0.00209044917257
0.00209040882806
0.00209036881461
0.00209032912324
0.00209028974525
0.00209025067224
0.00209021189609
0.00209017340891
0.00209013520308
0.00209009727122
0.0020900596062
0.0020900222011
0.0020899850492
0.00208994814403
0.00208991147929
0.0020898750489
0.00208983884694
0.0020898028677
0.00208976710563
0.00208973155535
0.00208969632717
0.00208966140487
0.00208962667872
0.00208959214398
0.00208955779605
0.00208952363048
0.0020894896429
0.00208945582912
0.00208942218505
0.00208938870673
0.0020893553903
0.00208932223204
0.00208928922832
0.00208925637561
0.00208922367047
0.0020891911096
0.00208915868978
0.00208912640785
0.00208909426079
0.00208906224562
0.00208903035946
0.00208899859953
0.00208896696308
0.00208893544749
0.00208890405018
0.00208887276864
0.00208884160045
0.00208881054347
0.00208877959537
0.00208874875372
0.00208871801632
0.00208868738107
0.00208865684589
0.00208862640878
0.00208859606779
0.00208856582102
0.00208853566661
0.00208850560276
0.00208847562771
0.00208844573977
0.00208841593733
0.00208838621876
0.00208835658243
0.00208832702678
0.00208829755033
0.00208826815257
0.00208823883136
0.00208820958507
0.00208818041236
0.0020881513119
0.00208812228241
0.00208809332264
0.00208806443138
0.00208803560743
0.00208800684964
0.00208797815687
0.00208794952802
0.00208792096203
0.00208789245783
0.00208786401441
0.00208783563077
0.00208780730594
0.00208777903897
0.00208775082893
0.00208772267491
0.00208769457604
0.00208766653145
0.00208763854031
0.00208761060179
0.00208758271509
0.00208755487943
0.00208752709405
0.0020874993582
0.00208747167116
0.00208744403221
0.00208741644066
0.00208738889583
0.00208736139706
0.00208733394371
0.00208730653513
0.00208727917073
0.00208725184988
0.002087224572
0.00208719733652
0.00208717014288
0.00208714299051
0.0020871158789
0.0020870888075
0.00208706177581
0.00208703478333
0.00208700782956
0.00208698091402
0.00208695403626
0.00208692719579
0.00208690039219
0.002086873625
0.00208684689381
0.00208682019826
0.00208679353791
0.00208676691233
0.00208674032111
0.00208671376397
0.00208668724055
0.00208666075036
0.00208663429305
0.00208660786826
0.00208658147565
0.00208655511488
0.00208652878564
0.0020865024876
0.00208647622042
0.0020864499838
0.00208642377797
0.00208639760274
0.00208637145717
0.00208634534099
0.0020863192539
0.00208629319565
0.00208626716627
0.00208624118995
0.00208621524164
0.00208618932108
0.00208616342803
0.00208613756224
0.00208611172349
0.00208608591153
0.00208606012615
0.00208603436711
0.0020860086342
0.0020859829272
0.00208595724592
0.00208593159013
0.00208590595965
0.00208588035427
0.00208585477631
0.0020858292266
0.00208580370141
0.00208577820057
0.00208575272388
0.00208572727118
0.0020857018423
0.00208567643706
0.00208565105531
0.00208562569687
0.00208560036159
0.00208557504931
0.00208554975988
0.00208552449316
0.00208549924927
0.0020854740284
0.0020854488298
0.00208542365331
0.00208539849881
0.00208537336616
0.00208534825524
0.00208532316592
0.00208529809807
0.00208527305156
0.00208524802626
0.00208522302205
0.00208519803882
0.00208517307644
0.00208514813481
0.00208512321381
0.00208509831333
0.00208507343326
0.0020850485735
0.00208502373394
0.00208499891448
0.00208497411501
0.00208494933545
0.00208492457569
0.00208489983563
0.00208487511518
0.00208485041425
0.00208482573275
0.00208480107058
0.00208477642766
0.00208475180391
0.00208472719923
0.00208470261355
0.00208467804677
0.00208465349883
0.00208462896964
0.00208460445912
0.00208457996719
0.00208455549379
0.00208453103882
0.00208450660223
0.00208448218394
0.00208445778387
0.00208443340196
0.00208440903814
0.00208438469233
0.00208436036448
0.00208433605452
0.00208431176238
0.002084287488
0.00208426323131
0.00208423899226
0.00208421477077
0.00208419056681
0.00208416638029
0.00208414221117
0.00208411805939
0.00208409392489
0.00208406980761
0.00208404570751
0.00208402162452
0.00208399755859
0.00208397350968
0.00208394947772
0.00208392546267
0.00208390146448
0.00208387748309
0.00208385351846
0.00208382957054
0.00208380563928
0.00208378172464
0.00208375782656
0.00208373394501
0.00208371007993
0.00208368623129
