0.0191557899699
0.018398257173
0.0180984766962
0.0180005028978
0.0179027290611
0.0177670598184
0.0175980254233
0.0174364407489
0.0172997660421
0.017179774489
0.0170627358895
0.0169386901843
0.0167958704755
0.0166184457742
0.01642428532
0.0162446295817
0.0160763941338
0.0159146489627
0.0157577859846
0.0156058435203
0.0154582391483
0.0153136173225
0.0151699461648
0.0150239157707
0.0148726817998
0.0147225681065
0.0145867813912
0.0144707498971
0.0143730463567
0.014290682333
0.0142205642001
0.0141598797136
0.0141061370506
0.0140570701546
0.0140104056919
0.013963396154
0.0139117734982
0.0138478344603
0.0137604570019
0.0136516840879
0.0135375895882
0.0134194063211
0.0132969721523
0.0131757324715
0.0130595553919
0.0129493408528
0.0128444096044
0.0127433992152
0.012645010166
0.0125486459456
0.012454154981
0.0123625042938
0.0122742347385
0.0121893812325
0.0121077713897
0.0120292757142
0.011953806715
0.0118811050934
0.0118086561637
0.0117338536843
0.0116581936388
0.0115786978314
0.0114905513006
0.0113848271258
0.0112472367925
0.0110798931729
0.0109224505906
0.0107907910334
0.0106817825821
0.0105900722883
0.0105114773332
0.0104428964208
0.010381879065
0.0103263520079
0.0102744824967
0.010224592428
0.0101750847182
0.0101243907883
0.0100709889352
0.0100135882927
0.00995157822684
0.00988535109808
0.00981611082179
0.00974513848672
0.00967304477186
0.00959962625424
0.00952411169145
0.00944554548185
0.00936330449571
0.00927754358699
0.00918927030113
0.00909993713006
0.00901095657421
0.00892360238332
0.00883916458888
0.00875896771021
0.00868414543436
0.00861538201981
0.0085528275537
0.00849619549769
0.00844493334514
0.00839837436636
0.00835583233646
0.00831673543869
0.00828041244936
0.00824632725662
0.00821398738696
0.00818294932089
0.00815282030597
0.00812326802161
0.00809403654824
0.00806495908393
0.00803595365224
0.00800699189419
0.00797588774867
0.0079448730921
0.00791393077921
0.0078828268131
0.00785113729862
0.00781882456399
0.0077858320571
0.00775223648439
0.00771824409945
0.00768412293799
0.00765011466246
0.0076163664262
0.00758290294861
0.00754963518257
0.00751638805357
0.00748293129467
0.00744899991897
0.00741413215751
0.00737809133424
0.00734052854468
0.00730100367409
0.00725917439676
0.00721508407905
0.00716946056178
0.00712365787095
0.00707914654868
0.00703699973303
0.00699771913835
0.00696141170086
0.00692792642457
0.00689699581623
0.00686831808983
0.00684159994789
0.00681657305848
0.00679299943718
0.00677067078226
0.00674940312959
0.00672903202816
0.00670940865042
0.00669039593508
0.00667186780129
0.00665370692802
0.0066358066693
0.00661807274471
0.00660042588642
0.00658280086271
0.00656514966328
0.00654744189061
0.00652965648825
0.00651178168219
0.00649380696665
0.00647571736919
0.00645748918635
0.00643909249148
0.00642048240831
0.00640160306305
0.00638238154424
0.0063627537471
0.00634264432825
0.00632197193791
0.00630065024931
0.00627859326025
0.00625570240376
0.00623187182664
0.00620697045189
0.00618084756802
0.00615333968366
0.00612427647125
0.00609348292399
0.0060607642528
0.00602586376622
0.0059884071315
0.00594787026061
0.00590361681697
0.00585511021705
0.00580245244312
0.00574681715747
0.00569031660553
0.0056352104667
0.005583142222
0.00553488363713
0.00549057548821
0.00545003233309
0.00541261489109
0.00537832968614
0.00534711794092
0.00531873481555
0.00529295058548
0.00526952463997
0.00524820384759
0.00522874870797
0.00521093106671
0.00519451826168
0.00517930237471
0.00516509800838
0.00515173559728
0.00513906914263
0.00512696177344
0.00511529432915
0.00510395391639
0.00509283732417
0.0050818466265
0.00507088615524
0.00505985984615
0.00504866876757
0.00503720866967
0.00502537057364
0.00501303080588
0.00499973045206
0.00498514926967
0.00496959934817
0.0049529702127
0.00493520158932
0.00491630131027
0.00489635709589
0.00487553494367
0.00485406404406
0.00483220979284
0.00481019943103
0.00478821207714
0.0047658240414
0.00474372179606
0.00472227587326
0.00470152362179
0.0046814554126
0.00466202093229
0.00464314085705
0.0046247123568
0.00460661470793
0.00458870899883
0.00457084098589
0.00455283978761
0.00453451243381
0.00451565543475
0.00449604955195
0.00447546960767
0.00445370653954
0.00443059979618
0.00440608454663
0.00438024514971
0.00435336710362
0.00432576478439
0.0042980536075
0.00427106604784
0.00424534188359
0.00422121637052
0.00419882011138
0.00417813103345
0.0041578372191
0.00413535268704
0.00411469122049
0.00409549263727
0.00407753672221
0.00406063934115
0.00404463857383
0.00402939061912
0.00401476718834
0.0040006530452
0.00398693294607
0.00397344776917
0.00396019178373
0.00394708874144
0.00393406639205
0.00392106531024
0.00390803154628
0.00389491894068
0.0038816891542
0.00386831110449
0.00385476002574
0.00384104235643
0.00382714083801
0.0038130601323
0.00379881791821
0.00378444240868
0.00376998207276
0.00375547815901
0.00374096805093
0.00372649129025
0.003712106187
0.00369785653764
0.00368378061656
0.00366991020087
0.00365626920994
0.0036428726431
0.00362972852623
0.00361683859003
0.00360416393378
0.00359172620932
0.00357951367362
0.00356750973274
0.00355569633559
0.0035440533934
0.00353256055048
0.00352119771636
0.00350994576323
0.00349878636334
0.00348770246303
0.00347638364875
0.00346472953329
0.00345308359616
0.00344142524497
0.00342974456453
0.00341803804843
0.00340630734804
0.00339455892592
0.00338280356741
0.00337105588675
0.00335933406742
0.00334610286581
0.00333246265891
0.00331902968689
0.00330580951494
0.00329249477616
0.00327917493867
0.00326591578651
0.00325286780383
0.00324004720572
0.0032274578076
0.00321510206309
0.00320298152198
0.00319109636464
0.00317944731506
0.00316803577426
0.00315686392963
0.00314593407574
0.00313524880864
0.0031248100644
0.00311461856342
0.0031046731099
0.00309497027416
0.00308550409035
0.00307626538218
0.00306724253508
0.00305842161445
0.00304960359438
0.00303967049264
0.00303009497332
0.0030208357112
0.00301184542468
0.00300312732941
0.00299466196802
0.00298643034876
0.00297841396599
0.00297059490742
0.00296295633906
0.00295548184264
0.0029481562797
0.0029409628464
0.00293388975623
0.00292692735455
0.00292006591299
0.00291330287495
0.00290663297184
0.00290005234406
0.00289355852207
0.00288715043834
0.00288082743631
0.00287458977025
0.00286843826428
0.00286237388668
0.00285639781123
0.00285051118321
0.00284471512795
0.00283901038446
0.00283339743006
0.00282787645489
0.00282244737608
0.00281710981682
0.00281186310841
0.00280670619819
0.00280163784561
0.00279665662722
0.00279176095325
0.00278694910296
0.00278221926728
0.00277756956854
0.00277299809713
0.00276850286668
0.00276408194129
0.0027597334575
0.00275545550188
0.00275124623349
0.00274710383618
0.00274302667722
0.00273901297378
0.00273506116853
0.00273116967249
0.00272733697446
0.00272356165082
0.00271984231732
0.00271617766091
0.00271256642524
0.00270900740607
0.00270549953157
0.00270204162435
0.00269863261669
0.00269527137074
0.00269195703529
0.00268868866185
0.002685205001
0.00268172036677
0.00267828218075
0.00267488954231
0.00267154166293
0.00266823777994
0.00266497716836
0.00266175913713
0.00265858302291
0.00265544722383
0.00265235018205
0.00264929306156
0.00264627527581
0.00264329624589
0.00264035542293
0.00263745226453
0.00263458621844
0.0026317567755
0.00262896341299
0.00262620561874
0.00262348293856
0.00262079483869
0.00261814081856
0.00261552039655
0.00261293313948
0.00261037853342
0.00260783466574
0.00260529324882
0.00260278442866
0.00260030769286
0.00259785724115
0.00259543754776
0.00259304863535
0.00259069004666
0.00258836133476
0.00258606205098
0.00258379173825
0.00258154994957
0.00257933625458
0.00257715021165
0.00257499137082
0.00257285931879
0.0025707536058
0.00256867380023
0.00256661947849
0.00256459024025
0.00256258567521
0.00256060534718
0.00255864884476
0.00255671576543
0.00255480571246
0.00255291830689
0.00255105316895
0.00254920992482
0.00254738818013
0.00254558756254
0.00254380771172
0.00254204827427
0.00254030889835
0.00253858924156
0.00253688896803
0.00253520774842
0.00253354526542
0.00253190120024
0.002530275247
0.00252866678462
0.00252707518598
0.00252550089414
0.00252394362095
0.00252268690133
0.00252150954351
0.00252034440603
0.0025191911938
0.00251804963989
0.00251691950264
0.00251580058796
0.0025146926473
0.00251359547943
0.00251250889592
0.00251143271646
0.00251036677078
0.00250931089717
0.00250826494426
0.00250722875727
0.00250620219333
0.00250518511868
0.0025041773927
0.00250317888823
0.00250218947916
0.00250120904364
0.00250023745907
0.00249927461356
0.002498320402
0.00249737470375
0.00249643740971
0.00249550634903
0.00249448676887
0.00249348600162
0.00249249906304
0.00249152492754
0.00249056293855
0.00248961256109
0.00248867333747
0.00248774487717
0.00248682684577
0.00248591894888
0.00248502092736
0.00248413252442
0.00248325350889
0.00248238367732
0.00248152283022
0.00248067078409
0.00247985451166
0.00247905177382
0.0024782565083
0.00247746857223
0.00247668783465
0.00247591416924
0.00247514689599
0.00247436874866
0.00247359770484
0.00247283365007
0.00247207647985
0.00247132609628
0.00247057900254
0.00246983151946
0.00246909058897
0.00246835614048
0.00246762810993
0.00246690639444
0.00246619089598
0.00246548153436
0.00246477823507
0.00246408092339
0.00246338952244
0.00246270397381
0.00246202419375
0.00246135011008
0.00246068167026
0.00246001880827
0.00245936143961
0.00245870951852
0.00245806298319
0.00245742174759
0.00245678574933
0.00245615492694
0.00245552921979
0.00245490856809
0.00245429292472
0.00245368222342
0.00245307640335
0.00245247540937
0.00245187918664
0.00245128768005
0.00245070083102
0.00245011858554
0.00244954090698
0.00244896773067
0.00244839899892
0.00244783466011
0.00244727466436
0.00244671895978
0.00244616750565
0.00244562024821
0.00244507713652
0.0024445381256
0.00244400316113
0.00244347219501
0.0024429451801
0.00244242206973
0.00244190281816
0.00244138738079
0.00244087571052
0.00244036776954
0.00243986351266
0.00243936288913
0.00243886585501
0.00243837236691
0.00243788238181
0.0024373958577
0.00243691275588
0.00243643303687
0.00243595665954
0.00243548357524
0.00243501374303
0.00243454713182
0.00243408371328
0.00243362342555
0.00243316622896
0.00243271208416
0.00243226095206
0.00243181279388
0.0024313675711
0.00243092524548
0.00243048577907
0.00243004913452
0.00242961527416
0.00242918416065
0.00242875575705
0.00242833003169
0.00242790694956
0.00242748647438
0.00242706856769
0.00242665318971
0.00242624030485
0.00242582987946
0.00242542187994
0.00242501626787
0.00242461300845
0.0024242120676
0.00242381341068
0.0024234170031
0.00242302281074
0.00242263079965
0.00242224093604
0.00242185318626
0.0024214675168
0.00242108389429
0.00242070226861
0.00242032251212
0.00241994470789
0.00241956882084
0.00241919481521
0.00241882265833
0.00241845231761
0.00241808376057
0.00241771695541
0.0024173518746
0.00241698848056
0.00241662674111
0.00241626662411
0.0024159080975
0.00241555112925
0.00241519568737
0.00241484174131
0.00241448925891
0.00241413820716
0.00241378855416
0.00241344026804
0.00241309331695
0.00241274766901
0.00241240329234
0.00241206015504
0.00241171338903
0.00241135825663
0.00241100381582
0.00241065006642
0.00241029725494
0.0024099453197
0.0024095942044
0.00240924385664
0.00240889422738
0.00240854526974
0.00240819693617
0.00240784918668
0.00240750197091
0.00240715524746
0.00240680897103
0.00240646309782
0.00240611758111
0.00240577237641
0.00240542743906
0.0024050827241
0.00240473818778
0.00240439378936
0.00240404947666
0.00240370520334
0.00240336092392
0.00240301659486
0.00240267216372
0.00240232758514
0.0024019828105
0.00240163778804
0.00240129246784
0.00240094679972
0.00240060073291
0.00240025421611
0.00239990719885
0.00239955963963
0.00239921148776
0.00239886267725
0.00239851320917
0.0023981630498
0.00239781206662
0.00239746020346
0.0023971074071
0.00239675366477
0.0023963988914
0.00239604300785
0.00239568595534
0.002395327677
0.00239496810857
0.0023946071888
0.00239423561952
0.00239383306873
0.00239343389297
0.00239303639356
0.00239263998941
0.00239224431103
0.0023918490715
0.00239145402201
0.00239105895354
0.00239064419416
0.00239021656275
0.00238978820825
0.00238935895223
0.00238892863886
0.00238849711564
0.00238806423297
0.00238762984389
0.00238719380398
0.00238675598196
0.00238631623809
0.00238587443787
0.00238543046015
0.00238498414673
0.0023845353757
0.00238408402883
0.00238362996589
0.00238317306534
0.00238271321932
0.00238225031831
0.00238178424475
0.00238131488237
0.00238087738441
0.00238043950907
0.00237999804359
0.00237955292965
0.00237910404737
0.00237865131966
0.00237819467337
0.00237773407496
0.00237726944539
0.00237680070636
0.00237632788364
0.00237585086914
0.00237536960712
0.00237488406255
0.00237439421186
0.00237390003738
0.00237340153126
0.0023728986677
0.00237239146165
0.00237187989264
0.00237136396561
0.00237084371295
0.00237031913743
0.00236979026601
0.0023692571333
0.00236871978061
0.00236817825593
0.00236763261389
0.00236708296826
0.00236652950828
0.00236597214537
0.00236541097393
0.00236484605202
0.00236427747159
0.00236370533162
0.00236312973904
0.00236255080198
0.00236196863195
0.00236138336408
0.00236079512608
0.00236020405142
0.00235961025731
0.00235901388234
0.00235841503071
0.00235781383998
0.00235721044981
0.00235660500154
0.00235599763781
0.00235538850865
0.0023547777573
0.00235416552336
0.00235355195262
0.00235293718489
0.00235232136255
0.00235170466275
0.00235108723943
0.00235046918178
0.00234985062501
0.00234923173667
0.00234861265939
0.00234799348048
0.00234737436623
0.00234675539222
0.00234613667149
0.00234551831436
0.00234490042897
0.00234428311933
0.00234366648851
0.00234305062774
0.00234243563459
0.00234182159412
0.00234120858146
0.00234059667299
0.00233998594349
0.00233937645658
0.00233876827736
0.00233816146275
0.002337556062
0.00233695212788
0.0023363497032
0.00233574882064
0.00233514951407
0.00233455181492
0.00233395574572
0.00233336132695
0.00233276857511
0.0023321775572
0.00233158823014
0.0023310006702
0.00233041494192
0.00232983098287
0.00232924871394
0.00232866811843
0.00232808918198
0.00232751188686
0.00232693621212
0.00232636213366
0.00232578962436
0.00232521865417
0.00232464919023
0.00232408119697
0.0023235146362
0.00232294946724
0.00232238564701
0.00232182313221
0.00232126187513
0.00232070182408
0.00232014292844
0.00231958513386
0.00231902839123
0.00231847263668
0.00231791781135
0.00231736385482
0.00231681070558
0.00231625830211
0.00231570657777
0.00231515548505
0.00231460501459
0.00231405502442
0.0023135054457
0.00231295620874
0.00231240724309
0.00231185847761
0.00231130984058
0.00231076125981
0.00231021266272
0.00230966397645
0.00230911512799
0.00230856604611
0.00230801666135
0.00230746708315
0.002306917056
0.00230636650691
0.00230581537792
0.00230526359265
0.00230471113323
0.00230415790824
0.00230360381532
0.00230304878821
0.00230249276576
0.0023019357272
0.00230137764528
0.0023008184879
0.00230025812794
0.00229969648314
0.00229913350706
0.00229856916747
0.00229800340489
0.00229743616911
0.00229686742165
0.00229629712788
0.00229572526695
0.00229515188415
0.00229457690563
0.00229400033582
0.00229342211893
0.00229284224636
0.00229226071696
0.00229167753981
0.00229109273413
0.00229050630317
0.00228991827067
0.00228932866418
0.00228873751895
0.00228814502044
0.00228755115126
0.00228695589165
0.00228635930337
0.00228576145484
0.00228516242115
0.00228456228397
0.002283961173
0.00228335919537
0.00228275640198
0.00228215289951
0.00228154880037
0.0022809442459
0.00228033937184
0.00227973427157
0.00227912907768
0.0022785239269
0.00227791899011
0.00227731438787
0.00227671026049
0.00227610686338
0.00227550426469
0.00227490259596
0.00227430201894
0.00227370269839
0.00227310480661
0.00227250846281
0.00227191382033
0.00227132103123
0.00227073024588
0.00227014161249
0.00226955527674
0.00226897138139
0.0022683900998
0.00226781153604
0.00226723584368
0.00226666313876
0.00226609353273
0.00226552714397
0.0022649640859
0.00226440447237
0.0022638484015
0.00226329597043
0.00226274728918
0.00226220242807
0.00226166147236
0.00226112461384
0.00226059180311
0.00226006310083
0.00225953858795
0.00225901833928
0.00225850235667
0.00225799068244
0.00225748340852
0.0022569805576
0.00225648211102
0.00225598809097
0.00225549851601
0.00225501339998
0.00225453278775
0.00225405664828
0.0022535849792
0.00225311777714
0.00225265503508
0.00225219674251
0.00225174288565
0.00225129352209
0.00225084857867
0.00225040801527
0.00224997180208
0.00224953991141
0.00224911230209
0.00224868894437
0.00224826981412
0.00224785487601
0.00224744412928
0.00224703758253
0.00224663511988
0.00224623669794
0.00224584229257
0.00224545184508
0.00224506530408
0.00224468262074
0.00224430374674
0.00224392863546
0.00224355723985
0.00224318962848
0.00224282564796
0.00224246523862
0.00224210837589
0.00224175498833
0.00224140503755
0.00224105847969
0.00224071525273
0.0022403753266
0.00224003864654
0.00223970515655
0.00223937481688
0.00223904759
