0.0333741669362
0.011222426253
0.00891106012102
0.00693168415693
0.00590378914288
0.00528549785117
0.00494486870915
0.0047900149275
0.00469820033944
0.00463280038651
0.0045822136763
0.00454026130892
0.00450412253272
0.00447029494967
0.00443700700344
0.0044032637334
0.00436823922255
0.00433148392092
0.00429379834905
0.00425552095375
0.00421793996009
0.00418198055966
0.0041480736635
0.00411593865593
0.00408524967583
0.00405617843006
0.00402905148557
0.00400418786514
0.00398174467762
0.00396165669292
0.00394369510021
0.00392756788137
0.00391295124521
0.0038995354249
0.00388704548353
0.00387525858076
0.00386402338639
0.00385313082101
0.00384245834502
0.00383192873423
0.00382154662756
0.00381152931064
0.00380171631946
0.00379220885884
0.00378311873628
0.00377454357073
0.00376654787445
0.00375915797032
0.00375236579236
0.00374613794457
0.00374042238379
0.00373516418442
0.0037302281044
0.00372496976266
0.00372002788796
0.00371536335745
0.00371095297342
0.00370674876345
0.00370272159958
0.0036988493159
0.00369512060559
0.0036915156179
0.00368801822326
0.00368461723115
0.00368128132969
0.00367801792333
0.00367482813154
0.00367169086191
0.00366850367303
0.00366537419231
0.00366229995119
0.00365927584413
0.00365629895777
0.00365336704593
0.00365047797668
0.00364762993316
0.00364482119948
0.00364204561078
0.00363930674366
0.00363660405577
0.00363393600733
0.00363130190409
0.00362870095705
0.00362599286169
0.00362323026651
0.00362050031486
0.00361780289404
0.00361513757831
0.00361250407328
0.00360990197617
0.00360733106868
0.0036047912022
0.00360228211126
0.00359980352716
0.00359735507017
0.00359493670828
0.0035925842722
0.00359028914727
0.00358802228051
0.00358578327778
0.00358357179843
0.00358138758142
0.00357923024198
0.00357709944707
0.00357499486748
0.00357291375197
0.00357085268274
0.00356881681761
0.00356680629361
0.0035648205082
0.00356285870628
0.00356091820261
0.00355899617802
0.00355709711486
0.00355522081671
0.00355336695801
0.00355153519448
0.00354972523589
0.00354793660581
0.00354616893973
0.00354442191163
0.00354269509897
0.00354098835437
0.00353930142396
0.00353763363991
0.00353598464364
0.00353435407181
0.00353274159717
0.00353114682539
0.00352956944948
0.00352800915242
0.0035264655996
0.00352493846446
0.0035233475963
0.00352172769841
0.00352012474698
0.00351853837592
0.00351710193934
0.00351587692344
0.00351466262713
0.00351345882294
0.00351226529763
0.0035110819173
0.00350990849519
0.00350874522723
0.00350759155484
0.00350644718396
0.00350531192704
0.00350418560714
0.00350306805281
0.00350195908947
0.00350085855625
0.00349976630673
0.00349868219529
0.00349760605259
0.00349653772436
0.00349547706436
0.0034944238715
0.00349337805945
0.00349233949562
0.00349130804659
0.0034902835805
0.00348926596838
0.0034882682358
0.00348727987537
0.0034862981164
0.00348532275876
0.00348435362269
0.00348339054409
0.00348243337727
0.00348148199079
0.00348053625367
0.00347959604946
0.00347866126099
0.00347773177794
0.00347680749448
0.00347588825301
0.00347497390175
0.00347406445621
0.00347316005838
0.00347226042794
0.00347136544124
0.00347047519718
0.00346958961097
0.00346870840417
0.00346783149692
0.00346695881103
0.00346609027001
0.00346522579866
0.00346436531198
0.00346350873944
0.00346265602212
0.00346180703746
0.0034609617632
0.00346012011875
0.00345928204679
0.00345844750061
0.0034576168044
0.00345679564633
0.00345597786199
0.00345516323284
0.00345435174558
0.00345354339325
0.00345273809261
0.00345187843054
0.00345095029876
0.0034500383772
0.00344914005366
0.00344825327404
0.00344737624111
0.00344650761867
0.0034456473828
0.00344479485381
0.00344394774993
0.00344310551818
0.00344226770743
0.0034414340056
0.00344060403448
0.00343977968672
0.00343896152156
0.00343814615895
0.00343733286036
0.00343652238022
0.00343571792476
0.00343491571364
0.00343411570867
0.00343331785042
0.00343252208219
0.00343172834611
0.00343093658636
0.00343014730098
0.00342936056392
0.00342857562498
0.0034277924326
0.00342701067989
0.00342622969603
0.00342545032042
0.00342467253336
0.00342389628653
0.00342312150132
0.00342234792322
0.00342157566926
0.00342080471855
0.00342003500736
0.00341926580994
0.00341849719492
0.00341772973362
0.00341696338114
0.00341619809221
0.00341543382216
0.00341467053717
0.00341390876343
0.00341314786784
0.00341238780684
0.00341162853707
0.00341087001525
0.00341011219831
0.00340935504353
0.00340859850794
0.00340784254879
0.00340708712448
0.00340633219172
0.00340557770777
0.00340482363038
0.00340407005621
0.00340331681244
0.00340256384612
0.00340181111486
0.00340105857635
0.00340030618816
0.00339955390791
0.00339880169299
0.00339804951043
0.00339729732188
0.00339654506996
0.00339579271166
0.0033950402172
0.00339428757105
0.00339353469023
0.00339278152864
0.00339202804178
0.00339127420198
0.00339052028274
0.00338976590185
0.00338901101422
0.00338825557451
0.00338749953699
0.00338674285562
0.00338598548392
0.00338522737506
0.00338446848234
0.00338370875657
0.00338294815008
0.00338218661428
0.00338142407373
0.0033806604927
0.00337989581515
0.00337912995112
0.00337836290622
0.00337759462852
0.00337682506472
0.0033760541632
0.00337528186699
0.00337450812039
0.00337373286713
0.00337295601571
0.00337217751368
0.00337139733115
0.00337061540805
0.00336983168325
0.00336904609519
0.00336825861657
0.00336746915694
0.00336667764553
0.00336588400938
0.00336508818022
0.00336429008836
0.00336348966283
0.00336268683078
0.00336188151803
0.00336107364873
0.00336026314578
0.0033594499301
0.00335863392006
0.00335781503301
0.00335699318618
0.00335616829031
0.00335534025551
0.00335450899183
0.00335367440512
0.0033528363977
0.00335199487097
0.00335114972349
0.00335030085108
0.00334944814681
0.00334859150059
0.00334773066637
0.00334686561695
0.00334599630898
0.00334512258429
0.00334424432639
0.00334336139841
0.00334247366593
0.00334158099068
0.00334068322938
0.00333978025568
0.00333887192193
0.00333795804616
0.00333703307612
0.00333610188139
0.00333516469274
0.00333422132589
0.00333327160234
0.00333231533528
0.00333135234395
0.0033303824123
0.00332940532993
0.00332842088175
0.00332742884551
0.00332642899096
0.00332542109505
0.00332440491152
0.00332338018382
0.00332234713404
0.00332130503679
0.00332025357663
0.0033191924659
0.00331812140784
0.00331704009666
0.00331594821742
0.00331484544543
0.00331373146939
0.00331260596123
0.00331146860188
0.00331031896181
0.00330915667156
0.00330798146092
0.00330679316411
0.00330559106882
0.00330437477765
0.00330314388315
0.00330189797901
0.00330063665332
0.00329936015651
0.00329806800776
0.00329675922889
0.0032954334183
0.00329409018377
0.00329272915042
0.00329134995535
0.00328995224659
0.00328853584965
0.0032871007825
0.00328564634312
0.00328417231445
0.00328267845634
0.00328116467745
0.00327963096049
0.0032780773111
0.00327650392972
0.00327491768692
0.00327331226321
0.00327168796953
0.00327004521655
0.00326838445958
0.00326670634654
0.00326501161198
0.00326330107052
0.00326157550334
0.00325983601498
0.00325808373315
0.00325631983025
0.00325454592141
0.00325276344199
0.00325097324369
0.00324917669319
0.00324737516996
0.00324557005027
0.00324376269068
0.00324195444417
0.00324014678325
0.00323834068442
0.00323653727142
0.00323473757889
0.00323294255425
0.00323115304856
0.00322936973651
0.00322759320426
0.0032258240487
0.00322406255238
0.00322230885508
0.00322056304094
0.00321882507016
0.003217094776
0.00321537187043
0.00321365599317
0.00321194659129
0.00321024298511
0.00320854440279
0.0032068499502
0.00320515860826
0.00320346922877
0.00320178052843
0.00320009108016
0.0031983993031
0.00319670344586
0.0031950015747
0.00319328850028
0.00319156393485
0.00318982640795
0.00318807301557
0.00318630047314
0.00318450511298
0.00318268280147
0.00318082885882
0.00317893796062
0.00317700401807
0.00317502005866
0.0031729779776
0.00317086834772
0.00316868016527
0.00316640049127
0.00316401401202
0.00316150249869
0.00315884414128
0.00315601270305
0.00315297648163
0.003149697044
0.00314612773011
0.00314221197307
0.00313788160589
0.00313305556385
0.00312763983385
0.00312153023547
0.00311462062781
0.00310682001954
0.00309808152367
0.00308844159383
0.00307805758344
0.00306721964664
0.00305631411731
0.00304120825725
0.0030263778706
0.00301269883306
0.00300037881114
0.00298942774226
0.00297974401543
0.00297118151021
0.00296358845923
0.00295682534568
0.00295077089164
0.0029453223918
0.00294039382169
0.00293591334977
0.00293182093229
0.00292806622126
0.00292460682557
0.00292140689378
0.00291843645885
0.00291566925964
0.00291308281805
0.0029106579513
0.00290837804472
0.00290622870652
0.00290419740003
0.00290227316391
0.00290044637087
0.00289870853966
0.00289705217442
0.00289547071543
0.00289395817332
0.00289250925464
0.00289111921377
0.00288978363102
0.00288849868834
0.00288726103783
0.0028860675372
0.00288491530485
0.00288380191004
0.00288272479029
0.00288168175008
0.00288067078262
0.00287969004234
0.00287873782689
0.00287781256403
0.00287691279858
0.00287603718129
0.00287518445909
0.00287433199113
0.00287349417217
0.00287267831778
0.00287188326584
0.00287110793801
0.00287035133953
0.00286961257876
0.00286889074041
0.00286818502875
0.00286749479
0.00286681974022
0.00286615976919
0.00286551309576
0.00286487914481
0.0028642573546
0.00286364720572
0.00286304821008
0.00286245990715
0.00286188186201
0.00286131366345
0.00286075492239
0.00286020527029
0.00285966435783
0.00285913188416
0.00285860759454
0.00285799435606
0.00285706532934
0.00285621968826
0.00285544247466
0.00285472224084
0.00285405095252
0.00285342044113
0.00285282494626
0.00285225978152
0.00285172109533
0.00285120569185
0.00285071086235
0.00285023432869
0.0028497741479
0.00284932865124
0.00284874735115
0.00284785931122
0.00284697364381
0.00284608575674
0.00284519118521
0.00284428538713
0.00284336371769
0.00284242130088
0.00284145295082
0.0028404530264
0.00283941531364
0.00283833289147
0.00283719593641
0.00283599245229
0.00283471662947
0.00283335680314
0.00283189963385
0.00283032990212
0.00282863034781
0.00282678161187
0.0028247623731
0.00282254982015
0.00282012065521
0.00281745287485
0.00281452858936
0.00281133800821
0.00280788429236
0.00280418889385
0.00280029536742
0.00279626994397
0.00279219735049
0.00278817136746
0.00278428248614
0.00278060627488
0.00277719581291
0.00277407961507
0.00277126423933
0.00276806362181
0.00276493915474
0.00276226206203
0.00275995651419
0.00275795760156
0.00275621121713
0.00275467298434
0.00275330683774
0.00275208359029
0.0027509796815
0.00274995563072
0.00274901948291
0.00274815790895
0.00274736002541
0.00274661690278
0.00274592116204
0.00274526667257
0.00274464829386
0.00274406170472
0.00274350324559
0.00274296980591
0.00274245872408
0.00274196771033
0.00274149478442
0.00274103822507
0.00274059652859
0.00274016837516
0.00273975260221
0.00273934817671
0.0027389541808
0.00273856979448
0.00273819428159
0.0027378269782
0.00273746728471
0.00273711465762
0.0027367685979
0.00273642865109
0.00273609440007
0.00273576546719
0.00273544149099
0.00273512214203
0.00273480711473
0.00273449612485
0.00273418890445
0.00273388520246
0.00273358480088
0.00273328752111
0.00273299308953
0.0027327013071
0.00273241199021
0.00273212495193
0.00273184002233
0.00273155705039
0.00273127585912
0.0027309962951
0.00273071821014
0.00273044146067
0.00273015773296
0.00272986336086
0.00272957060336
0.0027292792212
0.00272898904126
0.00272869989546
0.00272841162009
0.00272812405508
0.00272783704331
0.00272755043107
0.00272726406486
0.00272697780159
0.00272669148666
0.00272640496261
0.00272611807781
0.00272583067969
0.00272554261419
0.00272525372526
0.00272496385717
0.0027246728455
0.00272438052443
0.00272408672415
0.00272379126992
0.0027234939814
0.00272319467191
0.00272289314778
0.00272258920745
0.00272228264069
0.00272197322767
0.00272166073796
0.0027213449295
0.00272102554739
0.00272070232271
0.00272037497107
0.00272004319113
0.00271970666303
0.00271936504652
0.00271901797901
0.00271866507341
0.00271830591571
0.00271794006233
0.00271756703724
0.00271718632865
0.00271679738546
0.00271639961324
0.00271599237022
0.0027155763787
0.00271514973879
0.00271471154798
0.00271426094133
0.00271379697846
0.00271272470151
0.00270911819194
0.0027049603201
0.00270016373111
0.00269464816593
0.00268835758371
0.00267599768777
0.00266050888383
0.0026459085004
0.00263249887828
0.00262047746775
0.0026098641864
0.0026005978888
0.00259259109016
0.00258571392964
0.00257973212515
0.00257461313555
0.00257024461837
0.00256651972644
0.00256334374601
0.00256063387331
0.00255831846868
0.00255633601016
0.00255463403201
0.00255316818225
0.00255190105596
0.00255080121602
0.00254984233145
0.00254900238294
0.00254825216047
0.00254758404951
0.00254698937912
0.00254645732621
0.00254597881856
0.00254554623459
0.00254515318219
0.00254479424917
0.00254446483494
0.0025441610756
0.00254387969591
0.0025436179141
0.00254337355556
0.00254314451251
0.00254292892792
0.00254272532277
0.00254253242571
0.00254234914087
0.00254217452125
0.00254200774622
0.00254184810055
0.00254169496106
0.00254154778228
0.00254140608504
0.002541269447
0.00254113749453
0.00254100989592
0.0025408863554
0.00254076660841
0.00254065041736
0.00254053756829
0.00254042786715
0.00254032113778
0.00254012883695
0.00253965415082
0.00253924954115
0.00253889862464
0.00253858945328
0.00253831310127
0.00253806283843
0.00253783354537
0.00253762129514
0.0025374230511
0.00253723644685
0.00253705962436
0.00253689111415
0.00253672974559
0.0025365745795
0.00253642485718
0.00253627996139
0.00253613938723
0.00253600271648
0.00253586960208
0.00253573975345
0.00253561292533
0.00253548890912
0.00253536752603
0.0025352486215
0.00253513206089
0.00253501772597
0.00253490551206
0.00253479532579
0.0025346870832
0.00253458070826
0.00253447613164
0.00253437328968
0.00253427212362
0.00253417257886
0.00253407460443
0.00253397815396
0.00253388318473
0.0025337896526
0.00253369751695
0.00253360673835
0.00253351727876
0.00253342910302
0.00253334217747
0.00253325646978
0.00253317196127
0.00253308862034
0.00253300640666
0.00253292529232
0.00253284525041
0.00253276625482
0.00253268828028
0.00253261130232
0.00253253529722
0.00253246024198
0.00253238611425
0.00253231289239
0.00253224055547
0.00253216908289
0.00253209845477
0.00253202865184
0.00253195965527
0.00253189144677
0.00253182400858
0.00253175732339
0.00253169137438
0.00253162614518
0.00253156161986
0.00253149778287
0.00253143461907
0.00253137211372
0.00253131025249
0.00253124902139
0.00253118841532
0.00253112841534
0.00253106900633
0.00253101017474
0.00253095190829
0.00253089419501
0.00253083702321
0.00253078038149
0.00253072425872
0.00253066864407
0.00253061352712
0.00253055889745
0.00253050474492
0.00253045074377
0.00253039603162
0.00253034178129
0.00253028798143
0.00253023462134
0.00253018169078
0.00253012918
0.00253007708012
0.00253002539048
0.00252997409342
0.00252992318053
0.00252987264376
0.00252982247513
0.00252977266698
0.00252972321185
0.00252967410248
0.00252962533253
0.0025295768947
0.00252952878215
0.00252948098807
0.00252943350604
0.00252938632981
0.00252933945324
0.00252929287038
0.00252924657536
0.00252920056251
0.00252915482651
0.00252910936162
0.00252906416246
0.0025290192238
0.00252897454199
0.00252893011952
0.00252888594234
0.00252884200563
0.00252879830471
0.00252875483497
0.0025287115919
0.0025286685711
0.00252862576823
0.00252858317908
0.00252854079949
0.0025284986254
0.00252845665282
0.00252841487784
0.00252837329664
0.00252833190546
0.00252829070062
0.00252824967853
0.00252820883563
0.00252816816847
0.00252812767457
0.00252808735263
0.00252804719636
0.00252800720253
0.00252796736802
0.00252792768972
0.0025278881646
0.00252784878968
0.00252780956205
0.00252777047884
0.00252773153725
0.0025276927348
0.00252765406848
0.0025276155356
0.00252757713356
0.00252753885977
0.00252750071183
0.00252746268718
0.00252742478334
0.00252738699791
0.00252734932853
0.00252731177289
0.00252727432872
0.00252723699376
0.00252719976583
0.00252716264275
0.0025271256224
0.00252708870269
0.00252705188156
0.00252701515698
0.00252697852696
0.00252694198953
0.00252690554275
0.00252686918474
0.00252683291361
0.00252679672754
0.00252676062469
0.00252672460329
0.00252668866158
0.00252665279785
0.00252661701036
0.00252658129743
0.00252654565742
0.00252651008867
0.00252647458958
0.00252643915857
0.00252640379407
0.00252636849452
0.00252633325842
0.00252629808427
0.00252626297056
0.00252622791586
0.00252619291871
0.0025261579777
0.00252612309142
0.00252608825849
0.00252605347752
0.00252601874718
0.00252598406612
0.00252594943302
0.00252591484658
0.00252588030551
0.00252584580855
0.00252581135446
0.00252577694199
0.00252574256987
0.00252570823691
0.00252567394189
0.00252563968363
0.00252560546096
0.0025255712727
0.0025255371177
0.00252550299482
0.00252546890293
0.00252543484091
0.00252540080766
0.00252536680207
0.00252533282305
0.00252529886954
0.00252526494045
0.00252523103473
0.00252519715134
0.00252516328922
0.00252512944735
0.00252509562471
0.00252506182027
0.00252502803303
0.00252499426199
0.00252496050615
