0.031899885073
0.0299764803615
0.0295626920766
0.0293738558145
0.0292323087068
0.0289296646976
0.0283477702624
0.0278316810961
0.0273051480493
0.0269426669697
0.0265649393001
0.0261590081621
0.0259142115293
0.025576118244
0.0253798699475
0.025261521963
0.0251176129003
0.0249918265582
0.0248682731464
0.0247053060285
0.0243679003183
0.0241534890786
0.023660358402
0.0225379967259
0.0219924319947
0.0216472578929
0.0214346679285
0.0212212575846
0.021081237904
0.0209680218185
0.0208449057974
0.0205185760179
0.0204463534684
0.0203774593135
0.0202366008846
0.0199345891539
0.0197916752411
0.0194929289327
0.019342621562
0.0189764785478
0.018455318069
0.0181339853083
0.0176219048589
0.0172951226952
0.0171831821272
0.0170974833679
0.0170443481296
0.0170085857797
0.0169799422373
0.0169525944724
0.0169196317177
0.0168555841606
0.0166500199844
0.0164949226128
0.0161968480186
0.0159019631589
0.0156195404759
0.0154967403184
0.015175415311
0.0145449165637
0.0135157624609
0.012879828536
0.0121947875273
0.0114216636593
0.0110515042453
0.0108541964634
0.0107595243518
0.0107062100728
0.0106582165662
0.0103675993739
0.00957352601912
0.00887423567175
0.00837319301123
0.00757979556849
0.00699782425664
0.00678322413988
0.00664343851579
0.00654678932759
0.00648935014313
0.00645088870138
0.00642159499852
0.00639732616243
0.00637599873207
0.00635638376298
0.00633765577604
0.00631918757468
0.00630046822117
0.00628092048801
0.00625888857501
0.00623020331462
0.0061911080055
0.00615632591391
0.00612937870866
0.00609836155575
0.00599839419616
0.00583245349255
0.00579062358978
0.00576767314398
0.00575147483055
0.00573936530233
0.00572993703798
0.00572231958762
0.00571595019825
0.00571045732004
0.00570559145431
0.00570118248117
0.00569711256374
0.00569329871228
0.00568968145497
0.00568621740852
0.00568287435791
0.00567962796172
0.0056764595191
0.00567335443594
0.00567030115562
0.00566729040421
0.00566431464779
0.00566136769716
0.00565844441632
0.00565554050294
0.00565265232412
0.00564977679058
0.00564691126056
0.0056440534665
0.00564120145937
0.0056383535668
0.00563550836213
0.00563266464192
0.00562982461947
0.00562698996265
0.00562415021772
0.00562130827702
0.00561846442287
0.0056156185249
0.00561276924255
0.0056099179048
0.00560706607864
0.00560421369977
0.0056013612506
0.00559850832806
0.00559565956304
0.00559281182772
0.00558997067211
0.00558713279774
0.00558430374435
0.00558148046694
0.0055786675826
0.00557586479485
0.00557307021125
0.00557028949593
0.00556752093654
0.00556476325447
0.00556201935788
0.00555928977868
0.00555657397137
0.00555387391459
0.00555118467949
0.00554850780286
0.00554584702847
0.00554319479436
0.00554055532076
0.00553792660243
0.00553530631467
0.00553269401652
0.00553009053935
0.0055274863857
0.00552488978372
0.00552229311185
0.00551969400448
0.00551708991419
0.0055144805086
0.00551186315159
0.00550923502327
0.00550658916554
0.00550392540806
0.00550123649685
0.00549852737939
0.0054957835192
0.00549300669119
0.0054901921195
0.00548733271272
0.00548442327427
0.00548145843309
0.00547843396381
0.00547534345901
0.00547217592016
0.00546893289649
0.00546559889534
0.00546216952226
0.00545862860152
0.00545492376598
0.00545109580111
0.00544713347066
0.00544303107839
0.00543877703449
0.00543436271143
0.00542977765696
0.00542501264849
0.00542005771921
0.00541490276686
0.00540953737943
0.00540395054674
0.0053981302181
0.00539206266328
0.00538573158906
0.00537911695494
0.00537219342144
0.00536492834699
0.00535727922502
0.00534919043037
0.00534058908043
0.00533137990216
0.00532143900548
0.00531060684744
0.00529857462267
0.00528472469047
0.0052690407594
0.0052511505711
0.00522654643807
0.00519778829549
0.00516430702527
0.00512931001978
0.0050929148925
0.0050541542837
0.00501140153149
0.0049626727692
0.00490617724621
0.00484187583731
0.00477137553298
0.00470030773982
0.00463493769513
0.00457606093783
0.00452132105067
0.00446838816212
0.00441560995936
0.00436274968902
0.00431201493199
0.00426655899272
0.00422728166954
0.00419283926607
0.00416138994419
0.00413133599947
0.00410128907092
0.00406976525948
0.00403219285153
0.00398523567489
0.00391646781228
0.00378467292795
0.00359396102756
0.0034357347483
0.00331215211935
0.00322782946515
0.00316533859106
0.00311392476864
0.00306914130235
0.00302864294093
0.00299129946704
0.0029560805126
0.00292288417326
0.00289216085251
0.00286271948777
0.00283637079168
0.00281323878603
0.00279264272234
0.00277385607953
0.00275621025266
0.00273912589937
0.00272207389902
0.00270406063753
0.00268523462094
0.00266528128076
0.00264374519797
0.00261976689464
0.00259320037246
0.00256331423655
0.00252905446443
0.00248905558915
0.00244231663862
0.00239020637164
0.00233800855044
0.00229246880886
0.00225616634423
0.00222801533384
0.00220591061598
0.00218820702242
0.00217364907159
0.00216139060487
0.00215085760819
0.00214164992384
0.00213348547053
0.0021260718341
0.00211873313267
0.00211202267591
0.00210584734114
0.00210013824014
0.00209484236096
0.00208992060746
0.00208533844038
0.00208106348845
0.00207706843575
0.00207333122887
0.00206982636499
0.00206653073113
0.00206342473791
0.00206048899708
0.00205770550717
0.00205505805272
0.00205253244406
0.00205011575612
0.00204779589814
0.00204556261166
0.00204340664265
0.00204131976607
0.00203929483233
0.00203732555929
0.00203540443473
0.00203330342084
0.00203126158263
0.00202927031943
0.0020273414742
0.00202546932365
0.00202363468164
0.00202183582269
0.00202006891605
0.00201833110255
0.00201662037242
0.00201493482257
0.00201327289646
0.00201163329323
0.00201001480975
0.00200841646967
0.00200683731907
0.00200527626616
0.00200373248227
0.00200220524618
0.00200069388501
0.00199919779084
0.00199771648134
0.00199625192963
0.00199480503632
0.00199337142777
0.00199195073797
0.00199054249312
0.00198914631595
0.00198729076876
0.00198453742945
0.00198184441971
0.00197918116406
0.00197653682673
0.00197390254876
0.0019712745444
0.00196864879813
0.00196602301649
0.00196339693104
0.00196019358886
0.00195593456325
0.00195171746738
0.00194752562207
0.00194336080061
0.00193922645713
0.00193514277628
0.00193110630968
0.00192711320887
0.00192316750158
0.00191927281459
0.0019154369604
0.00191166538227
0.00190795160553
0.00190429792905
0.00190086588812
0.00189786238243
0.00189491238723
0.00189201377211
0.00188916598976
0.00188636900516
0.00188362995641
0.001880999224
0.00187842715409
0.00187590208725
0.00187342135122
0.0018709903935
0.00186864374995
0.0018663778912
0.00186416451918
0.00186199727296
0.00185986770739
0.00185777801766
0.0018557257388
0.00185373568132
0.00185177903172
0.00184985730131
0.00184797085279
0.00184611885041
0.00184429790934
0.00184250676338
0.0018407447676
0.00183901657377
0.0018373348896
0.00183568318987
0.00183405839612
0.00183245989544
0.00183088800909
0.00182931090739
0.00182775961188
0.00182623257413
0.0018247292213
0.00182324887443
0.00182179296301
0.0018203606169
0.00181894967441
0.00181755958488
0.00181619029156
0.00181484099496
0.00181351102864
0.00181220103071
0.00181090961521
0.00180963612976
0.00180838017531
0.00180714243546
0.00180592308439
0.00180471961545
0.00180353161601
0.00180236341282
0.00180121143328
0.00180005224615
0.0017989025939
0.00179776675613
0.0017966476695
0.00179554828713
0.00179446162478
0.00179338731631
0.00179232542168
0.00179127525759
0.00179023610171
0.00178920778354
0.00178818993725
0.00178718218471
0.00178618423405
0.00178519581914
0.00178421667025
0.00178328458388
0.00178238064075
0.00178147928758
0.00178059916735
0.00177972654962
0.0017788620446
0.00177801848722
0.0017771721109
0.0017763463864
0.00177552911096
0.0017747162065
0.00177391445199
0.00177312822473
0.00177233828578
0.00177156490229
0.00177080115214
0.00177004020908
0.0017692849519
0.00176853322013
0.00176779853615
0.00176706761436
0.00176634360104
0.00176562241878
0.00176490917247
0.00176420482343
0.00176350201458
0.00176280459128
0.00176211543153
0.00176143276289
0.00176074811196
0.00176007534562
0.00175940252825
0.00175873516237
0.0017580773869
0.0017574180779
0.00175676348998
0.0017561129847
0.00175546405228
0.00175481984423
0.00175418028101
0.00175354255607
0.00175290856478
0.00175227687007
0.00175164919396
0.00175102319202
0.00175040011154
0.00174977971038
0.00174916181421
0.00174854627148
0.00174793294552
0.00174732175412
0.00174671257011
0.00174610523211
0.00174549964178
0.00174489579605
0.00174429370934
0.00174369309276
0.00174309387866
0.00174249597151
0.00174189931624
0.00174130384372
0.0017407094958
0.0017401162299
0.00173952402635
0.00173893296289
0.00173834288447
0.00173775369064
0.00173716431392
0.00173657570254
0.00173598790643
0.00173540090181
0.00173481468276
0.00173422921172
0.00173364446388
0.00173306044597
0.00173247713146
0.00173189450058
0.00173131253742
0.00173073123633
0.00173015058986
0.00172957059559
0.00172899124825
0.00172841254636
0.00172783454653
0.00172725726225
0.00172668062628
0.00172610464519
0.00172552932522
0.00172495469588
0.00172438074639
0.00172380748364
0.00172323512327
0.00172266362546
0.00172208179918
0.00172147772795
0.00172087462519
0.00172027238024
0.00171967087609
0.00171907004795
0.00171846986425
0.00171787031134
0.00171727138969
0.00171667310732
0.00171607547802
0.00171547851773
0.00171488224937
0.00171428669854
0.00171369189317
0.00171309787673
0.00171250467396
0.00171191230863
0.00171132081469
0.00171073022488
0.00171014056973
0.00170955188178
0.00170896419375
0.00170837753861
0.0017077919957
0.00170720758377
0.00170662432812
0.00170604224664
0.00170546135736
0.00170488167626
0.00170430323149
0.00170372605067
0.00170315015874
0.00170257561375
0.00170200241669
0.00170143057667
0.00170086011626
0.0017002910536
0.00169972340813
0.00169915720078
0.00169859244931
0.00169802917643
0.00169746738807
0.00169690709906
0.00169634832262
0.00169579109171
0.00169523541278
0.00169468128296
0.00169412871185
0.00169357770869
0.00169302828255
0.00169248045013
0.00169193421063
0.00169138956599
0.00169084652171
0.00169030509783
0.00168976528645
0.001689227096
0.00168869059953
0.00168815575529
0.0016876225318
0.00168709092717
0.00168656094398
0.00168603257837
0.00168550583083
0.00168498070294
0.00168445718915
0.00168393528829
0.00168341500788
0.00168289633836
0.00168237927323
0.00168186380934
0.00168134994765
0.00168083768533
0.00168032701299
0.00167981794382
0.00167931046124
0.0016788045556
0.0016783002214
0.00167779745775
0.00167729625825
0.00167679661684
0.00167629855029
0.00167580205227
0.00167530709499
0.00167481367081
0.00167432177434
0.00167383140286
0.00167334255461
0.00167285521629
0.00167236938102
0.001671885045
0.00167140220008
0.00167092083996
0.00167044095917
0.00166996254975
0.00166948560531
0.00166901011945
0.00166853608564
0.00166806349912
0.00166759254429
0.00166712304153
0.00166665496338
0.00166618830333
0.00166572305679
0.0016652592184
0.00166479677928
0.00166433573375
0.00166387608718
0.00166341785969
0.00166296102035
0.00166250556621
0.00166205150291
0.00166159879138
0.00166114742525
0.00166069739824
0.00166024870578
0.00165980134092
0.00165935529727
0.00165891056759
0.0016584671457
0.00165802502545
0.00165758420083
0.00165714466602
0.00165670641455
0.00165626944038
0.0016558337375
0.00165539929994
0.00165496612175
0.00165453419747
0.00165410352462
0.00165367409409
0.00165324590215
0.00165281894044
0.00165239320358
0.00165196868519
0.00165154537959
0.00165112328533
0.00165070239288
0.00165028270768
0.00164986421384
0.00164944690528
0.00164903078556
0.00164861584017
0.00164820206309
0.00164778946068
0.00164737803027
0.00164696775482
0.00164655862768
0.00164615064349
0.00164574379664
0.00164533808165
0.00164493349311
0.00164453002535
0.00164412767314
0.00164372643307
0.00164332629904
0.00164292727166
0.00164252934162
0.00164213250143
0.00164173674715
0.00164134207368
0.00164094847689
0.00164055595296
0.00164016449437
0.00163977409633
0.00163938475412
0.00163899646309
0.0016386092186
0.00163822301583
0.00163783785012
0.00163745371687
0.00163707061149
0.00163668852944
0.00163630746702
0.00163592742567
0.00163554840314
0.00163517038585
0.00163479336937
0.0016344173494
0.00163404232167
0.0016336682817
0.00163329522509
0.00163292314753
0.00163255204474
0.00163218191245
0.00163181274644
0.00163144454281
0.00163107729769
0.00163071100626
0.00163034566614
0.00162998127387
0.00162961782294
0.0016292553093
0.00162889372888
0.00162853307768
0.00162817335177
0.00162781454736
0.00162745666023
0.00162709968654
0.00162674362231
0.00162638846364
0.00162603420737
0.00162568084926
0.00162532838617
0.0016249768135
0.00162462612729
0.00162427632379
0.00162392739926
0.00162357935
0.00162323217229
0.00162288586248
0.00162254041692
0.00162219583205
0.00162185210619
0.00162150923375
0.00162116721123
0.00162082603502
0.00162048570158
0.0016201462074
0.00161980754901
0.00161946972292
0.00161913272571
0.00161879655395
0.00161846120435
0.0016181266734
0.00161779295771
0.00161746005396
0.00161712796021
0.00161679669371
0.00161646624733
0.00161613659985
0.00161580774791
0.0016154796881
0.00161515243304
0.00161482597724
0.0016145003045
0.00161417541104
0.00161385129372
0.00161352794931
0.00161320537466
0.00161288356667
0.00161256252231
0.00161224224533
0.00161192274095
0.00161160399195
0.00161128599456
0.0016109687456
0.0016106522421
0.0016103364811
0.00161002145968
0.00160970717523
0.00160939362508
0.00160908081265
0.00160876872817
0.00160845743487
0.0016081469196
0.00160783712352
0.00160752804372
0.00160721967737
0.00160691202167
0.00160660507388
0.00160629883118
0.00160599354411
0.00160568951165
0.00160538620676
0.00160508361558
0.00160478173084
0.00160448054653
0.0016041800574
0.00160388025874
0.00160358114615
0.0016032827155
0.00160298496342
0.00160268788624
0.00160239148082
0.00160209541466
0.0016018000012
0.00160150525642
0.00160121117735
0.00160091776112
0.00160062500494
0.00160033290607
0.00160004146187
0.00159975066971
0.00159946052702
0.0015991710313
0.00159888218013
0.0015985939709
0.00159830640125
0.0015980194687
0.00159773317096
0.00159744750547
0.00159716246986
0.00159687806349
0.00159659428322
0.00159631112579
0.00159602858889
0.00159574667024
0.00159546536754
0.00159518467854
0.00159490460099
0.00159462513264
0.00159434627128
0.0015940680147
0.00159379036081
0.00159351330733
0.0015932368524
0.00159296099423
0.00159268572999
0.00159241105753
0.00159213697101
0.00159186347087
0.00159159055655
0.0015913182324
0.00159104649557
0.00159077533812
0.001590504758
0.00159023475672
0.00158996533019
0.00158969647508
0.00158942818917
0.00158916047048
0.00158889331704
0.00158862672687
0.00158836069811
0.00158809522876
0.00158783031687
0.00158756596049
0.00158730215771
0.00158703890664
0.00158677620584
0.00158651405454
0.00158625244929
0.00158599138821
0.00158573086946
0.00158547089121
0.00158521145168
0.00158495255051
0.00158469418822
0.00158443635913
0.00158417906146
0.00158392229356
0.00158366605355
0.00158341033969
0.00158315515062
0.00158290048433
0.00158264635803
0.00158239276724
0.001582139694
0.0015818871366
0.00158163509337
0.00158138356326
0.00158113254435
0.00158088203472
0.0015806320326
0.00158038253665
0.00158013354493
0.00157988505595
0.00157963706805
0.00157938958
0.00157914259043
0.00157889609733
0.00157865009913
0.00157840459409
0.00157815958053
0.001577915057
0.0015776710219
0.00157742747366
0.00157718441076
0.00157694183263
0.00157669973869
0.00157645812553
0.00157621699164
0.00157597633555
0.00157573615581
0.00157549645093
0.00157525721949
0.00157501846002
0.00157478017104
0.00157454235109
0.00157430500293
0.00157406812121
0.00157383170424
0.00157359575061
0.00157336025891
0.00157312522775
0.00157289065627
0.00157265654266
0.00157242288546
0.0015721896833
0.00157195693484
0.00157172463874
0.00157149279371
0.00157126139862
0.00157103045213
0.00157079995264
0.00157056989926
0.0015703402911
0.00157011113559
0.0015698824218
0.00156965414843
0.00156942632901
0.00156919895063
0.00156897200881
0.00156874550226
0.00156851942972
0.00156829382145
0.00156806867237
0.00156784395886
0.00156761967416
0.001567395817
0.00156717238626
0.00156694938078
0.00156672679917
0.00156650464024
0.00156628290283
0.00156606158626
0.0015658406889
0.00156562021287
0.00156540015357
0.00156518050984
0.00156496128051
0.00156474246445
0.00156452406049
0.00156430606749
0.00156408848433
0.00156387130987
0.00156365454298
0.00156343818258
0.00156322222785
0.00156300667737
0.00156279153002
0.00156257678471
0.00156236244036
0.00156214849588
0.00156193495019
0.00156172180222
0.0015615090553
0.0015612967314
0.00156108480308
0.00156087328865
0.00156066216673
0.0015604514366
0.0015602410996
0.00156003115178
0.0015598215921
0.00155961241951
0.00155940363298
0.0015591952315
0.00155898721403
0.00155877957959
0.00155857232715
0.00155836546631
0.00155815899166
0.00155795289602
0.00155774717838
0.00155754183775
0.00155733687315
0.00155713228362
0.00155692806817
0.00155672422583
0.00155652075565
0.00155631765666
0.00155611492792
0.00155591256857
0.00155571057759
