0.215380840521
0.0452210116847
0.0442958663021
0.0441496445523
0.0440036856003
0.0438641912017
0.0437583134039
0.0436721766118
0.0435893098193
0.0435127869794
0.0434364119101
0.0433682086472
0.0432911297706
0.0431952100426
0.043117539157
0.043056767764
0.043002076906
0.0429410242935
0.0428855703553
0.0428364195658
0.0427953432003
0.0427617833045
0.0427237024661
0.0426921507719
0.0426616993114
0.0426358313413
0.0426127954729
0.0425890740459
0.0425626040815
0.0425379332597
0.042513791997
0.0424892887635
0.042463517526
0.0424355779374
0.0424156752062
0.0423927717726
0.042367799839
0.042337964597
0.0422930075072
0.0422220423292
0.0421454803607
0.042110212806
0.0420758080651
0.0420468764545
0.04201939061
0.041991522132
0.0419624459126
0.0419329259303
0.0419099741353
0.0418904064586
0.0418719903555
0.0418535550113
0.0418343864333
0.0418133066209
0.0417890013308
0.0417575305912
0.0417150241311
0.041657611933
0.0415877336702
0.04153551586
0.0414968654301
0.0414640890679
0.0414352809583
0.0414069608128
0.0413824247523
0.0413600225146
0.0413382826565
0.0413155031431
0.0412889965116
0.0412534578984
0.0411970991426
0.0411174845311
0.0409682270452
0.0408386393174
0.0407322382458
0.0406487112344
0.0405550619444
0.0404712307048
0.0403346657383
0.0401821894069
0.0400321187671
0.039896232223
0.0398099262018
0.0397490641041
0.0396999006636
0.0396528632415
0.039609064672
0.0395581055917
0.0394840833891
0.0393566876408
0.039235424338
0.0391213031309
0.0390038911682
0.0388528160322
0.0386544987135
0.0385218974791
0.0384313379147
0.0382926548485
0.0380254159435
0.0376274671315
0.0374088945427
0.0371874815761
0.0368379882145
0.036375937027
0.0359945733975
0.0357637653807
0.0354663486789
0.035174202728
0.0347163694371
0.0342779087127
0.0339635429908
0.0336093099584
0.0334537899784
0.033267001192
0.0325593355869
0.0316754838972
0.0311433516258
0.0309727245398
0.0307897074231
0.03058205573
0.0303216814922
0.029918322586
0.0289587310842
0.0281037254567
0.0276734326807
0.027063314706
0.0257286012142
0.0247206551329
0.0234803770735
0.0215276253224
0.0190126389227
0.0165077837541
0.014556805298
0.0127324310727
0.0118722253922
0.0111736405222
0.0102697179213
0.00945248102023
0.00874520738652
0.00834260777563
0.00795068646058
0.00760001101889
0.00724517578481
0.00696709116361
0.0066885178226
0.00647320436085
0.00626352705109
0.00608797372809
0.00592161839577
0.00577814739492
0.00564966507869
0.00550902865306
0.00537386496378
0.00525625918487
0.00513986096758
0.00498582448673
0.00479064400309
0.00465324380957
0.00452008685612
0.00442263800278
0.00434995877468
0.00427282955724
0.00418375746752
0.00410684974852
0.00404818266318
0.00399574687665
0.00394369297064
0.00388641489361
0.00382541153914
0.00375318684621
0.00363161933654
0.00356126831805
0.00348023027644
0.00339736496316
0.00332419753033
0.00326770873732
0.00321489949969
0.0031707648096
0.00313319172124
0.00308154348021
0.00304334192725
0.00301699582701
0.00299508509437
0.00297390070543
0.0029534070609
0.00293499856874
0.00291972734556
0.0029031452874
0.00288856889258
0.00287620826771
0.00286434845886
0.00285260441723
0.00284059010525
0.00282350750187
0.00280777006908
0.00278992218566
0.00277371433581
0.00275364240125
0.00273370526318
0.00271774878486
0.00270464455106
0.00269350977538
0.0026809471286
0.00267030316404
0.00265702069672
0.00263830709634
0.00262079780425
0.00260733768751
0.00259789518109
0.00258722535041
0.00257477465109
0.00256452878835
0.00255588015102
0.00254363658182
0.00253243124049
0.0025232283893
0.00251547927977
0.00250576174873
0.00249535485614
0.00248550398694
0.00247706786737
0.00246975351886
0.00246333995479
0.002457657982
0.00245257928849
0.00244799853818
0.00244289357517
0.00243830478318
0.00243424150679
0.00243060139142
0.00242730830542
0.00242410020007
0.00242120649355
0.0024185678478
0.00241614004702
0.00241304087693
0.0024100184388
0.00240722797715
0.00240463209298
0.00240219775196
0.00239990012875
0.00239772045095
0.00239564392509
0.00239365876744
0.00239175472939
0.00238992347479
0.00238815803224
0.00238645240754
0.0023848014496
0.00238320066973
0.00238164613235
0.00238010712827
0.00237860950209
0.00237715258655
0.00237573331727
0.00237434898409
0.002372997186
0.00237167568582
0.00237038251079
0.00236911587167
0.0023678741407
0.00236665584057
0.00236545962146
0.00236428421514
0.00236312846752
0.0023619913118
0.00236087176193
0.00235976890299
0.00235868189542
0.00235761265952
0.00235656126408
0.00235552326298
0.00235449811623
0.00235348519249
0.00235248386165
0.00235149359333
0.0023505139451
0.00234954450056
0.00234858468891
0.00234763408805
0.00234669229011
0.00234575890641
0.00234483356771
0.00234391669148
0.002343057509
0.00234220474342
0.0023413579825
0.00234051709572
0.00233968218341
0.00233885236994
0.00233802739565
0.00233720706106
0.00233639112803
0.00233557933731
0.00233477147704
0.00233396744144
0.00233316715183
0.0023323702084
0.00233157641039
0.0023307855745
0.00232999751986
0.00232921206857
0.00232842904524
0.00232764827965
0.00232686960065
0.00232609283347
0.00232531780779
0.0023245443538
0.00232377231434
0.00232300151245
0.00232227030393
0.00232157575221
0.00232088160629
0.00232018767521
0.00231949377252
0.00231879971437
0.0023181053182
0.00231741040171
0.00231671478179
0.00231601829101
0.00231532077816
0.00231462216766
0.00231392210366
0.00231322038848
0.00231251681647
0.00231181118094
0.0023111033
0.00231039295129
0.00230967997344
0.00230896404373
0.00230824492253
0.00230752237914
0.00230679614209
0.00230606594625
0.00230533152643
0.00230459257904
0.00230384880347
0.00230309989506
0.00230234553928
0.00230158537205
0.00230081915082
0.00230010460904
0.00229951298525
0.00229891418145
0.00229830771488
0.00229769311316
0.00229706992049
0.00229643766515
0.00229579587966
0.00229514410493
0.00229448173114
0.00229380819634
0.00229312290487
0.0022924252299
0.00229171450849
0.00229099003988
0.00229025107576
0.0022894968175
0.00228872641485
0.0022879389787
0.00228713359047
0.0022863091546
0.00228546457559
0.00228460325825
0.0022837194957
0.00228281193286
0.00228187911139
0.00228091938198
0.00227993105743
0.00227891227588
0.00227786102998
0.00227677518757
0.00227565231176
0.00227448977221
0.00227328467025
0.0022720350317
0.00227073734082
0.00226938663268
0.00226797869886
0.00226650873436
0.00226496777858
0.00226335335708
0.00226165921288
0.00225987801639
0.00225800180477
0.00225602151845
0.00225392723863
0.00225170834844
0.00224935372638
0.00224685195464
0.00224419203813
0.00224136443737
0.00223836242091
0.00223518386746
0.00223183339897
0.00222832716616
0.00222468581955
0.00222094305845
0.0022171410969
0.00221332750708
0.00220955106055
0.00220585295355
0.00220226387774
0.00219880554096
0.00219548920598
0.00219231747929
0.00218928678247
0.0021863947515
0.00218362805781
0.00218097573589
0.00217842863371
0.00217597766036
0.00217361537504
0.00217132095502
0.0021690775021
0.00216691069827
0.00216481624577
0.00216279051581
0.00216082992138
0.00215893135211
0.00215709207377
0.00215530956756
0.00215358150378
0.00215190573993
0.0021502811786
0.00214871107682
0.00214718726124
0.00214570812404
0.00214427203877
0.00214287747936
0.00214152300388
0.00214020727297
0.00213892926752
0.00213768733432
0.00213648023644
0.0021353067855
0.00213416582999
0.00213305634572
0.00213197717756
0.0021309272851
0.00212990566906
0.00212891136615
0.00212794344149
0.00212700099368
0.00212608315535
0.00212518908662
0.00212431797495
0.00212346904167
0.00212264155324
0.00212183475672
0.00212104795055
0.00212028047124
0.00211953165461
0.00211880087089
0.00211808751496
0.00211739100337
0.00211671077391
0.0021160951171
0.00211553805071
0.00211499111489
0.00211445381475
0.00211392578291
0.00211340658587
0.00211289590642
0.00211239346376
0.00211189900069
0.00211141228563
0.00211090169643
0.00211039609501
0.00210989826986
0.00210940795361
0.00210892491299
0.00210844894116
0.00210797985901
0.00210751749504
0.00210706173004
0.00210661236117
0.00210616925518
0.00210573226517
0.00210530126062
0.00210487611895
0.00210445671357
0.00210404292614
0.00210363464248
0.0021032317508
0.00210283415072
0.0021024417271
0.00210205437666
0.00210167199869
0.00210129449586
0.00210092177161
0.00210055373064
0.00210019028191
0.00209983133651
0.00209947680738
0.00209912660846
0.00209878065599
0.00209843886815
0.00209810116493
0.00209776746807
0.00209743770277
0.00209711179868
0.00209678967598
0.00209647126909
0.00209615651534
0.00209584533239
0.00209553765313
0.00209523341187
0.00209493081942
0.00209458619138
0.0020942482073
0.00209391551351
0.00209358783491
0.00209326494961
0.00209294669314
0.00209263340601
0.00209232437471
0.00209201947061
0.00209171857885
0.00209142157985
0.00209112836447
0.00209083883227
0.00209055288811
0.0020902704412
0.00208999140468
0.00208971569539
0.00208944323283
0.00208917394312
0.00208890775226
0.00208864458383
0.00208838437052
0.00208812708932
0.0020878726265
0.00208762091918
0.00208737190643
0.00208712552904
0.00208688172967
0.00208664045269
0.00208640164412
0.00208616525154
0.00208593122406
0.00208569951225
0.00208547006807
0.00208524284482
0.0020850177971
0.00208479488076
0.00208457405284
0.00208435527156
0.00208413849645
0.00208392368839
0.00208371080807
0.00208349981792
0.00208329068135
0.00208308336274
0.0020828778273
0.00208267404108
0.002082471971
0.00208227158481
0.00208207285105
0.0020818757391
0.00208168021909
0.00208148626152
0.00208129383778
0.00208110291995
0.00208091348074
0.00208072549342
0.00208053893184
0.0020803537708
0.00208016998526
0.0020799875508
0.00207980492748
0.00207961321902
0.00207942309094
0.00207923445379
0.00207904724804
0.00207886142446
0.00207867693898
0.00207849375243
0.0020783118303
0.0020781311411
0.00207795165584
0.00207777334771
0.00207759619069
0.00207742016045
0.00207724523379
0.00207707138834
0.00207689860266
0.00207672685631
0.00207655612905
0.00207638640039
0.00207621765107
0.00207604986232
0.00207588426091
0.00207572143881
0.00207555951339
0.00207539826006
0.00207523759122
0.00207507777034
0.00207491878047
0.00207476060549
0.00207460322963
0.00207444663738
0.00207429081351
0.00207413574306
0.00207398141128
0.00207382780368
0.002073674906
0.00207352270416
0.00207337118431
0.00207322033282
0.0020730701362
0.0020729205812
0.00207277165467
0.00207262334368
0.00207247563544
0.00207232851731
0.00207218197684
0.00207203600168
0.00207189057963
0.00207174569855
0.00207160134648
0.00207145751157
0.00207131418207
0.00207117134636
0.0020710289929
0.00207088711026
0.00207074568735
0.00207060471265
0.00207046417497
0.00207032406319
0.00207018436627
0.00207004507324
0.00206990617318
0.00206976765524
0.0020696295086
0.00206949172252
0.00206935428626
0.00206921718921
0.00206908042108
0.00206894397083
0.00206880782785
0.00206867198159
0.00206853642146
0.00206840113694
0.00206826611747
0.00206813135252
0.00206799683155
0.00206786254401
0.00206772847935
0.00206759462698
0.00206746097632
0.00206732751675
0.00206719423763
0.00206706112827
0.00206692817797
0.00206679537596
0.00206666271143
0.00206653017355
0.00206639775138
0.00206626543396
0.00206613321026
0.00206600106916
0.00206586914833
0.00206573743563
0.00206560577186
0.00206547414561
0.00206534254545
0.00206521095983
0.00206507937713
0.0020649477856
0.00206481617342
0.00206468452864
0.00206455283914
0.00206442109271
0.00206428927698
0.00206415737945
0.00206402538746
0.0020638932882
0.00206376106867
0.00206362871573
0.00206349621608
0.00206336355622
0.00206323072238
0.00206309770067
0.00206296447696
0.00206283103694
0.00206269736607
0.00206256344956
0.00206242927243
0.00206229481942
0.00206216007505
0.00206202502367
0.00206188964918
0.00206175393529
0.0020616178659
0.00206148142366
0.0020613445914
0.00206120735166
0.00206106968857
0.00206093158293
0.00206079301551
0.00206065396781
0.00206051442058
0.00206037435415
0.00206023374867
0.00206009258387
0.00205995083912
0.00205980849338
0.00205966552522
0.00205952191276
0.00205937763372
0.00205923266536
0.00205908698452
0.00205894056762
0.0020587933906
0.00205864542888
0.00205849666
0.00205834705579
0.00205819659022
0.00205804523675
0.00205789296832
0.00205773975736
0.00205758557579
0.00205743039494
0.00205727418564
0.00205711707958
0.0020569590382
0.00205679987692
0.0020566395643
0.00205647806844
0.00205631535684
0.00205615139646
0.00205598615374
0.00205581959456
0.00205565168647
0.00205548239267
0.00205531167706
0.00205513950559
0.00205496584041
0.00205479064354
0.00205461387742
0.00205443550412
0.00205425548539
0.00205407378246
0.00205389035632
0.00205370516768
0.002053518177
0.00205332934457
0.00205313863056
0.00205294599502
0.00205275139802
0.00205255479966
0.00205235616019
0.00205215544003
0.00205195259994
0.00205174760101
0.00205154040486
0.00205133097454
0.00205111927332
0.00205090526369
0.00205068891029
0.00205047017883
0.00205024903622
0.00205002545076
0.00204979939221
0.00204957083201
0.00204933974343
0.00204910610172
0.00204886988431
0.00204863107095
0.0020483896439
0.00204814560752
0.00204789893839
0.00204764961988
0.00204739764617
0.00204714301481
0.002046885727
0.00204662578766
0.00204636320566
0.00204609799396
0.00204583016973
0.00204555975454
0.00204528677441
0.00204501125996
0.00204473324649
0.00204445277404
0.00204416988772
0.00204388463694
0.00204359707623
0.00204330726485
0.00204301526684
0.00204272115136
0.00204242499216
0.0020421268662
0.00204182685581
0.00204152382833
0.0020412119376
0.00204089858028
0.002040583835
0.00204026783473
0.00203995063636
0.00203963233874
0.00203931304776
0.0020389928724
0.0020386719243
0.0020383503171
0.00203802816583
0.00203770558643
0.00203738269521
0.00203705960849
0.00203673644209
0.00203641331105
0.00203609033014
0.00203576761469
0.00203544527406
0.00203512341305
0.00203480213727
0.00203448154966
0.00203416175026
0.00203384283806
0.00203352490812
0.00203320806263
0.00203289237302
0.0020325779224
0.00203226479022
0.00203195305221
0.00203164278039
0.00203133404572
0.00203102693247
0.00203072147886
0.00203041774194
0.00203011577523
0.00202981562859
0.00202951734843
0.00202922097779
0.00202892655639
0.00202863412083
0.0020283437083
0.00202805534578
0.00202776906037
0.00202748487682
0.00202720281722
0.00202692290108
0.00202664514548
0.00202636956519
0.00202609617271
0.00202582497847
0.00202555599086
0.00202528921637
0.00202502465966
0.00202476232371
0.00202450220989
0.00202424431803
0.00202398864645
0.00202373519215
0.00202348396092
0.00202323493904
0.0020229881179
0.00202274348983
0.00202250104618
0.00202226079845
0.00202202272265
0.00202178679391
0.00202155300591
0.00202132134591
0.00202109180056
0.00202086435586
0.00202063899754
0.00202041571066
0.00202019447935
0.00201997528763
0.00201975811937
0.00201954295783
0.00201932978573
0.00201911858569
0.00201890934013
0.00201870203114
0.00201849671148
0.00201829337856
0.00201809192401
0.00201789232923
0.00201769457547
0.00201750220874
0.00201731888543
0.0020171413931
0.00201696575225
0.00201679171981
0.00201661903583
0.00201645191771
0.00201628276278
0.00201611843645
0.0020159555874
0.00201579383218
0.0020156331596
0.00201547591732
0.00201532010633
0.00201516384691
0.00201501093511
0.00201485964149
0.00201470820317
0.00201455851699
0.00201441054993
0.00201426422009
0.00201411950401
0.00201397625633
0.00201383357777
0.00201369060931
0.00201355174114
0.00201341166385
0.00201327465391
0.00201313653473
0.00201300274616
0.00201286747274
0.00201273320843
0.0020126006022
0.00201247004671
0.00201234029211
0.00201221114087
0.00201208266442
0.00201195487863
0.00201182769974
0.0020117017467
0.00201157770471
0.00201145468005
0.00201133190364
0.00201120915279
0.00201108907201
0.00201096795283
0.0020108493149
0.00201073043292
0.00201061327424
0.00201049557746
0.0020103808267
0.00201026483359
0.00201014973712
0.00201003724062
0.002009923993
0.0020098113414
0.00200969949681
0.0020095884506
0.00200947817767
0.00200936866636
0.00200925998886
0.00200915181724
0.00200904442935
0.00200893776539
0.00200883178922
0.00200872647211
0.00200862183379
0.00200851785615
0.00200841306645
0.00200831032889
0.00200820822684
0.00200810598359
0.00200800450871
0.00200790419935
0.0020078032356
0.00200770406047
0.00200760439268
0.00200750623056
0.00200740761302
0.00200731062925
0.00200721309939
0.0020071171691
0.00200702069932
0.00200692486091
0.0020068303619
0.00200673544468
0.00200664104951
0.00200654809075
0.00200645462458
0.00200636166773
0.00200626920683
0.00200617721339
0.00200608642013
0.00200599539345
0.00200590473653
0.00200581451443
0.00200572472882
0.00200563538489
0.00200554647248
0.00200545797944
0.00200536989224
0.00200528221749
0.00200519494596
0.00200510807283
0.00200502096265
0.00200493482384
0.00200484908131
0.00200476371398
0.00200467873189
0.00200459412781
0.00200450930513
0.00200442538095
0.0020043418221
0.00200425839555
0.00200417525491
0.00200409271105
0.00200401054422
0.00200392820146
