0.0397951150144
0.037769071013
0.0360795395533
0.0347600978603
0.0337787331877
0.0302371221229
0.0276835743378
0.0248418717902
0.0224979884753
0.0203517128573
0.0186692129091
0.0179127965174
0.0175474817913
0.0171241219534
0.0162627765146
0.0156970785149
0.0148838263583
0.0144192263912
0.0140581159784
0.0138905248942
0.0137261311164
0.0133939844333
0.013260656015
0.0131347214621
0.0129467516676
0.0127812400118
0.0126595602726
0.0125933667827
0.0125440626077
0.0125054357301
0.0124727324252
0.0124416664132
0.0124084855884
0.01237026841
0.0123337991713
0.0122924751053
0.0122413464315
0.0121962176769
0.0121645380611
0.0121405708864
0.0121209322765
0.0121040161487
0.0120889974953
0.012075406473
0.0120629506935
0.0120514370085
0.0120407332456
0.012030746784
0.0120214109129
0.0120126753558
0.0120044994722
0.0119968474367
0.0119896849469
0.0119829770684
0.0119766868289
0.0119707741791
0.0119651949317
0.011959899239
0.011954829024
0.0119499134011
0.0119447380118
0.0119393252688
0.0119337545559
0.0119276655763
0.0119203950093
0.0119104645733
0.0118937716055
0.0118550899175
0.0117443983873
0.0116294958502
0.0115420453087
0.0114939642775
0.0114605439826
0.0114338394149
0.01140743566
0.0113763635266
0.0113460450452
0.0113233279236
0.01130419512
0.0112836367051
0.0112577991108
0.0112264554288
0.0111919508649
0.0111585169229
0.0111322140938
0.0111118682435
0.0110940411784
0.0110747386113
0.0110474671776
0.0110056008245
0.0109626328693
0.0109293637079
0.0109022432195
0.0108765490099
0.0108471118345
0.0108135429792
0.0107874572222
0.0107715325591
0.010761205285
0.010753563279
0.0107472014332
0.0107414112107
0.0107357814888
0.010730013788
0.0107238183816
0.0107168209418
0.0107084142076
0.0106974126565
0.0106810254522
0.0106511275819
0.0105832105488
0.0104763494953
0.0103832409216
0.0102690705933
0.0101149044393
0.00996523022235
0.00986817551492
0.00980395706661
0.00975477845559
0.00971262073476
0.00967270012819
0.00963141686227
0.00958433987311
0.00952163629115
0.00942353409772
0.00930917594769
0.00922402432104
0.00916760843407
0.00912982263017
0.00910339834549
0.00908407882787
0.00906936469538
0.00905772520785
0.00904818300285
0.00904008992799
0.00903299905828
0.00902658756626
0.00902060599017
0.00901484742655
0.00900911927378
0.00900321456252
0.00899688202501
0.00898978347193
0.00898143761563
0.00897117107766
0.00895816567832
0.00894172672834
0.00892152833724
0.00889722802746
0.00886817863113
0.00883503609195
0.00880127809463
0.00876979958218
0.00874027879565
0.00871050616052
0.00867802831602
0.00864262590729
0.00860914376858
0.00858290417629
0.00856416639402
0.00855095066571
0.00854143668547
0.00853437526204
0.00852896645375
0.00852470085005
0.00852124850596
0.00851839034204
0.00851597693465
0.00851390365342
0.0085120953773
0.00851049689993
0.00850906676003
0.00850777317971
0.00850659132789
0.00850550143495
0.00850448746446
0.0085035361559
0.00850263631779
0.00850177829063
0.00850095352482
0.00850015423493
0.00849937309575
0.00849860296373
0.0084978365939
0.00849706632863
0.0084962837287
0.00849547910472
0.00849464088841
0.00849375475001
0.00849280231232
0.00849175921321
0.00849059209478
0.00848925378245
0.00848767534644
0.00848575272066
0.0084833239173
0.00848013123644
0.00847576684959
0.00846963763716
0.00846113868928
0.0084504322185
0.00843929428972
0.00842981405487
0.00842258784364
0.00841723390475
0.00841324513099
0.00841022307442
0.008407884091
0.00840603138167
0.00840452919183
0.00840328355818
0.00840222885563
0.00840131866813
0.00840051967117
0.00839980754417
0.00839916422997
0.00839857608379
0.00839803261031
0.0083975255916
0.00839704847708
0.00839659595056
0.00839616361851
0.00839574778196
0.00839534526668
0.00839495329441
0.00839456938304
0.00839419126738
0.00839381683417
0.00839344406711
0.00839307099819
0.00839269566275
0.00839231605562
0.00839193008643
0.00839153553165
0.00839112998097
0.00839071077523
0.0083902749323
0.00838981905642
0.00838933922496
0.00838883084428
0.00838828846357
0.00838770553039
0.0083870740653
0.00838638422232
0.00838562368679
0.00838477683848
0.00838382357207
0.00838273761271
0.00838148408328
0.00838001596676
0.00837826897072
0.00837615421775
0.00837354844562
0.00837028290741
0.00836613723916
0.00836085723133
0.00835423424466
0.00834627091593
0.00833732596067
0.00832798045719
0.00831863390127
0.00830922029868
0.00829910464225
0.00828671524914
0.00826791042846
0.00822995124496
0.00815763894342
0.00809992686848
0.00805958838683
0.00802719495382
0.00799960452892
0.00797460462822
0.00795022504364
0.00792419686746
0.00789334661039
0.00785573838004
0.00780908400154
0.00775993260386
0.00771769427988
0.00768466503
0.00765949745569
0.00764031460757
0.00762643252858
0.00761537741698
0.00760639280907
0.00759898414495
0.00759279002607
0.00758754443526
0.00758305058666
0.00757916073371
0.00757576232611
0.00757276842918
0.00757011101297
0.00756773618965
0.00756560078836
0.00756366985933
0.00756191483221
0.00756031214041
0.00755884218187
0.0075574885253
0.00755623729778
0.00755507670764
0.00755399666941
0.00755298850642
0.00755204471316
0.00755115876379
0.0075503249569
0.00754953828866
0.00754879434857
0.00754808923325
0.00754741947469
0.00754678198029
0.00754617398238
0.00754559299558
0.0075450367806
0.00754450331331
0.00754399075828
0.00754349744591
0.00754302185275
0.00754256258434
0.00754211836026
0.00754168800101
0.00754127041649
0.00754086459579
0.00754046959811
0.00754008454465
0.00753970861131
0.0075393410221
0.00753898104309
0.0075386279769
0.00753828115755
0.00753793994564
0.0075376037238
0.00753727189226
0.00753694386461
0.00753661906353
0.00753629691659
0.00753597685184
0.00753565829331
0.00753534065627
0.007535023342
0.00753470573229
0.0075343871831
0.00753406701766
0.00753374451845
0.00753341891802
0.00753308938825
0.00753275502776
0.0075324148468
0.00753206774916
0.00753171251018
0.00753134774974
0.00753097189883
0.00753058315772
0.00753017944307
0.00752975832026
0.00752931691587
0.00752885180299
0.00752835884877
0.00752783300895
0.00752726804599
0.00752665613563
0.0075259873064
0.00752524862293
0.00752442296551
0.00752348715354
0.00752240896593
0.00752114222462
0.00751961834463
0.00751773106899
0.00751530732557
0.0075120480767
0.00750740070868
0.00750027328129
0.00748844726583
0.00746812889573
0.00743756240773
0.00740181185899
0.00735692500125
0.00728696892131
0.00721029951815
0.00715830689591
0.00712422071558
0.0070998598587
0.00708070772216
0.00706420831838
0.00704869286298
0.00703279346213
0.0070151865954
0.00699480667808
0.00697170155801
0.00694740261841
0.00692345521851
0.00690016147337
0.00687682110908
0.00685248310411
0.00682709578762
0.00680242169858
0.00678049050808
0.00676142486863
0.00674387564428
0.00672599574076
0.00670546480012
0.00667913985851
0.00664478526162
0.00660665575756
0.00657150459458
0.00654063265797
0.00651356752082
0.00649081176178
0.00647267926415
0.00645844079492
0.00644696950084
0.00643728723561
0.00642865499723
0.00642048304881
0.00641219406036
0.00640302774952
0.00639167289419
0.00637560550796
0.00635026408455
0.00631169086229
0.00625741250915
0.00618988943838
0.00613258053759
0.00609567646295
0.00607017385595
0.00604923090642
0.00603011962365
0.00601088680483
0.00598966913907
0.00596435828221
0.00593319612449
0.00589721674456
0.00586095977537
0.00582766513207
0.00579724410179
0.00576777671353
0.00573560642274
0.00569165259499
0.00560430625392
0.00543504713052
0.005294800163
0.00519815100862
0.00512870087067
0.00508058467594
0.0050462568633
0.00501908446258
0.00499417040588
0.00496764127059
0.00493637097738
0.00490066155277
0.00486625838839
0.00483762753436
0.0048140424976
0.00479277648618
0.0047707773125
0.00474439042209
0.00470965055144
0.00466897564113
0.00463313993074
0.00460551304488
0.0045843760743
0.00456774276881
0.00455407620798
0.00454226244303
0.00453145688719
0.00452092837365
0.0045099228389
0.00449759413154
0.00448320894996
0.00446687840832
0.00445002009859
0.00443422344395
0.00442013245525
0.00440766233798
0.00439647649603
0.00438621435871
0.00437655720703
0.0043672291619
0.00435797671701
0.0043485415698
0.00433862923072
0.00432787163758
0.0043157834837
0.00430172468037
0.00428525847498
0.00426592992538
0.00424334252396
0.00421863205654
0.00419430374025
0.0041728332018
0.00415522355393
0.00414115397815
0.0041298055532
0.00412039049572
0.00411231717758
0.00410518321265
0.00409872507715
0.0040927714538
0.00408720897976
0.00408197135112
0.00407699893787
0.00407225174238
0.00406770195732
0.00406332840597
0.004059114502
0.00405504694092
0.00405111484026
0.00404332728765
0.00403149295106
0.00402101503298
0.00401188918184
0.00400403864818
0.00399731049298
0.00399152526336
0.00398651016681
0.00398211432852
0.00397822795691
0.00397474193476
0.00397157001758
0.00396865268332
0.00396594425796
0.00396340952238
0.00396102122345
0.00395875813829
0.00395660359576
0.00395454435892
0.00395256978697
0.00395067120845
0.00394884145343
0.00394707450337
0.00394536523243
0.00394370920935
0.0039421025499
0.00394054180492
0.00393902387463
0.00393754594253
0.00393610542535
0.0039338010219
0.00393099579495
0.00392853560431
0.00392633400584
0.00392433338589
0.00392249240762
0.00392078066198
0.00391917525497
0.0039176585595
0.00391621671592
0.0039148389061
0.00391351561272
0.00391223922137
0.00391100325137
0.0039098020855
0.00390863076827
0.00390748485183
0.00390636027602
0.00390525327311
0.00390416029067
0.00390307792758
0.00390200287984
0.00390093189336
0.00389986172197
0.00389878908902
0.00389771065157
0.00389662296625
0.00389552245633
0.00389440537973
0.00389326779783
0.00389210554544
0.00389091467889
0.00388969360061
0.00388843397095
0.00388713052315
0.00388577751359
0.00388436903089
0.00388289889231
0.0038813607044
0.00387974796045
0.00387805418503
0.00387627313616
0.00387439907493
0.00387242710958
0.00387035361439
0.0038681767114
0.00386589679331
0.00386351703729
0.00386104384621
0.00385848713372
0.00385586036654
0.00385318028995
0.0038504663174
0.00384773955998
0.00384502162132
0.00384233335852
0.00383969365604
0.00383711847504
0.00383462011293
0.00383220692633
0.0038298834091
0.00382765042967
0.00382550565374
0.00382344402111
0.00382145819533
0.00381953892537
0.00381767527593
0.00381585469449
0.00381406288238
0.00381228342956
0.00381049714188
0.00380868094387
0.00380680615421
0.00380483578397
0.00380272024936
0.00380039043341
0.00379774623649
0.00379463749131
0.00379083274504
0.00378597324464
0.00377953042691
0.00377087370845
0.00375971684323
0.00374687520372
0.00373397649738
0.00372198270962
0.00371074027865
0.00369943327293
0.00368687645964
0.00367170009044
0.00365311055027
0.00363245472848
0.00361292764336
0.00359662019699
0.00358368876509
0.00357348660353
0.00356529927839
0.00355854601262
0.00355278825274
0.00354769372708
0.00354299703616
0.00353846410853
0.00353385864766
0.0035289072187
0.00352326438255
0.00351650072183
0.00350819563952
0.00349827179709
0.00348744033722
0.0034770033691
0.00346793249219
0.00346045706534
0.00345445871477
0.00344954763601
0.00344541026268
0.00344181851424
0.00343861174898
0.00343567566469
0.00343292536979
0.00343029328215
0.00342772045754
0.00342514978091
0.00342251963298
0.00341975668905
0.00341676609272
0.00341341742256
0.00340951996
0.00340478458474
0.00339876507555
0.00339079359351
0.00338004445818
0.0033661875186
0.00335081076745
0.00333703603081
0.00332647560489
0.00331872042621
0.00331285195793
0.00330817652724
0.00330427367432
0.00330089764571
0.0032978984225
0.00329517991184
0.00329267376525
0.00329032963892
0.0032881085637
0.00328597855421
0.00328391204858
0.00328188407963
0.00327987081153
0.00327784821528
0.00327579072086
0.00327366968508
0.00327145150137
0.00326909513356
0.00326654879573
0.00326374545305
0.00326059687719
0.00325698643254
0.00325276230767
0.00324773704937
0.00324170787279
0.00323452234076
0.00322620220185
0.00321706117849
0.00320765948793
0.00319855117835
0.00319004724659
0.00318218274172
0.00317481843218
0.00316774239974
0.00316072302954
0.00315352363859
0.0031458990165
0.00313758954519
0.00312832739051
0.0031178701413
0.0031060844346
0.00309307141181
0.00307926647652
0.00306538541668
0.00305217020453
0.00304009938783
0.00302927817747
0.003019522281
0.00301049992801
0.0030018266302
0.00299310355382
0.00298391932713
0.00297383773366
0.00296240098994
0.00294917328792
0.00293384370242
0.00291639481189
0.00289732054826
0.00287772591959
0.0028589497925
0.00284186421972
0.00282654241007
0.0028125355697
0.00279928258846
0.00278627103336
0.00277309767764
0.0027595141364
0.00274548654238
0.00273121838958
0.00271706345679
0.00270335663805
0.00269029558093
0.0026779416244
0.0026662842205
0.00265529628004
0.00264495750764
0.00263525527186
0.00262617781819
0.00261771302421
0.00260983847374
0.00260251351622
0.00259570068809
0.00258935989445
0.00258345057328
0.00257793337289
0.00257277135012
0.0025679296152
0.0025633766525
0.00255908399865
0.00255505497608
0.00255133054931
0.00254778636842
0.00254440427992
0.00254118005324
0.00253809035278
0.00253512107621
0.00253226181205
0.00252950337266
0.00252683762862
0.00252425737532
0.00252175622234
0.00251932849954
0.00251696917466
0.00251467378024
0.00251243834805
0.00251025934837
0.00250813363385
0.00250605838738
0.00250403107329
0.00250205647757
0.0025001277666
0.00249824007248
0.00249639158244
0.00249458056446
0.00249280534379
0.00249106426884
0.0024893556843
0.00248767790594
0.00248602919688
0.00248440774324
0.00248281162951
0.00248123881367
0.00247968709801
0.00247815409594
0.0024766371926
0.00247513349701
0.00247363978169
0.00247215240646
0.00247066722113
0.00246917943896
0.00246768346488
0.00246617267048
0.00246463909044
0.00246307299968
0.00246146232427
0.00245979179989
0.00245804175205
0.00245618628384
0.00245419052054
0.00245200631325
0.00244955816193
0.00244674912177
0.00244343243329
0.00243937400055
0.00243420133539
0.00242731977381
0.00241783129094
0.00240465119375
0.00238728001355
0.0023669360366
0.00234582031004
0.00232512410558
0.00230526132394
0.00228723217135
0.00227239755732
0.00226122838409
0.00225320343607
0.00224748273524
0.00224333343207
0.00224022907448
0.0022378188988
0.0022358752228
0.00223425079349
0.00223284970008
0.0022316086999
0.00223048545637
0.002229451159
0.00222848585278
0.00222757545871
0.00222670985061
0.00222588159871
0.00222508513907
0.0022243162178
0.00222357151503
0.00222284838665
0.00222214468599
0.00222145863867
0.00222078875351
0.00222013375863
0.00221949255483
0.00221886418127
0.0022182477897
0.00221764262497
0.00221704800991
0.00221646333364
0.00221588804216
0.00221532163087
0.00221476363842
0.00221421364165
0.00221367125129
0.00221313610837
0.00221260788114
0.00221208626245
0.0022115709674
0.00221106173128
0.00221055830784
0.00221006046765
0.00220956799666
0.002209080695
0.00220859837579
0.00220812086408
0.002207647996
0.00220717961784
0.00220671558529
0.00220625576279
0.00220580002283
0.00220534824538
0.00220490031741
0.0022044561323
0.00220401558947
0.00220357859393
0.00220314505592
0.00220271489052
0.00220228801737
0.00220186436033
0.00220144384723
0.00220102640962
0.00220061198251
0.00220020050413
0.00219979191579
0.00219938616165
0.00219898318853
0.00219858294577
0.00219818538509
0.0021977904604
0.00219739812771
0.00219700834502
0.00219662107213
0.00219623627062
0.00219585390369
0.00219547393611
0.00219509633407
0.00219472106518
0.00219434809831
0.0021939774036
0.00219360895231
0.00219324271682
0.00219287867054
0.00219251678787
0.00219215704412
0.00219179941548
0.002191443879
0.0021910904125
0.00219073899453
0.00219038960438
0.002190042222
0.00218969682797
0.00218935340348
0.00218901193032
0.00218867239078
0.0021883347677
0.00218799904442
0.00218766520472
0.00218733323286
0.00218700311358
0.00218667483186
0.00218634837317
0.00218602372332
0.00218570086867
0.00218537968485
0.00218506024346
0.00218474255435
0.00218442660495
0.00218411238296
0.00218379987635
0.00218348907332
0.00218317996233
0.00218287253205
0.00218256677138
0.00218226266941
0.00218196021544
0.00218165939896
0.00218136020965
0.00218106263733
0.00218076667203
0.00218047230392
0.00218017952331
0.00217988832068
0.00217959868664
0.00217931061194
0.00217902408745
0.00217873910417
0.00217845565323
0.00217817372593
0.00217789331358
0.00217761440761
0.00217733699957
0.00217706108112
0.002176786644
0.00217651368006
0.00217624218123
0.00217597213953
0.00217570354705
0.00217543639599
0.00217517067858
0.00217490638717
0.00217464351415
0.00217438205199
0.00217412199325
0.00217386333051
0.00217360605647
0.00217335016383
0.00217309564541
0.00217284249405
0.00217259070265
0.00217234026416
0.00217209117161
0.00217184341806
0.00217159699663
0.00217135190049
0.00217110812286
0.00217086565699
0.00217062449621
0.00217038463386
0.00217014606336
0.00216990877814
0.0021696727717
0.00216943803756
0.00216920456929
0.00216897236052
0.00216874140489
0.0021685116961
0.00216828322788
0.00216805599399
0.00216782998825
