0.0788048038597
0.0244902585932
0.0243457442691
0.0242501721737
0.0241588603776
0.0240715151432
0.0239877594353
0.0239071467648
0.0238291671869
0.0237532687149
0.0236788484588
0.0236052438736
0.0235317213761
0.0234574584506
0.023381529173
0.0233029088268
0.0232205222214
0.0231333582076
0.0230406390322
0.0229419695029
0.0228373627858
0.022727111911
0.0226115874677
0.0224910790396
0.0223657545412
0.022235742846
0.0221012692205
0.0219627146261
0.0218205245988
0.0216750391624
0.0215264272405
0.0213748492761
0.0212208150316
0.0210655481797
0.0209110551194
0.0207597753019
0.0206139934372
0.0204753679673
0.0203447777315
0.0202224329439
0.0201080692094
0.0200011550329
0.0199010418957
0.0198070592483
0.0197185641982
0.0196349605648
0.0195556999429
0.0194802740834
0.0194082052923
0.019339038398
0.0192723358869
0.0192076775914
0.019144664465
0.0190829260924
0.0190221274932
0.0189619802206
0.0189022753963
0.0188428633322
0.0187836649193
0.0187246658597
0.0186659045616
0.0186074561809
0.0185494158964
0.0184918834744
0.018434953778
0.0183787068996
0.0183232051013
0.0182684969575
0.0182146103635
0.0181615581016
0.0181093400024
0.0180579439708
0.0180073489615
0.017957526736
0.0179084438733
0.0178600636817
0.0178123481164
0.0177652596748
0.0177187632554
0.0176728275638
0.0176274264439
0.0175825395306
0.0175381521802
0.01749425472
0.017450841091
0.0174079071012
0.0173654486035
0.017323459917
0.0172819327591
0.017240855784
0.0172002148071
0.0171599933306
0.0171201732599
0.0170807354531
0.0170416598681
0.0170029251987
0.0169645080437
0.0169263817784
0.0168885153446
0.0168508721157
0.0168134097783
0.0167760799617
0.0167388284105
0.0167015959034
0.0166643193855
0.0166269333911
0.016589371036
0.0165515640291
0.0165134550735
0.0164749890459
0.0164361200444
0.016396814287
0.0163570533097
0.0163168361047
0.0162761761826
0.0162351102673
0.0161936898768
0.01615197356
0.0161100225885
0.0160678936912
0.0160256322378
0.0159832665026
0.0159408027107
0.0158982218523
0.0158554773707
0.0158124921798
0.0157691600486
0.0157253419618
0.0156808620774
0.0156355046597
0.015589010221
0.0155410742231
0.0154913547554
0.0154394151718
0.0153844127807
0.0153269738973
0.0152712903362
0.0152182114442
0.0151644374089
0.0151100855619
0.0150553017262
0.0150002552296
0.0149451334706
0.0148901292683
0.014835427581
0.0147811968784
0.0147275785058
0.0146746768012
0.014622549716
0.0145711999936
0.0145205652308
0.0144705130373
0.0144208245915
0.014371184348
0.014321193264
0.0142703657915
0.0142181421494
0.0141640499782
0.0141077797698
0.0140491438783
0.0139878599235
0.0139235137677
0.0138561867592
0.0137872617584
0.0137187319663
0.0136515185072
0.0135853979109
0.0135201900794
0.0134565801999
0.013395917543
0.01333916576
0.0132863561812
0.0132370787559
0.0131910107378
0.0131479644148
0.0131077476984
0.013070071994
0.0130344717258
0.0130005067498
0.0129677652655
0.0129358822635
0.0129045354521
0.0128734336087
0.0128423015556
0.0128108652116
0.0127788373414
0.0127494234188
0.0127198942918
0.0126898284028
0.0126589628781
0.0126269787523
0.0125934547857
0.0125577642344
0.0125189804303
0.0124756955717
0.0124257699769
0.0123661931278
0.0122939214225
0.0122092010557
0.0121209692461
0.0120406486353
0.0119726385238
0.0119191375109
0.0118746575176
0.0118337979855
0.0117954237542
0.0117586615004
0.0117228688701
0.0116875615495
0.0116523624586
0.0116169531119
0.011581044187
0.011545941799
0.0115105749949
0.0114746707241
0.0114380079389
0.0114002962541
0.0113611772884
0.0113202716966
0.0112774567294
0.0112331328851
0.0111884887262
0.0111451049753
0.0111041017036
0.011065756871
0.0110297582424
0.0109955800401
0.010962724902
0.0109307626771
0.0108993929478
0.0108684310347
0.0108379029201
0.010807719824
0.0107781557893
0.0107494094371
0.0107217177354
0.0106952830647
0.0106701640312
0.0106464578722
0.0106241130488
0.0106030455854
0.0105830976184
0.0105641491262
0.010546035321
0.0105286588259
0.0105118831707
0.0104956193571
0.0104797712061
0.010464245219
0.0104489896396
0.0104339417781
0.0104190436753
0.0104042587088
0.0103895465405
0.0103748703408
0.0103602022188
0.0103455134366
0.0103307802342
0.0103159773296
0.0103010812303
0.01028607013
0.0102709229501
0.0102556192927
0.0102401391629
0.0102244628119
0.0102085714288
0.0101924468962
0.0101760720175
0.0101594314194
0.010142512759
0.0101252846231
0.0101077630743
0.0100899521452
0.0100718743286
0.0100535232451
0.0100349146068
0.010016072221
0.00999702025915
0.00997778914185
0.0099584066647
0.00993889720289
0.0099192804014
0.00989956863469
0.00987976114822
0.00985985445197
0.00983981702496
0.0098196069958
0.00979916645196
0.00977841343783
0.00975723194763
0.00973546465357
0.00971289262425
0.00968920337352
0.00966394052672
0.00963642840408
0.00960525387164
0.00956921899211
0.00952714701907
0.00948122540271
0.00943673542647
0.00939647721171
0.00936097484103
0.00932880966172
0.0092985173511
0.00926906734474
0.00923978679578
0.00921022439468
0.00918014139362
0.00914935317349
0.00911775765583
0.00908524425975
0.00905188303908
0.00901771464859
0.00898284108451
0.00894740423988
0.00891159095002
0.00887561962509
0.00883973023553
0.00880417068059
0.00876918228187
0.00873498677519
0.00870177430109
0.00866969458888
0.00863845998447
0.00860856439706
0.00857992278957
0.00855232896567
0.00852676208228
0.00850284739902
0.00848037402437
0.00845909471235
0.00843901867812
0.0084200316829
0.00840202427661
0.00838507033237
0.00836899227249
0.00835382468257
0.0083393852484
0.00832573659001
0.00831272159408
0.00830034520519
0.00828855364324
0.00827728434722
0.00826651940013
0.00825620328629
0.0082463096569
0.00823680800424
0.00822766084308
0.0082188390291
0.00821031868371
0.00820207955989
0.00819410413885
0.00818611124899
0.00817757819464
0.0081694121076
0.00816155152671
0.00815396036824
0.00814661471303
0.0081394970142
0.00813258271177
0.00812570774177
0.00811902574981
0.0081125220561
0.00810612070387
0.00809986981502
0.0080937970231
0.00808789152542
0.00808211698544
0.0080764597872
0.00807094828189
0.00806557340363
0.00806037435441
0.00805539303474
0.00805052544572
0.00804576358166
0.00804110580327
0.00803654119667
0.00803206463196
0.00802767534584
0.00802336553907
0.00801912904823
0.00801496228033
0.00801086515047
0.00800683352198
0.0080028574125
0.00799893663752
0.00799507912009
0.00799126002694
0.00798749992982
0.0079837846666
0.00798011143274
0.00797647754283
0.00797288042453
0.0079693370711
0.00796563637542
0.00796139635606
0.00795722836355
0.00795311020928
0.00794903242226
0.00794496020949
0.00794091002921
0.00793686376125
0.00793281794902
0.00792878710892
0.00792473726844
0.00792068038906
0.0079166231645
0.0079125588935
0.00790849832857
0.00790438885639
0.00790029297065
0.00789614496633
0.00789200796009
0.00788784703569
0.00788367759689
0.00787950698148
0.00787525839699
0.00787105509225
0.00786679075272
0.00786250405365
0.00785821221276
0.00785391546293
0.00784961471618
0.00784529396271
0.00784091539844
0.00783661785265
0.00783223071054
0.0078279107295
0.00782358672999
0.00781924141647
0.00781491735847
0.00781061961709
0.00780635192338
0.00780211871999
0.00779789894724
0.00779368024861
0.00778957572824
0.00778548970978
0.00778143253635
0.00777746289939
0.00777349746952
0.00776959960421
0.0077657710283
0.00776201073337
0.00775832387192
0.00775471126837
0.00775112659732
0.00774762554159
0.00774424220346
0.00774086227308
0.00773762092895
0.00773439030255
0.007731304952
0.00772822226729
0.00772523626345
0.00772235053137
0.00771948763005
0.00771669546031
0.00771397243229
0.00771131619352
0.00770870935006
0.00770616572231
0.00770368627491
0.00770126904088
0.00769891180675
0.00769661268652
0.00769436935301
0.00769214328514
0.0076899981101
0.00768791280827
0.00768584550603
0.00768384551749
0.00768189712849
0.00767996454039
0.00767810393017
0.00767625639812
0.00767445704643
0.00767270875866
0.00767097571073
0.00766929323535
0.00766764939337
0.00766602258675
0.0076644286885
0.00766286983448
0.00766135845761
0.00765985893292
0.00765838382827
0.00765693698271
0.0076555173082
0.0076541240547
0.00765275625543
0.00765141305502
0.00765009361652
0.00764879721181
0.00764752305916
0.00764627048805
0.0076450241997
0.00764380993773
0.00764261851962
0.00764144604848
0.00764027636145
0.00763914049263
0.00763802092497
0.00763690605234
0.00763582088793
0.00763473841979
0.00763368474138
0.00763263379237
0.0076316039067
0.00763058857857
0.00762958184752
0.00762859584753
0.00762762009749
0.00762665396501
0.00762570078944
0.00762476021223
0.00762384039003
0.00762292363603
0.00762201857074
0.00762112485286
0.00762024222064
0.00761937038971
0.00761850911696
0.00761765813781
0.00761681465633
0.00761598035182
0.00761515903428
0.00761434706805
0.00761354425876
0.00761274581695
0.00761196087436
0.00761118453699
0.00761041272125
0.00760965308915
0.00760889819287
0.00760815456409
0.00760741583012
0.00760668754407
0.00760596426267
0.00760525073812
0.00760454223866
0.00760384111059
0.00760314863307
0.00760246134083
0.00760178095481
0.00760110732382
0.00760044030097
0.00759977974317
0.0075991257144
0.00759847728744
0.00759783492413
0.00759719849307
0.00759656786553
0.00759594291525
0.00759532351821
0.00759470955247
0.00759410089799
0.0075934974365
0.00759289905133
0.00759230562724
0.00759171705033
0.00759113320791
0.0075905539883
0.00758997928078
0.0075894089754
0.00758884296289
0.00758828113448
0.00758772338187
0.00758716959712
0.00758661967224
0.00758607349958
0.00758553097123
0.00758499197904
0.0075844564145
0.0075839241686
0.00758339513161
0.00758286919295
0.00758234624103
0.00758182616299
0.00758130884457
0.00758079416967
0.0075802820205
0.00757977227702
0.00757926481672
0.00757875951433
0.00757825624149
0.00757775486631
0.00757725525286
0.00757675726095
0.00757626074544
0.00757576555582
0.00757527153533
0.00757477850708
0.0075742862319
0.00757379459742
0.00757330342139
0.00757281250395
0.00757232163768
0.0075718305992
0.00757133914229
0.00757084696242
0.00757035350993
0.00756985877966
0.00756936244957
0.00756886416248
0.00756836353355
0.00756786013813
0.00756735351343
0.00756684312916
0.00756632844039
0.00756580824237
0.00756528239471
0.00756475013545
0.00756421059405
0.00756366276382
0.00756310548115
0.00756253667642
0.00756195485177
0.00756133673076
0.00756069564919
0.00756003258764
0.00755934416074
0.00755862506598
0.00755787201387
0.00755707931483
0.00755624004922
0.00755534574107
0.00755438324089
0.00755333539236
0.00755219055128
0.00755092671084
0.00754951609073
0.00754792340186
0.00754600737632
0.00754376540915
0.00754106358555
0.00753778664758
0.00753348201011
0.00752816484499
0.00752150442868
0.00751356913744
0.00750483827928
0.00749595671612
0.00748760936596
0.00748034211981
0.00747423058114
0.00746875542424
0.00746321299352
0.00745787734519
0.00745234640661
0.00744615620486
0.00743864698193
0.00742874366991
0.0074137854884
0.00738956521744
0.00734991921318
0.00729132042469
0.00722356076805
0.00715430718626
0.00707909199267
0.00699366469652
0.0069054217606
0.00681834500736
0.00675332146221
0.00671042424228
0.00668344031487
0.00666286727071
0.00664601602227
0.00663168746013
0.00661876580904
0.00660588612001
0.00659240561014
0.00657761888729
0.0065608870522
0.00654278293361
0.00652569359242
0.00651205579144
0.00650224971099
0.00649531320873
0.00649020202808
0.00648621013487
0.0064829479942
0.00648015970465
0.00647768675607
0.00647542135603
0.0064733013868
0.0064712775194
0.00646931112637
0.00646736956895
0.00646542424593
0.00646344658803
0.00646140580502
0.0064592666683
0.00645698564446
0.00645450678684
0.00645175444769
0.00644862257534
0.00644495438702
0.0064405089221
0.00643486521588
0.00642733194351
0.0064167108334
0.00640059799779
0.0063742285782
0.00632899502887
0.00626956102727
0.00620498648652
0.00615424197579
0.00611538789154
0.0060809950545
0.00605076595893
0.00602491605565
0.00599675342568
0.00596232442148
0.00591858308141
0.0058723444978
0.00583511270014
0.00581138148467
0.00579325261936
0.00577686172599
0.00576199066576
0.00574818710599
0.00573497561097
0.00572184540588
0.00570822362502
0.00569781322638
0.00568745170471
0.00567640096467
0.00566156671467
0.00564479868536
0.00562564269509
0.00560382345855
0.00557946835131
0.00555315017839
0.00552576389001
0.0054986111025
0.00547270038283
0.00544866078979
0.00542587100209
0.00540509909879
0.0053840291606
0.00535985732677
0.00533106102818
0.00529871841595
0.00526685759007
0.00523900122302
0.00521592018936
0.00520002157062
0.0051877712687
0.0051759263891
0.00516489801767
0.00515578922454
0.00514816553845
0.00514166099578
0.00513598975116
0.00513093288182
0.00512632707473
0.00512204934107
0.00511800522269
0.00511453509351
0.00511120762466
0.00510784268448
0.00510441623951
0.00510090333957
0.00509727784063
0.00509351205719
0.00508957615163
0.00508543760289
0.00508106073097
0.0050764061333
0.00507143025843
0.00506608581609
0.00506032120696
0.00505408137872
0.00504730919176
0.00503994771088
0.00503194393682
0.0050232539137
0.00501384904424
0.00500372352617
0.00499290110959
0.00498143917799
0.00496942773179
0.00496084675626
0.0049524712337
0.0049439214099
0.0049352170324
0.00492636634643
0.00491736880158
0.00490822140806
0.00489892722519
0.00488950591422
0.0048800022968
0.00487049029717
0.00486106860456
0.00485145198254
0.00484205382232
0.00483309150072
0.00482459144236
0.00481654097905
0.00480889656408
0.00480159220696
0.00479452672695
0.00478761776804
0.00478054037669
0.00477337439127
0.00476612150752
0.00476162120259
0.00475730006136
0.00475313387836
0.00474910306688
0.00474519180174
0.00474138652143
0.00473767612684
0.00473405148057
0.00473050402676
0.00472702718473
0.00472361407662
0.0047202580349
0.00471695444395
0.00471368624504
0.00471046194635
0.00470727685331
0.00470412388239
0.0047010008752
0.00469790370479
0.00469482433962
0.00469175971965
0.0046887078626
0.00468566469271
0.00468262577583
0.00467958686247
0.0046765437522
0.00467340859412
0.00467018383098
0.00466693648385
0.00466366241185
0.00466035772268
0.00465701881329
0.00465363599968
0.00465020694669
0.00464673487719
0.00464321813349
0.0046396557774
0.00463604753199
0.00463239303826
0.00462869055587
0.00462494676311
0.00462116503578
0.0046173495593
0.00461350500113
0.00460963638271
0.00460574877556
0.00460184691372
0.00459793475337
0.00459401495236
0.00459008834019
0.00458615339
0.00458220518283
0.00457823482365
0.00457422823604
0.00457016460958
0.00456598351614
0.0045616609646
0.00455713975439
0.0045523301729
0.0045471012549
0.0045412469744
0.00453444775367
0.00452619134384
0.0045156711435
0.00450178914122
0.00448384611685
0.00446362664867
0.00444566526459
0.00443246524137
0.00442566843812
0.00442101884846
0.00441682759882
0.00441298632993
0.00440941191
0.00440604048868
0.00440282254357
0.0043997189822
0.00439669810328
0.00439373332837
0.00439080149425
0.00438788146934
0.00438495502248
0.00438200121631
0.00437899859726
0.00437592344621
0.00437274964713
0.00436944706542
0.00436597997324
0.00436230518553
0.00435837055075
0.00435411283127
0.00434945599179
0.00434431083982
0.00433857753101
0.00433221153825
0.00432512471739
0.00431723926497
0.0043086362228
0.00429954254548
0.0042903216949
0.00428139049141
0.00427309410575
0.00426561908098
0.00425983165441
0.00425693661414
0.00425408746041
0.00425127227144
0.00424847811156
0.00424569078534
0.00424289435719
0.00424007068538
0.00423730766181
0.00423463691176
0.00423191024429
0.00422910248155
0.004226182656
0.00422311138048
0.00421983614333
0.00421624442783
0.00421225831094
0.0042077608814
0.00420253513328
0.00419623496205
0.0041883429102
0.00417840262613
0.00416384110268
0.00414018028494
0.00410117423768
0.00406376243807
0.00402587046865
0.00398636268743
0.00395649980526
0.00391846357067
0.00386639248219
0.00380147755636
0.00375954964092
0.00374276390377
0.00373346510801
0.00372376640268
0.00371346333402
0.00370226747215
0.00368975507761
0.00367525804562
0.00365765769714
0.00363504502016
0.00360450603409
0.00356392200289
0.00351930261642
0.00350103761798
0.0034843864279
0.00347007645741
0.00345822826261
0.00344702576533
0.00343628789441
0.00342592263323
0.00341592736148
0.0034063627124
0.00339731062129
0.00338883198311
0.00338349889794
0.00337985873947
0.00337609931694
0.0033722050219
0.00336816160381
0.00336395544964
0.00335957351108
0.00335500357776
0.0033499871893
0.00334470578527
0.00333925245523
0.00333362070699
0.00332781089323
0.00332182959541
0.00331568975302
0.00330516856469
0.00329483395763
0.00328474787219
0.00327477842656
0.00326489142835
0.00325508550934
0.003245373633
0.0032357497437
0.00322622193363
0.00321685611085
0.00320767006162
0.0031986803342
0.0031899028563
0.0031813491537
0.00317302782558
0.00316494337184
0.0031570964325
0.00314948373408
0.00314224203912
