0.0435192623888
0.0434040485741
0.0432850954803
0.0431622202937
0.043133904402
0.0431121984373
0.0430093581727
0.04279216914
0.0425285856456
0.0419961319111
0.0417641279017
0.0415910141553
0.0413770904271
0.0411267605246
0.0409722721471
0.0402710804034
0.0400146996579
0.0392706484192
0.0388421186586
0.0378541188692
0.0373747587028
0.0364607931202
0.0346026031633
0.0343393943752
0.0304337608513
0.0270820433312
0.0245594185304
0.0227599286523
0.0207289496377
0.0179507477889
0.0175286094352
0.0158574546134
0.0148546152096
0.0144750877223
0.0138709011669
0.0127897882811
0.0124579046781
0.0123034200099
0.0122483601759
0.0122134695841
0.0119096850438
0.0115925052694
0.010662774793
0.0102077892119
0.00942900208874
0.00903125235952
0.00892777983197
0.00886247960694
0.00871194703297
0.00818313147986
0.00783419739328
0.00753785627004
0.00730297437239
0.00707951465251
0.00697008874635
0.00686725543326
0.00678206230954
0.00672518563572
0.0066827358105
0.00664215771134
0.00656896241278
0.00650437076534
0.00646896368411
0.00644709521607
0.0064316587907
0.00641954759074
0.00640923868723
0.00639982021599
0.00639055281573
0.0063805350918
0.00636822163777
0.00635095840182
0.00632750793193
0.00630141382661
0.00627459567206
0.00624717659422
0.00622275045525
0.00620545081184
0.00619407988136
0.0061857885437
0.00617859247896
0.00617095834903
0.00616057388741
0.00613977201384
0.00608618507516
0.00600045875816
0.00591358009531
0.00584612543169
0.00579634427292
0.00575658580908
0.00571660609322
0.00567008538451
0.00562587991984
0.00558946452801
0.00554918884759
0.0054755964584
0.00541402700871
0.00537921657786
0.00535770515837
0.00534229587256
0.00532982894799
0.00531899759649
0.0053091356797
0.00529980471118
0.00529060841144
0.00528111309729
0.00527067889473
0.00525811472967
0.00524063768131
0.00521090890973
0.00516252990935
0.00511718103927
0.00508547646344
0.00506317229118
0.00504560612058
0.00502940395167
0.00501340562771
0.00499922533713
0.00498774630011
0.00497858898458
0.00497116646074
0.00496499705291
0.00495973953329
0.0049551784533
0.00495111940618
0.00494744632739
0.00494407524983
0.0049409435055
0.00493800259269
0.00493521363366
0.00493256851978
0.00493001026153
0.00492750982943
0.00492503655146
0.00492255521391
0.00492002198181
0.00491740499514
0.00491459439165
0.00491145356581
0.00490775662043
0.00490307168515
0.0048964121865
0.00488524465589
0.00486185878437
0.00481096966466
0.00475608835724
0.00472405745218
0.00470463120095
0.00469109565649
0.00468074501131
0.00467229156478
0.00466501869323
0.00465849055291
0.00465242819013
0.00464665283113
0.00464109161781
0.00463573316293
0.0046305859593
0.00462564771664
0.0046208957313
0.00461628993219
0.00461177725604
0.00460729225311
0.00460275329964
0.00459805496149
0.00459305767845
0.00458757961085
0.00458140758961
0.00457436601364
0.00456647280227
0.00455806681805
0.00454965884521
0.00454160230276
0.00453397710082
0.00452673940318
0.00451971083101
0.00451272681013
0.004505631334
0.00449823897347
0.00449030951522
0.00448152022104
0.0044714575996
0.00445969539159
0.00444601430077
0.00443060645987
0.00441418836728
0.00439814632545
0.0043839237804
0.00437210694579
0.0043625109774
0.00435466834033
0.00434811706343
0.00434249140882
0.00433752357489
0.00433301948914
0.00432883327321
0.00432484669521
0.00432096129888
0.00431708564889
0.00431306296331
0.00430873504073
0.00430389361176
0.00429827388461
0.00429160459742
0.00428379813812
0.00427523465943
0.00426672070252
0.00425898828648
0.00425237818664
0.00424691399048
0.00424246685208
0.00423886353084
0.00423593700987
0.00423354456363
0.00423157087061
0.0042299253256
0.00422853770864
0.00422735390039
0.00422633221911
0.00422544048638
0.00422465852349
0.00422397199059
0.00422335534605
0.00422279648702
0.00422228579546
0.00422181557118
0.00422137960595
0.00422097285931
0.00422059123275
0.00422023944332
0.00421990720692
0.00421959122894
0.00421928953204
0.00421900045174
0.00421872257883
0.00421845471375
0.00421819582999
0.00421794504466
0.0042177015947
0.00421746481748
0.00421723413502
0.00421700904095
0.00421678908978
0.00421657388804
0.00421636308685
0.00421615637572
0.00421595347738
0.00421575414333
0.00421555815021
0.00421536529654
0.00421517540011
0.00421498829563
0.00421480383278
0.00421462187442
0.00421444229519
0.0042142649802
0.0042140898239
0.00421391672912
0.00421374560621
0.00421357637228
0.00421340895053
0.00421324326968
0.00421307926346
0.00421291687013
0.00421275603207
0.00421259669545
0.00421243880983
0.00421228232797
0.00421212720546
0.00421197340059
0.00421182179075
0.00421167196628
0.00421152326937
0.00421137566826
0.00421122913377
0.00421108363843
0.00421093915633
0.00421079566297
0.00421065313514
0.00421051155082
0.00421037088907
0.00421023112998
0.00421009225455
0.00420995424465
0.00420981708295
0.00420968075286
0.0042095452385
0.00420941052462
0.00420927659658
0.00420914344031
0.00420901104225
0.00420887938936
0.00420874846906
0.00420861826918
0.004208488778
0.00420835998416
0.00420823187668
0.00420810444491
0.00420797767852
0.00420785156751
0.00420772610214
0.00420760127295
0.00420747707074
0.00420735348656
0.00420723051169
0.00420710813761
0.00420698635601
0.00420686515881
0.00420674453807
0.00420662448604
0.00420650499516
0.004206386058
0.00420626766728
0.00420614981589
0.00420603249683
0.00420591570324
0.00420579942837
0.0042056836656
0.0042055684084
0.00420545365038
0.00420533938522
0.00420522560669
0.00420511230867
0.00420499948512
0.00420488713005
0.0042047752376
0.00420466380194
0.00420455281731
0.00420444227804
0.0042043321785
0.00420422251312
0.00420411327639
0.00420400446284
0.00420389606706
0.00420378808368
0.00420368050736
0.00420357333281
0.00420346655479
0.00420336016806
0.00420325416743
0.00420314854774
0.00420304330384
0.00420293843063
0.004202833923
0.00420272977588
0.0042026259842
0.00420252254291
0.00420241944696
0.00420231669134
0.004202214271
0.00420211218094
0.00420201041612
0.00420190897153
0.00420180784213
0.0042017070229
0.0042016065088
0.00420150629477
0.00420140637575
0.00420130674666
0.0042012074024
0.00420110833785
0.00420100954788
0.00420091102732
0.00420081277096
0.00420071477359
0.00420061702994
0.00420051953472
0.00420042228259
0.00420032526818
0.00420022848605
0.00420013193074
0.00420003559672
0.00419993947841
0.00419984357018
0.00419974786632
0.00419965236107
0.00419955704859
0.00419946192298
0.00419936697825
0.00419927220833
0.00419917760707
0.00419908316823
0.00419898888546
0.00419889475233
0.00419880076231
0.00419870690872
0.00419861318482
0.0041985195837
0.00419842661395
0.00419833388059
0.00419824128402
0.00419814881607
0.00419805646898
0.00419796423503
0.00419787210645
0.00419778007543
0.00419768813405
0.00419759627433
0.00419750448814
0.00419741276725
0.00419732110326
0.00419722948764
0.00419713791167
0.00419704636646
0.00419695484293
0.00419686333177
0.0041967718235
0.00419668030835
0.00419658877635
0.00419649721725
0.00419640562054
0.00419631397542
0.00419622227081
0.00419613049528
0.0041960386371
0.00419594668417
0.00419585462404
0.00419576244386
0.0041956701304
0.00419557766999
0.00419548504851
0.00419539225139
0.00419529926356
0.00419520606942
0.00419511265285
0.00419501899714
0.00419492508499
0.00419483089845
0.00419473641891
0.00419464162707
0.00419454650287
0.00419445102548
0.00419435517323
0.00419425892361
0.00419416225317
0.0041940651375
0.00419396755117
0.00419386946766
0.0041937708593
0.00419367169724
0.00419357195132
0.00419347159005
0.00419337058047
0.00419326888815
0.00419316647699
0.00419306330921
0.0041929593452
0.00419285454342
0.00419274886028
0.00419264225
0.00419253466446
0.00419242605307
0.00419231636262
0.00419220553703
0.00419209351726
0.00419198024103
0.00419186564263
0.00419174965266
0.00419163219781
0.00419151320052
0.00419139257873
0.00419127025977
0.0041911461466
0.00419102013343
0.00419089211653
0.00419076198571
0.00419063304848
0.00419050342267
0.00419037165961
0.00419023763274
0.00419010121038
0.00418996225304
0.00418982061244
0.00418967613066
0.00418952863921
0.00418937795806
0.00418922389455
0.00418906624223
0.00418890477956
0.00418873926842
0.0041885694526
0.00418839821094
0.00418822633906
0.00418804995801
0.00418786875107
0.0041876823845
0.00418749049901
0.00418729270598
0.00418708858388
0.00418687767434
0.00418665947777
0.00418643344829
0.00418619898801
0.00418595544039
0.0041857020826
0.00418543811665
0.00418516265901
0.00418487472848
0.00418457323182
0.00418425694675
0.00418392450166
0.00418357435123
0.00418320474699
0.00418281370144
0.00418239894421
0.00418195786773
0.00418151130136
0.00418104358628
0.00418054421816
0.00418000909421
0.00417943339959
0.00417881141548
0.00417813628524
0.00417739970813
0.00417659153052
0.00417569919294
0.00417470697191
0.00417359492535
0.00417233740507
0.00417090092768
0.00416924108524
0.00416729800519
0.00416498960771
0.00416220151771
0.00415877192374
0.00415447066469
0.00414901871943
0.00414190037419
0.00413246678171
0.00412002641199
0.00410451331383
0.00408754889446
0.00407181607358
0.00405880793185
0.00404838115518
0.0040397933399
0.00403236146869
0.0040255702363
0.00401898683989
0.00401210764715
0.00400406159806
0.00399314569287
0.00397904662134
0.00396629889581
0.00395653581967
0.00394905766539
0.00394306057924
0.0039379568557
0.00393334511697
0.00392893959948
0.00392450574017
0.00391981490478
0.00391460679275
0.00390855786871
0.00390127134656
0.003892343211
0.00388160748831
0.0038694794313
0.00385702990516
0.0038453798883
0.00383509860085
0.00382624378746
0.0038186531738
0.0038121222788
0.00380646352029
0.00380151799056
0.00379715467141
0.00379326701644
0.0037897691252
0.00378659207304
0.00378368062507
0.00378099043305
0.0037784857249
0.0037761374434
0.00377392176637
0.00377181893644
0.00376981233376
0.00376788773428
0.00376603270545
0.00376430546207
0.00376269363298
0.00376111575421
0.00375955914358
0.00375801080161
0.00375645654526
0.00375487996413
0.00375326106914
0.00375157452307
0.00374978742811
0.00374785699687
0.00374572944753
0.00374334374013
0.00374064705156
0.00373762829446
0.00373435951625
0.00373100484761
0.00372776443821
0.00372479176475
0.00372215383425
0.00371984601052
0.00371782645929
0.00371604311543
0.00371444749757
0.00371299942631
0.00371166733389
0.00371042699716
0.00370925998358
0.00370815227344
0.00370709316491
0.00370607444235
0.00370508975583
0.00370413462285
0.00370324331494
0.0037023761705
0.00370152955102
0.00370070063208
0.00369988717965
0.00369908741404
0.0036982999061
0.00369752349791
0.00369678616189
0.00369606174828
0.00369534601569
0.00369463797672
0.00369393683754
0.00369324195384
0.00369255279749
0.00369186897871
0.00369119023334
0.00369051609511
0.00368984629463
0.0036891805973
0.00368851879608
0.00368786070574
0.00368720615854
0.00368655500067
0.00368590708964
0.00368526229213
0.00368462048235
0.0036839815408
0.00368334535324
0.00368271180997
0.00368208115403
0.00368146265741
0.00368084609155
0.00368023132072
0.00367961823059
0.00367900671822
0.00367839668994
0.00367778840789
0.00367718187801
0.00367657655778
0.00367597237554
0.00367536926428
0.00367476716104
0.0036741660064
0.00367356597451
0.00367296698015
0.00367236875192
0.0036717712418
0.0036711744044
0.00367057819689
0.00366998257882
0.00366938751214
0.00366879296108
0.00366819889216
0.00366760527412
0.00366701207798
0.00366641927696
0.00366582684649
0.00366523476423
0.00366464301007
0.0036640515661
0.00366346041666
0.00366286954824
0.00366227894951
0.00366168861136
0.00366109852689
0.00366050869134
0.0036599191021
0.0036593297587
0.00365874066278
0.00365815181805
0.00365756323027
0.00365697490724
0.0036563868587
0.00365579909636
0.00365521163381
0.00365462448649
0.00365403767163
0.00365345120821
0.00365286511688
0.00365227941993
0.00365169414121
0.00365110930605
0.00365052494125
0.00364994107491
0.00364935773648
0.00364877495659
0.00364819276701
0.00364761120059
0.00364703029116
0.00364645007345
0.00364587058305
0.00364529185626
0.00364471393008
0.00364413684209
0.00364356063039
0.00364298533352
0.00364241099038
0.00364183764012
0.00364126532213
0.00364069407593
0.00364012394108
0.00363955495715
0.00363898716362
0.00363842059981
0.00363785530486
0.00363729131761
0.00363672867657
0.00363616741988
0.00363560758521
0.00363504920974
0.0036344923301
0.00363393698235
0.00363338320193
0.00363283102351
0.00363228048111
0.00363173160797
0.00363118443658
0.00363063899857
0.00363009532478
0.00362955344514
0.00362901338872
0.00362847518366
0.0036279388572
0.00362740443562
0.00362687194426
0.00362634140751
0.00362581284876
0.00362528629047
0.00362476175408
0.00362423926009
0.00362371882799
0.00362320047631
0.00362268422262
0.00362217008349
0.00362165807455
0.00362114821048
0.003620640505
0.00362013497092
0.00361963162009
0.00361913046347
0.00361863151113
0.00361813477223
0.00361764025509
0.00361714796714
0.003616657915
0.00361617010445
0.00361568454047
0.00361520122723
0.00361472016815
0.00361424136588
0.00361376482234
0.0036132905387
0.00361281851546
0.00361234875242
0.00361188124869
0.00361141600275
0.00361095301243
0.00361049227496
0.00361003378694
0.00360957754442
0.00360912354284
0.00360867177711
0.00360822224161
0.00360777493018
0.00360732983615
0.00360688695239
0.00360644627125
0.00360600778464
0.00360557148402
0.00360513736041
0.00360470540439
0.00360427560614
0.00360384795545
0.00360342244169
0.00360299905388
0.00360257778066
0.0036021586103
0.00360174153074
0.00360132652955
0.00360091359401
0.00360050271102
0.00360009386719
0.00359968704882
0.0035992822419
0.0035988794321
0.00359847860481
0.00359807974512
0.00359768283782
0.00359728786742
0.00359689481813
0.00359650367389
0.00359611441833
0.00359572703481
0.00359534150638
0.00359495781581
0.00359457594557
0.00359419587781
0.00359381759439
0.00359344107684
0.00359306630637
0.00359269326383
0.00359232192975
0.00359195228428
0.0035915843072
0.00359121797786
0.00359085327523
0.00359049017781
0.00359012866367
0.00358976871034
0.00358941029485
0.00358905339365
0.00358869798262
0.00358834403694
0.00358799153115
0.00358764043899
0.00358729073341
0.00358694238647
0.00358659536926
0.00358624965183
0.00358590520307
0.00358556199061
0.0035852199807
0.00358487913804
0.00358453942566
0.00358420080471
0.00358386323423
0.00358352667096
0.00358319106903
0.00358285637963
0.0035825225507
0.00358218952645
0.00358185724686
0.00358152564718
0.00358119465714
0.00358086420026
0.00358053419282
0.0035802045428
0.00357987514848
0.00357954589687
0.00357921666172
0.00357888730114
0.00357855765472
0.00357822753988
0.00357789674741
0.0035775650359
0.00357723357496
0.00357690168784
0.00357656826974
0.00357623292671
0.0035758951902
0.00357555449699
0.00357521016274
0.00357486134637
0.00357450700152
0.00357414580935
0.00357377608377
0.00357339563562
0.00357300157395
0.00357259000891
0.00357215559708
0.00357169082803
0.00357118506958
0.00357062383683
0.00356998163975
0.00356921997951
0.00356827554287
0.00356704746227
0.00356542013765
0.00356306525859
0.00355961102745
0.00355515128722
0.00354933146743
0.00354222922172
0.00353424263928
0.00352574584379
0.00351694703927
0.00350799069165
0.00349887643851
0.00348958517272
0.00348031110271
0.00347130239625
0.00346272264173
0.00345458360621
0.00344678009619
0.00343911478448
0.00343137396033
0.00342337630841
0.00341504129454
0.00340647753031
0.00339800041871
0.00338997096092
0.00338265384414
0.00337613413688
0.00337036104914
0.00336523362264
0.00336062667878
0.00335642629624
0.0033525442313
0.00334891304631
0.00334549611728
0.00334224245263
0.00333912142689
0.00333611065366
0.00333319269979
0.00333035369117
0.00332758232713
0.00332486917949
0.0033222061865
0.00331958628949
0.00331700312952
0.00331445080961
0.0033119237305
0.00330941639714
0.0033069232396
0.00330448626572
0.00330204943001
0.00329960291833
0.00329713824788
0.00329464517858
0.00329211085907
0.00328951856769
0.0032868457584
0.00328406088114
0.00328111794964
0.00327794674624
0.00327443403852
0.00327038495542
0.00326543749053
0.00325886304034
0.00324914477966
0.00323388771268
0.00321390677977
0.003195945839
0.00318287673209
0.00317355170903
0.00316652545741
0.00316085257245
0.00315597719718
0.00315156826168
0.00314741328147
0.00314335565884
0.00313925335631
0.00313494185229
0.00313018406088
0.00312458103155
0.00311741112069
0.00310752011564
0.0030943071145
0.00308003712585
0.00306767423615
0.00305797611636
0.00305051391382
0.00304468183474
0.00303998902298
0.00303608829859
0.00303274499931
0.00302980246776
0.00302751157129
0.00302558721302
0.00302382352357
0.00302217812208
0.00302062299919
0.003019163516
0.00301784084591
0.00301657084312
0.00301533931355
0.00301414010466
0.00301296882391
0.00301182226244
0.0030106980199
0.00300959471655
0.00300851105308
0.00300748126507
0.00300648011524
0.00300549950123
0.00300453172939
0.00300357610879
0.00300263209731
0.00300169925608
0.00300077721878
0.00299986567086
0.0029989643353
0.00299807296319
0.00299719132489
0.00299631920735
0.00299545640984
0.00299460274146
