0.95492443348
0.954471324395
0.95269663829
0.0255794140857
0.0217330731824
0.0182059877935
0.0154184982741
0.0135392334474
0.0120768333032
0.0116804235505
0.0114630135663
0.011080305837
0.0108869678278
0.0107676193981
0.0106762430141
0.010600336655
0.0105323252286
0.0104664516573
0.010400197927
0.0103351610363
0.0102738971005
0.0102168008699
0.0101626665163
0.0101098690734
0.0100564814777
0.0099998295867
0.0099362842541
0.00986191490627
0.0097711907517
0.00964647269659
0.00950500767967
0.00938565699939
0.00927711180936
0.00917703599671
0.00908213779629
0.00898083781643
0.00885236476943
0.00868463662357
0.00850856186347
0.00835206248592
0.00819446511053
0.00801830303139
0.00787668717443
0.00779136219453
0.00773450151919
0.00769103731428
0.00765484715242
0.00762305651266
0.0075940224781
0.00756667348466
0.00754028205177
0.00751437844065
0.0074886998246
0.00746312528709
0.00743757924935
0.00741191070986
0.00738575403664
0.00735834428305
0.00732841241586
0.00729313233282
0.0072481358611
0.00718947848647
0.0071192297701
0.0070455923699
0.00697524635192
0.00691166006149
0.00685666750266
0.00681092284013
0.00677345969927
0.00674226566173
0.0067154289135
0.0066915933002
0.00666988330954
0.00664972557727
0.00663071208665
0.0066125097512
0.00659479290003
0.00657717458878
0.00655910766866
0.0065397019306
0.00651733318384
0.00648878394173
0.00644778807907
0.00638578892226
0.00629886785082
0.00618299254707
0.00605030095
0.00593302320708
0.00583647904223
0.00575128712381
0.005669957354
0.00558569996188
0.00548330442585
0.00534144093703
0.00518115825703
0.00505588404814
0.00496368768502
0.00489031124111
0.00483193979829
0.00478593074149
0.00474849587324
0.00471631458463
0.00468705091816
0.00465906837502
0.00463184940559
0.00460390145511
0.0045742078871
0.00454168748113
0.00450533828318
0.00446352169525
0.004414321463
0.00435712786501
0.00429612431391
0.00424159190286
0.00420045065049
0.00417086926669
0.00414860561918
0.00413076334262
0.00411580589703
0.00410410913412
0.00409382739397
0.00408466872021
0.00407643596325
0.00406898224666
0.00406219121824
0.00405596695433
0.0040502283074
0.00404490536527
0.00403993696944
0.00403526880655
0.00403085184274
0.00402664093967
0.00402259361343
0.00401866885815
0.00401482594699
0.00401102317982
0.00400721651387
0.00400335802656
0.00399939417977
0.00399526390563
0.00399089664646
0.00398621070358
0.00398111264005
0.0039754990578
0.00396926264978
0.00396230432965
0.00395455105518
0.00394597340935
0.00393659018137
0.00392644772088
0.00391557862759
0.00390397057889
0.00389158879151
0.00387847434799
0.0038648673999
0.00385120226495
0.00383784580369
0.00382453763574
0.00381141665011
0.00379753365659
0.00378140987347
0.00376092602238
0.00373404149516
0.00370170299432
0.00366923608866
0.00364141287696
0.00361943768533
0.00360256494238
0.00358961776414
0.00357951031106
0.00357139426995
0.00356467172836
0.00355894653179
0.00355396180599
0.0035495495842
0.0035455971133
0.0035420257718
0.0035387785322
0.0035358123967
0.0035330937762
0.00353059558631
0.00352829535955
0.00352617397554
0.00352421478168
0.00352240297177
0.00352072514268
0.00351960390363
0.00351895243473
0.00351831562526
0.00351768622667
0.0035170609753
0.00351643718493
0.00351581249752
0.00351518473554
0.00351455179472
0.00351391156286
0.00351326185495
0.00351260035745
0.00351192457673
0.00351123178789
0.00351051898081
0.00350978280084
0.00350901948168
0.00350822476786
0.00350739382449
0.0035065211314
0.0035056003589
0.00350462422263
0.0035035843151
0.00350247091298
0.00350127276182
0.00349997684467
0.00349856814995
0.00349702946883
0.00349534127672
0.00349348179094
0.00349142735079
0.0034891533364
0.00348663591613
0.00348385495097
0.00348079830659
0.00347741906228
0.00347370293232
0.0034697921241
0.00346574561869
0.00346167665115
0.0034576850117
0.0034538629716
0.00345028194397
0.0034469853577
0.00344398888606
0.00344128601629
0.00343885570599
0.00343666950235
0.0034346968455
0.00343290838183
0.00343127767428
0.00342978183295
0.00342840151472
0.00342712060636
0.00342592578512
0.00342480606364
0.00342375237107
0.00342275719083
0.00342181425844
0.00342091831513
0.00342006490974
0.00341925024089
0.00341847103198
0.00341772443239
0.00341700793972
0.00341631933836
0.00341565665116
0.00341501810115
0.00341440208116
0.00341380712972
0.00341323191165
0.00341267520245
0.00341213587547
0.00341161289147
0.00341110529007
0.00341061218203
0.00341013274302
0.00340966620811
0.00340921186694
0.00340876905935
0.00340833717155
0.00340791563254
0.00340750391093
0.00340710151196
0.00340670797474
0.00340632286978
0.00340594579661
0.00340557638161
0.00340521427603
0.00340485915411
0.00340451071132
0.00340416866283
0.00340383274197
0.00340350269888
0.00340317829926
0.0034028593232
0.00340254556407
0.00340223682758
0.00340193293085
0.00340163370153
0.00340133897711
0.00340104860296
0.00340076243448
0.0034004803352
0.00340020217517
0.0033999278312
0.0033996571864
0.00339939012973
0.00339912655561
0.00339886636357
0.00339860945789
0.0033983557473
0.0033981051447
0.00339785756688
0.00339761293429
0.00339737117081
0.00339713220352
0.00339689596256
0.00339666238089
0.00339643139416
0.00339620294056
0.00339597696064
0.00339575339722
0.00339553219526
0.00339531330169
0.00339509666539
0.00339488223702
0.00339466996896
0.00339445981521
0.00339425173132
0.0033940456743
0.00339384160257
0.00339363947585
0.00339343925515
0.00339324090267
0.00339304438176
0.00339284965689
0.00339265669354
0.00339246545822
0.00339227591839
0.00339208804242
0.00339190179956
0.00339171715991
0.00339153409435
0.00339135257456
0.00339117257294
0.0033909940626
0.00339081701735
0.00339064141163
0.00339046722052
0.00339029441972
0.0033901229854
0.0033899528944
0.00338978412415
0.00338961665254
0.00338945045793
0.00338928551918
0.00338912181563
0.00338895932703
0.00338879803357
0.00338863791587
0.00338847895494
0.00338832113215
0.00338816442929
0.00338800882847
0.00338785431215
0.00338770086314
0.00338754846456
0.00338739709983
0.00338724675269
0.00338709740715
0.00338694904752
0.00338680165836
0.0033866552245
0.00338650973101
0.00338636516322
0.00338622150667
0.00338607874713
0.00338593687061
0.00338579586331
0.00338565571162
0.00338551640216
0.00338537792169
0.00338524025719
0.00338510339579
0.0033849673248
0.00338483203168
0.00338469750406
0.0033845637297
0.00338443069651
0.00338429839253
0.00338416680595
0.00338403592505
0.00338390573827
0.00338377623413
0.00338364740127
0.00338351922845
0.00338339170451
0.00338326481838
0.00338313855908
0.00338301291574
0.00338288787752
0.00338276343371
0.00338263957361
0.00338251628663
0.00338239356222
0.00338227138988
0.00338214975918
0.00338202865971
0.00338190808111
0.00338178801308
0.00338166844531
0.00338154936754
0.00338143076954
0.00338131264107
0.00338119497193
0.00338107775192
0.00338096097084
0.00338084461848
0.00338072868465
0.00338061315911
0.00338049803164
0.00338038328922
0.00338026892168
0.00338015492133
0.00338004127782
0.00337992798037
0.00337981501888
0.00337970238289
0.00337959006187
0.00337947804519
0.00337936632217
0.00337925488205
0.00337914371398
0.00337903280704
0.00337892215019
0.0033788117323
0.00337870154215
0.00337859156837
0.00337848179948
0.00337837222389
0.00337826282984
0.00337815360545
0.00337804453867
0.00337793561729
0.00337782682893
0.00337771816103
0.00337760959048
0.00337750110183
0.00337739269466
0.00337728435559
0.00337717607098
0.00337706782699
0.00337695960949
0.00337685140371
0.003376743195
0.00337663496878
0.0033765267098
0.00337641840248
0.00337631003093
0.00337620157888
0.00337609302972
0.00337598436644
0.00337587557166
0.00337576662757
0.00337565751591
0.00337554821799
0.00337543871465
0.00337532898621
0.00337521901251
0.00337510877282
0.00337499824587
0.00337488741682
0.00337477625857
0.00337466474568
0.00337455285438
0.0033744405602
0.00337432783796
0.0033742146617
0.00337410100468
0.00337398683935
0.00337387213727
0.00337375686913
0.00337364100466
0.00337352451263
0.00337340736079
0.00337328951582
0.00337317094329
0.00337305160762
0.003372931472
0.0033728104984
0.00337268864746
0.00337256587843
0.00337244214916
0.00337231741601
0.00337219163378
0.00337206475566
0.00337193673317
0.00337180751607
0.00337167705228
0.00337154528785
0.00337141216685
0.00337127763077
0.00337113843961
0.00337099330486
0.00337084672197
0.00337069862609
0.00337054895003
0.00337039762404
0.00337024457578
0.0033700897302
0.00336993300944
0.00336977433274
0.00336961361634
0.00336945077339
0.00336928571382
0.00336911834433
0.00336894856822
0.00336877628536
0.00336860139211
0.00336842378125
0.00336824334191
0.00336805995956
0.00336787351598
0.00336768388923
0.00336749095367
0.00336729458002
0.00336709463539
0.00336689098342
0.00336668348436
0.00336647199529
0.00336625637031
0.00336603646086
0.00336581211597
0.00336558318274
0.00336534950674
0.00336499656843
0.00336463476187
0.00336427300391
0.00336391096002
0.00336354832018
0.00336318479511
0.00336282011437
0.00336245402489
0.00336208628982
0.00336171668769
0.00336134501191
0.00336097107047
0.00336059468586
0.0033602156953
0.00335983395104
0.00335944932088
0.00335906168888
0.00335867095611
0.00335827704154
0.00335787988297
0.00335747943805
0.00335707568523
0.00335666862471
0.00335625827932
0.0033558446953
0.00335542794287
0.00335500811669
0.00335458533598
0.00335415974451
0.00335373151014
0.00335330082413
0.00335286790009
0.00335243289535
0.00335199611103
0.00335155784372
0.00335111837868
0.00335067801311
0.00335023705314
0.00334979581076
0.00334935460058
0.00334891373653
0.00334847352859
0.0033480342797
0.00334759628273
0.00334715981772
0.00334672514947
0.00334629252537
0.00334586217369
0.00334543430217
0.0033450090971
0.00334458672271
0.00334416732105
0.00334375101208
0.00334333789422
0.00334292804516
0.00334252152278
0.0033421183665
0.00334171859854
0.00334132222549
0.00334092923979
0.00334053962133
0.003340153339
0.00333977035223
0.00333939061246
0.00333901406449
0.00333864064782
0.00333827029781
0.00333790294676
0.0033375385249
0.00333717696119
0.00333681818415
0.00333646212241
0.00333610870533
0.00333575786342
0.0033354095287
0.00333506363532
0.00333472011892
0.00333437891759
0.0033340399718
0.0033337032244
0.00333336862072
0.00333303610955
0.00333270564025
0.00333237716521
0.00333205063935
0.0033317260198
0.00333140326644
0.00333108234182
0.00333076320769
0.00333044582932
0.0033301301738
0.0033298162099
0.003329503908
0.00332919323997
0.00332888417918
0.00332857670032
0.00332827077912
0.00332796639261
0.00332766351891
0.00332736213717
0.00332706222753
0.00332676377093
0.00332646674919
0.00332617114489
0.00332587694136
0.0033255841226
0.00332529267371
0.00332500257978
0.00332471382633
0.0033244263996
0.00332414028639
0.00332385547392
0.00332357194988
0.00332328970235
0.00332300871978
0.003322728991
0.00332245050513
0.00332217325182
0.003321897221
0.00332162240238
0.00332134878627
0.00332107636748
0.00332080514153
0.00332053509056
0.0033202662058
0.00331999848161
0.00331973190746
0.00331946647449
0.00331920217473
0.00331893900033
0.00331867694367
0.00331841599723
0.00331815615371
0.00331789740585
0.00331763974657
0.00331738316895
0.00331712766615
0.00331687323146
0.00331661985829
0.00331636754016
0.00331611627168
0.00331586604599
0.00331561685655
0.0033153686973
0.00331512156251
0.003314875446
0.00331463034196
0.00331438659992
0.00331414437307
0.00331390314399
0.00331366290727
0.0033134236575
0.00331318538939
0.00331294809839
0.00331271177867
0.00331247642508
0.00331224203259
0.0033120085962
0.00331177611106
0.00331154457225
0.00331131397494
0.00331108431447
0.00331085558602
0.00331062778493
0.0033104009066
0.00331017494647
0.0033099499
0.00330972576271
0.00330950253017
0.003309280198
0.00330905876185
0.00330883821741
0.00330861856532
0.00330839979848
0.00330818191069
0.00330796489778
0.00330774875564
0.00330753348017
0.00330731906733
0.00330710551308
0.00330689282158
0.00330668098269
0.00330646999056
0.00330625984128
0.003306050531
0.00330584205588
0.00330563441209
0.00330542759588
0.00330522160346
0.00330501643111
0.00330481207513
0.00330460853183
0.00330440579756
0.00330420386868
0.00330400274166
0.00330380241284
0.00330360287865
0.00330340413557
0.00330320618008
0.00330300900867
0.00330281261925
0.0033026170073
0.00330242216908
0.00330222810118
0.0033020348002
0.00330184226277
0.00330165048555
0.00330145946518
0.00330126919835
0.00330107968178
0.00330089091245
0.0033007029237
0.00330051567555
0.00330032916489
0.00330014338927
0.00329995834459
0.00329977402768
0.00329959043541
0.0032994075647
0.00329922541234
0.00329904398187
0.00329886326654
0.00329868326029
0.00329850396006
0.00329832536282
0.00329814746561
0.00329797026542
0.00329779375916
0.00329761794388
0.00329744281659
0.0032972683743
0.00329709461407
0.00329692153297
0.00329674912807
0.00329657739647
0.00329640960138
0.00329624526588
0.00329608160636
0.00329591861676
0.00329575629445
0.00329559463685
0.00329543364272
0.00329527330867
0.00329511378312
0.00329495511976
0.00329479710969
0.00329463975036
0.00329448303845
0.00329432697147
0.00329417155266
0.00329401679295
0.00329386267083
0.00329370918384
0.00329355632955
0.00329340410555
0.00329325254708
0.00329310166978
0.0032929514207
0.00329280179249
0.00329265278284
0.00329250438941
0.00329235660986
0.00329220944175
0.00329206288275
0.00329191693054
0.00329177158281
0.00329162683724
0.00329148269155
0.00329133914346
0.00329119627804
0.00329105411672
0.00329091254643
0.00329077156495
0.00329063117015
0.00329049135971
0.0032903521314
0.00329021468029
0.00329007887878
0.00328994365375
0.00328980900307
0.00328967492456
0.00328954141613
0.00328940847562
0.00328927610092
0.00328914428994
0.00328901304057
0.00328888235072
0.00328875221831
0.00328862264126
0.00328849361755
0.00328836515431
0.0032882372614
0.00328810991565
0.00328798311499
0.00328785685738
0.00328773114082
0.00328760596324
0.00328748132264
0.00328735721702
0.00328723364592
0.00328711060775
0.00328698809859
0.00328686611667
0.00328674466032
0.00328662372696
0.00328650331464
0.00328638342137
0.00328626404542
0.00328614518503
0.00328602683794
0.00328590900982
0.00328579169666
0.00328567489481
0.00328555859887
0.00328544280672
0.00328532751681
0.00328521273102
0.003285098445
0.00328498465495
0.00328487135908
0.00328475855901
0.00328464624995
0.00328453445961
0.00328442315789
0.00328431234078
0.00328420200643
0.00328409720658
0.00328403412927
0.00328397133885
0.00328390882144
0.00328384656504
0.00328378434285
0.00328372226763
0.00328366042327
0.00328359880277
0.00328353739888
0.00328347620561
0.00328341521751
0.00328335442969
0.00328329383767
0.00328323343747
0.00328317322535
0.00328311319792
0.00328305335208
0.00328299368504
0.00328293419414
0.00328287487697
0.00328281573128
0.00328275675498
0.00328269851188
0.00328264095706
0.00328258355762
0.00328252631165
0.0032824692174
0.0032824122732
0.00328235547754
0.00328229882894
0.00328224232604
0.00328218596754
0.00328212975221
0.00328207367892
0.00328201774653
0.00328196195394
0.00328190630014
0.00328185078413
0.00328179540497
0.00328174016171
0.00328168505348
0.0032816300794
0.00328157523862
0.00328152053031
0.00328146595368
0.00328141150792
0.00328135719227
0.00328130300596
0.00328124894826
0.00328119501843
0.00328114121575
0.0032810875395
0.00328103398899
0.00328098056353
0.00328092726244
0.00328087408504
0.00328082103068
0.00328076809884
0.00328071528882
0.00328066259987
0.00328061003136
0.00328055758266
0.00328050525315
0.0032804530422
0.0032804009492
0.00328034897355
0.00328029711465
0.0032802453719
0.0032801937447
0.00328014223248
0.00328009083464
0.00328003955062
0.00327998837983
0.00327993732172
0.00327988637572
0.00327983554127
0.00327978481781
0.00327973420481
0.00327968370171
0.00327963330796
0.00327958302305
0.00327953284642
0.00327948277756
0.00327943281594
0.00327938296103
0.00327933321233
0.00327928356932
0.00327923403148
0.00327918459833
0.00327913526935
0.00327908604404
0.00327903692192
0.00327898790249
0.00327893898527
0.00327889016978
0.00327884145554
0.00327879284206
0.00327874432889
0.00327869591554
0.00327864760157
0.0032785993865
0.00327855126987
0.00327850325124
0.00327845533015
0.00327840750616
0.00327835977882
0.00327831214769
0.00327826461233
0.00327821717231
0.00327816982719
0.00327812257656
0.00327807541998
0.00327802835703
0.0032779813873
0.00327793451036
0.00327788772581
0.00327784103325
0.00327779443227
0.00327774792245
0.00327770150341
0.00327765517473
0.00327760893604
0.00327756278693
0.00327751672702
0.00327747075592
0.00327742487324
0.00327737907862
0.00327733337167
0.00327728775201
0.00327724221928
0.00327719677311
0.00327715141313
0.00327710613897
0.00327706095028
0.0032770158467
0.00327697082787
0.00327692597234
0.00327688136088
0.00327683683025
0.00327679238084
0.00327674801145
0.00327670372176
0.00327665951148
0.00327661538027
0.00327657132785
0.0032765273539
0.00327648345812
0.00327643964022
0.00327639589989
0.00327635223684
0.00327630865078
