0.0475190105817
0.0475134317319
0.0475082940262
0.0475021111491
0.047493095517
0.0474785778659
0.0474573910027
0.0474363119793
0.0474219377328
0.0474123937092
0.0474046318972
0.0473966250139
0.0473863821945
0.0473703860686
0.0473394715895
0.0472685961517
0.0471716682648
0.0470140090406
0.0464132590102
0.046191035365
0.0460946057951
0.0459777830949
0.0454036196634
0.0440071445107
0.0417078588032
0.0249633232034
0.0117611827271
0.00802392614467
0.00613694177772
0.00555437833013
0.00529622348878
0.00510182009274
0.00475985556684
0.00416709569729
0.0038848777699
0.00373147784291
0.00363119849042
0.00354645458604
0.0034690940759
0.00340329452164
0.00335342607894
0.00331838279598
0.00329402492582
0.00327651841943
0.00326292988798
0.00325220696843
0.00324346937775
0.00323608368155
0.00322966955892
0.00322393088697
0.00321869267292
0.00321384114936
0.00320929138491
0.0032049848525
0.00320087811099
0.00319693075783
0.00319310564972
0.00318937912204
0.00318573105583
0.00318214756975
0.0031786190101
0.00317513403794
0.00317168270165
0.00316825542242
0.0031648466703
0.00316145006573
0.00315806021156
0.00315467258706
0.00315128351878
0.00314788914956
0.00314448549371
0.00314106903433
0.003137636371
0.00313418412588
0.00313070889706
0.00312720716021
0.00312367521505
0.003120109112
0.00311650457489
0.00311285691796
0.00310916095529
0.00310541123316
0.00310160126178
0.00309772346903
0.00309376971004
0.00308973054934
0.00308559549094
0.0030813527841
0.00307698982391
0.00307249198134
0.00306784336314
0.00306302772206
0.00305802885018
0.00305282918536
0.00304741728514
0.00304177745918
0.00303590315323
0.00302979149137
0.00302344615526
0.00301687925215
0.00301010966139
0.00300316128026
0.00299606675662
0.00298888266766
0.00298159558033
0.00297423052209
0.00296678830431
0.00295926508357
0.00295165897828
0.00294397373214
0.0029362123969
0.0029283934531
0.00292058180799
0.00291279779876
0.00290508481377
0.00289749087295
0.00289005392445
0.00288281854445
0.00287579223061
0.00286898556082
0.00286241226884
0.0028560527074
0.00284989732478
0.0028439353077
0.00283815672778
0.00283255257663
0.00282711599741
0.00282184202868
0.00281672847639
0.00281177331641
0.00280697231174
0.00280232275709
0.00279782009941
0.00279345931434
0.00278923445067
0.00278513867756
0.00278117045065
0.00277732453878
0.00277358458472
0.00276994499096
0.00276640217757
0.00276294288319
0.00275956065907
0.00275624961846
0.00275300444894
0.00274982083854
0.00274669449741
0.00274362119127
0.00274059754758
0.00273762045493
0.00273468698629
0.00273179449743
0.0027289407855
0.00272612879025
0.00272335104254
0.00272060627832
0.00271789225748
0.00271520616779
0.00271254598762
0.00270990971288
0.0027072954113
0.00270470602146
0.00270213899209
0.00269958778525
0.00269705078519
0.00269452543843
0.00269200996745
0.002689504895
0.00268700595989
0.00268451048252
0.00268201501331
0.00267951679445
0.00267701296084
0.00267450059102
0.00267197645704
0.00266943729063
0.00266688025116
0.00266430071882
0.00266169481304
0.00265906024759
0.00265638984921
0.0026536783299
0.0026509199699
0.00264810859229
0.00264523754675
0.00264230083237
0.00263929092977
0.0026361990535
0.00263301755437
0.00262973868185
0.00262635360465
0.00262285502075
0.0026192368819
0.00261549529181
0.00261163156447
0.0026076461623
0.00260354572576
0.002599340613
0.00259504670862
0.00259068402961
0.0025862754426
0.00258184495781
0.00257741576185
0.00257300845216
0.00256863970682
0.00256432106526
0.00256006291198
0.00255587110586
0.00255173803748
0.00254766002641
0.00254363189281
0.00253964668913
0.00253569519869
0.00253176996608
0.00252786206532
0.00252396190352
0.00252006064117
0.00251614980844
0.00251222154583
0.00250820264041
0.0025041269702
0.00250003294947
0.00249591992798
0.00249178789682
0.00248763975034
0.0024834821805
0.00247932483354
0.00247518446861
0.00247107286701
0.00246700525109
0.0024629968105
0.00245906111024
0.00245520961561
0.00245145084349
0.00244779146036
0.00244423313452
0.0024407772954
0.00243742246081
0.00243416886595
0.00243100675057
0.0024279303914
0.00242493660761
0.0024220217982
0.00241920750592
0.0024164612406
0.00241377623322
0.00241114841988
0.00240857687185
0.00240606014644
0.00240359221201
0.00240116700716
0.00239877840024
0.00239642579855
0.002394104071
0.00239180595207
0.00238953755695
0.00238729594812
0.00238507917282
0.00238288529632
0.00238071251742
0.00237855916133
0.00237642363546
0.00237430446017
0.00237220099181
0.00237012630592
0.00236806445067
0.00236601538063
0.00236397820719
0.00236194948688
0.00235992813668
0.00235791311722
0.00235590345493
0.00235389825913
0.00235189715284
0.00234989934762
0.00234790362243
0.00234590943349
0.00234391642991
0.00234192363565
0.00233993093049
0.00233793782152
0.00233594358433
0.00233395033484
0.00233195585681
0.00232995960414
0.00232796230595
0.00232596333457
0.00232396306035
0.00232196122785
0.0023199574428
0.00231795179456
0.00231594440412
0.00231393555111
0.00231192685752
0.00230991746784
0.00230790715618
0.00230589631752
0.00230388517242
0.00230187386749
0.00229986227244
0.00229785237394
0.00229584241159
0.00229383234598
0.00229182216952
0.00228981204716
0.0022878022633
0.00228579195191
0.00228378141568
0.00228176992052
0.00227975698642
0.00227774391164
0.00227572868897
0.00227371067899
0.00227168941151
0.00226966384629
0.00226763383716
0.00226559979059
0.0022635588426
0.00226150977096
0.00225945138177
0.00225738236852
0.00225530131221
0.00225320646186
0.00225109590415
0.00224896760635
0.00224682823087
0.00224466863799
0.00224248442682
0.00224027287867
0.00223803068422
0.0022357539583
0.00223343814974
0.00223107843868
0.00222866946364
0.00222620512361
0.00222367847481
0.00222108165583
0.00221840608824
0.0022156429234
0.00221277912236
0.00220980097389
0.00220669292024
0.00220343710035
0.00220001315639
0.00219640112389
0.00219258620902
0.00218853216022
0.00218420598291
0.00217956755731
0.00217459823932
0.00216926214253
0.00216354029661
0.00215743609723
0.00215096078093
0.00214417357135
0.00213715713273
0.00213001444945
0.00212288667152
0.00211590409341
0.00210917291799
0.00210278486438
0.0020967881106
0.0020911962628
0.00208600640702
0.00208119239602
0.00207672635213
0.00207257221861
0.00206869448015
0.00206505568186
0.00206162290062
0.00205837610474
0.00205529168837
0.00205234916475
0.00204953092562
0.00204682330864
0.00204421369012
0.00204168974074
0.00203924193145
0.00203686209053
0.00203454319209
0.00203227917657
0.00203006486447
0.00202789596098
0.0020257680552
0.00202367762144
0.00202162165362
0.00201959905357
0.00201760713806
0.00201564579497
0.0020137235499
0.00201182577167
0.00200995083495
0.00200809707451
0.00200626303186
0.0020044474124
0.00200264918998
0.00200086716472
0.00199910030086
0.00199734732882
0.00199560790762
0.0019938813406
0.00199216682327
0.00199046586527
0.00198877592218
0.0019870961542
0.00198542599775
0.00198376510686
0.00198211285698
0.00198046875762
0.00197883249859
0.00197720351746
0.00197558150464
0.00197396600633
0.00197235614257
0.00197075083021
0.00196915098718
0.00196755626727
0.00196596637242
0.00196438117846
0.00196280338344
0.00196122974424
0.00195965995785
0.00195809386824
0.00195653119502
0.00195497177524
0.00195341528384
0.00195186149959
0.00195031028212
0.00194876138989
0.00194721477924
0.00194567040008
0.00194412784048
0.00194259045636
0.00194105809212
0.00193952713899
0.00193799751381
0.00193646906052
0.00193494158096
0.00193341494453
0.00193188904947
0.0019303637962
0.00192884116565
0.00192731976758
0.00192580025169
0.00192428136827
0.00192276278171
0.00192124438229
0.00191972600994
0.00191820756448
0.00191668891529
0.00191516995305
0.00191365068587
0.00191213093251
0.00191061071711
0.00190908981063
0.00190756806197
0.00190604538726
0.00190452172623
0.00190299358974
0.001901462863
0.00189993055909
0.0018983965297
0.00189686064185
0.00189532243271
0.00189378217011
0.00189224013661
0.00189069567684
0.00188914865165
0.0018875987039
0.00188604554296
0.00188448892733
0.00188292860035
0.00188136428172
0.00187979568361
0.00187822284496
0.0018766457629
0.00187506346076
0.00187347558617
0.00187188177611
0.00187028165427
0.00186867480411
0.00186706081415
0.00186543925385
0.00186380966845
0.00186217158145
0.00186052456557
0.00185886810287
0.00185720165716
0.00185552470767
0.00185383674483
0.00185213724103
0.00185042566697
0.00184870149307
0.0018469641484
0.00184521312447
0.00184344787736
0.00184166790089
0.00183987272767
0.00183806236699
0.00183623645127
0.00183439416908
0.00183253514977
0.0018306592328
0.00182820571296
0.00182542360022
0.00182267943049
0.00181997547706
0.00181730687615
0.0018146610429
0.00181204142294
0.00180942535462
0.00180680952158
0.00180419243415
0.00180157061983
0.00179895450421
0.0017963314777
0.00179370028946
0.00179106198834
0.00178842047545
0.00178577358107
0.00178312399636
0.00178048572353
0.00177785174366
0.00177524794686
0.00177264763142
0.00177005180004
0.00176746282619
0.00176489025247
0.00176232493422
0.00175977335736
0.00175723329522
0.00175470034589
0.001752174325
0.00174965473943
0.00174714156858
0.00174463520186
0.00174213373803
0.00173963745434
0.00173714647282
0.00173465760241
0.00173216801129
0.00172967942333
0.00172718571801
0.00172468488817
0.00172217394965
0.00171964985033
0.00171711010409
0.00171455255741
0.00171197296139
0.00170936769893
0.00170674368468
0.0017040887159
0.00170139746383
0.00169866525747
0.00169588817725
0.00169306226432
0.00169018356674
0.00168724875874
0.00168425344502
0.00168119460088
0.00167807079589
0.00167488158471
0.00167162613072
0.00166830610265
0.00166492541304
0.00166148972484
0.00165800617454
0.001654467392
0.00165088494073
0.00164728570382
0.00164368355192
0.00164009200989
0.00163652649718
0.00163300048268
0.00162952589432
0.00162611221842
0.00162276908701
0.00161950275075
0.00161631634192
0.00161321175665
0.00161018959195
0.00160724971116
0.00160439090645
0.00160161114237
0.00159890768859
0.00159627791056
0.00159371743316
0.00159122233078
0.00158878916198
0.00158641442466
0.0015840945675
0.00158182648893
0.00157960798391
0.00157743472578
0.00157530343924
0.00157321087853
0.00157115406532
0.00156913036354
0.00156713706627
0.00156517173956
0.00156323197993
0.00156131527329
0.00155941906234
0.00155754100478
0.00155567903633
0.00155383086932
0.00155199401891
0.00155016645223
0.00154834582472
0.00154652980246
0.00154471894125
0.00154291015684
0.00154109953706
0.00153928489613
0.00153746388427
0.00153563458565
0.00153379466299
0.00153194225344
0.00153007534022
0.00152819164572
0.00152628958323
0.00152436755434
0.00152242411027
0.00152045813246
0.00151846937386
0.00151645770093
0.00151442370798
0.00151236873172
0.00151029504039
0.00150820557527
0.00150610425141
0.00150399704911
0.00150188969551
0.00149978729925
0.00149769693296
0.00149562651481
0.00149358245263
0.00149157220757
0.00148960201266
0.00148767730837
0.00148581075628
0.00148400182925
0.00148224983024
0.00148055614364
0.00147892282384
0.0014773498304
0.00147583411494
0.00147437259898
0.00147296283431
0.00147160310967
0.0014702894188
0.00146905655064
0.00146786635568
0.00146671471546
0.00146559845546
0.0014645065198
0.0014634212598
0.00146236378403
0.00146133120643
0.00146032134632
0.00145933260882
0.00145836272271
0.00145740978897
0.00145647212568
0.00145554853394
0.00145463791653
0.00145373918817
0.00145285178427
0.00145197456071
0.00145110709123
0.00145024754763
0.00144939457295
0.00144854984899
0.00144771270074
0.0014468843187
0.00144606394555
0.0014452499056
0.00144444189137
0.00144363964545
0.00144284285769
0.00144205128926
0.00144126475405
0.00144048327496
0.00143970662476
0.00143893468805
0.00143816719019
0.00143740394613
0.00143664483543
0.00143588978551
0.00143513867967
0.00143439134281
0.00143364767932
0.00143290761066
0.00143217106885
0.0014314379536
0.00143070819015
0.00142998170053
0.00142925847447
0.00142853837136
0.00142782133336
0.00142710747153
0.00142639756944
0.00142569052975
0.00142498629541
0.00142428484579
0.00142358611908
0.00142289005125
0.00142219660013
0.00142150572167
0.00142081736604
0.00142013148899
0.0014194480614
0.00141876703893
0.00141808837985
0.00141741205077
0.00141673811314
0.00141606648036
0.00141539707966
0.00141472988313
0.0014140648555
0.00141340196706
0.00141274119547
0.00141208251134
0.00141142588345
0.00141077128704
0.00141011870215
0.00140946810546
0.00140881947127
0.00140817277554
0.00140752800028
0.00140688511653
0.00140624410801
0.00140560495139
0.00140496762468
0.00140433211929
0.00140369842322
0.00140306649771
0.00140243644218
0.00140180841409
0.00140118213747
0.00140055759116
0.00139993474968
0.0013993135961
0.00139869411097
0.00139807627616
0.00139746007406
0.00139673131981
0.00139599517846
0.00139526306844
0.00139453447115
0.00139380895282
0.00139308627474
0.00139236900121
0.00139165379746
0.00139094042723
0.00139022902744
0.00138952007231
0.00138881245994
0.00138810606978
0.00138740082079
0.00138669667833
0.00138593695062
0.00138513508949
0.00138434981272
0.00138357457518
0.00138280620322
0.00138204387033
0.00138128676034
0.00138053412467
0.00137978520634
0.00137903923877
0.00137829578806
0.00137755478509
0.00137681571056
0.00137607826477
0.00137534238326
0.00137460789547
0.00137387728029
0.00137314815231
0.00137242036396
0.00137169325252
0.00137096680877
0.00137024093027
0.00136951547736
0.00136879052804
0.00136806814951
0.00136735225765
0.00136663700117
0.00136592273347
0.00136520959977
0.00136449658214
0.0013637841039
0.0013630750733
0.00136236599189
0.00136165709257
0.00136094804698
0.00136023879009
0.00135952928654
0.0013588195076
0.00135810948928
0.00135739913412
0.00135668834357
0.00135597707687
0.00135526581615
0.00135455439371
0.00135384245284
0.00135312990497
0.00135241669674
0.00135170276805
0.00135098809826
0.00135027267331
0.00134955638578
0.00134883918732
0.00134812103782
0.00134740191805
0.00134668177631
0.00134596058542
0.00134523826401
0.0013445162081
0.00134379439343
0.00134307138707
0.00134234711404
0.00134162153401
0.00134089466811
0.00134016661417
0.00133943713955
0.00133870622101
0.001337973786
0.0013372398023
0.00133650421252
0.00133576698181
0.00133502820977
0.00133428781055
0.00133354566782
0.00133280174122
0.00133205598873
0.00133130837649
0.00133055893979
0.00132980774289
0.00132905458861
0.00132829945028
0.00132754236854
0.0013267832685
0.00132602214745
0.00132525903412
0.00132449384979
0.00132372676705
0.00132295790969
0.00132218699693
0.00132141396118
0.00132063884767
0.00131986165645
0.00131908235531
0.0013183009663
0.00131751749945
0.00131673225152
0.00131594515776
0.0013151560861
0.00131436504137
0.00131357205187
0.0013127771594
0.00131198040015
0.00131118182595
0.00131038149123
0.00130957946987
0.00130877582007
0.00130797062113
0.00130716399907
0.00130635614613
0.0013055471589
0.00130473698798
0.00130392572356
0.00130311344852
0.00130230026441
0.00130148646436
0.00130067199743
0.00129985696207
0.00129904151164
0.00129822748081
0.00129741584223
0.00129660410294
0.00129579238153
0.00129498081615
0.00129416951382
0.00129335860442
0.00129254825773
0.00129173857518
0.00129092971484
0.00129012172194
0.00128931478676
0.00128850898346
0.001287704558
0.00128690171227
0.00128610044401
0.00128523875797
0.00128436593825
0.00128349487153
0.00128262571384
0.00128175861748
0.00128089377243
0.00128003125951
0.0012791712028
0.00127831371317
0.00127745886218
0.00127660675998
0.00127575749724
0.00127491118819
0.00127406791664
0.00127322775113
0.00127239083783
0.00127155742913
0.00127072732473
0.00126990059314
0.0012690773099
0.0012682574951
0.00126744123015
0.00126662854564
0.00126581946431
0.0012650139846
0.00126421305425
0.00126341871679
0.00126262794552
0.0012618407348
0.00126105722349
0.00126027743847
0.00125950122069
0.00125872858198
0.00125795952567
0.00125719402959
0.00125643209415
0.00125567371237
0.00125491886773
0.00125416754904
0.00125341988335
0.00125267579808
0.00125193518468
0.00125119802593
0.00125046430142
0.00124973399165
0.00124900707358
0.00124828354214
0.00124756336389
0.00124684650937
0.00124613295698
0.0012454226668
0.00124471561134
0.00124401176362
0.00124331109702
0.00124261358738
0.0012419192082
0.00124122791675
0.00124053968661
0.00123985448359
0.00123917227595
0.00123849303116
0.0012378167187
0.00123714330561
0.0012364727586
0.00123580504703
0.00123514013959
0.00123447800335
0.00123381860643
0.00123316193435
0.00123250793215
0.00123185656368
0.00123120779433
0.0012305615902
0.0012299179385
0.00122927678759
0.00122863808583
0.00122800182784
0.00122736795083
0.00122673642304
0.0012261072329
0.0012254803571
0.00122485573068
0.0012242333233
0.0012236131012
0.00122299502758
0.00122237906698
0.00122176518443
0.00122115334082
0.00122054349864
0.0012199356203
0.00121932966935
0.00121872560823
0.00121812340456
0.00121752302975
0.00121692442772
0.00121632755814
0.00121573238055
0.00121513887345
0.00121454712218
0.00121395694502
0.00121336829874
0.00121278113987
0.00121219557435
0.00121161163402
0.00121102906234
0.00121044781168
