0.0450080669725
0.0448854178382
0.044699335368
0.0444568276997
0.0442648373224
0.0441646883497
0.0441092370959
0.0440653734534
0.0440058996661
0.0438138685179
0.0434852669285
0.0432979625562
0.0429399138538
0.0421743189523
0.0415455174778
0.0412956364976
0.0407503541067
0.0401462573799
0.0398407992404
0.0395060828434
0.0379035953399
0.0332950702697
0.0269181211448
0.0142445366905
0.00591031880106
0.00478400510967
0.00422283023093
0.00404354762885
0.00390575806748
0.00369941507153
0.00355013564251
0.00348437575944
0.0034295839758
0.00336223428447
0.00318116021578
0.00289871668787
0.00278306703037
0.00272296984544
0.0026794585713
0.00264210302461
0.00260717723737
0.00257360214039
0.00254236752761
0.0025152925015
0.00248931642686
0.00246676393131
0.00245102224722
0.00243948665554
0.00243058337073
0.00242333221055
0.00241719484445
0.00241181919169
0.00240697432876
0.00240251957018
0.00239848748227
0.00239465743002
0.00239098803085
0.00238745008778
0.00238402237417
0.00238068919782
0.00237743827677
0.00237426013513
0.00237114734082
0.00236809353695
0.00236509360106
0.00236214322392
0.00235923874002
0.00235637701384
0.00235355531825
0.00235077127551
0.0023480228305
0.00234530813636
0.0023426255837
0.00233997375137
0.00233735138295
0.00233475736658
0.00233219071797
0.00232965056533
0.00232713613761
0.00232464676835
0.00232218184421
0.0023197408542
0.00231732330846
0.00231492878398
0.00231255538365
0.0023101020745
0.00230767896418
0.00230528457543
0.00230291782137
0.00230057783211
0.00229826389685
0.00229597542021
0.00229371189076
0.00229147285929
0.00228925792356
0.00228706671627
0.00228489889707
0.00228275414703
0.0022806321699
0.00227853266935
0.00227645536638
0.00227439999031
0.00227236627729
0.00227035396931
0.0022683628886
0.00226639271767
0.00226444320283
0.00226251410109
0.00226060517206
0.00225871616002
0.0022568308293
0.00225496678533
0.00225312340225
0.00225130021565
0.00224949681271
0.00224771281964
0.00224594789294
0.00224420171212
0.00224247397538
0.00224076439581
0.00223907269812
0.00223739861673
0.00223574189417
0.00223410227976
0.00223247952893
0.00223087340144
0.00222928366137
0.00222771007692
0.00222615241971
0.00222461046456
0.00222308398917
0.00222157277392
0.0022200766025
0.00221859526092
0.00221712853545
0.00221567621577
0.00221423809401
0.00221281396384
0.00221140362124
0.00221000686408
0.00220862349219
0.00220725330728
0.00220589611296
0.00220455171465
0.00220322443934
0.0022019098784
0.00220060749194
0.0021993170936
0.00219803849874
0.00219677152443
0.0021955159895
0.00219427171444
0.00219303852144
0.00219181623439
0.00219060467882
0.00218940368191
0.00218821307247
0.00218703268094
0.00218586233933
0.00218470188122
0.00218355114177
0.00218240995762
0.00218127816693
0.00218015560934
0.0021790421259
0.00217793755921
0.00217684175311
0.0021757545533
0.00217467580575
0.00217360535823
0.00217254306039
0.00217148876156
0.0021704423129
0.00216940356693
0.00216837237698
0.00216734859718
0.00216633208279
0.00216532268987
0.00216432027536
0.00216332469667
0.00216233581188
0.00216135348038
0.00216037756159
0.00215940791497
0.00215844440062
0.0021574868789
0.00215653521032
0.00215558925548
0.00215464887491
0.00215371392899
0.0021527842778
0.00215185978132
0.00215094029869
0.00215002568824
0.00214911580771
0.00214821051387
0.00214730966237
0.00214641310755
0.00214552070228
0.00214463230121
0.00214374775041
0.00214286689681
0.00214198958495
0.00214111565691
0.00214024495184
0.00213937725395
0.00213851237202
0.00213765020543
0.00213679057799
0.00213593518082
0.00213508377449
0.00213423428723
0.00213338651751
0.0021325402568
0.00213169528841
0.00213085138718
0.00213000831846
0.00212916584284
0.00212832370089
0.0021274816199
0.00212663931645
0.00212579649155
0.00212495282903
0.00212410799362
0.00212326162884
0.00212241335458
0.00212156276439
0.0021207094223
0.00211985285995
0.00211899257098
0.00211812800667
0.00211725857146
0.00211638361597
0.00211550242958
0.00211461423169
0.0021130832818
0.00211147599912
0.00210993490098
0.00210844500518
0.00210699422136
0.00210557235504
0.0021041706533
0.00210278143389
0.00210139777135
0.00210001322281
0.00209862157918
0.00209721662725
0.00209579190948
0.00209434046657
0.00209285454585
0.00209132526039
0.00208974217287
0.00208809278387
0.00208636190315
0.00208453089803
0.00208257685555
0.00208047179944
0.00207818232508
0.00207567042632
0.00207289691179
0.00206982913218
0.00206645409698
0.00206279404378
0.00205891537965
0.00205492086099
0.00205092556256
0.00204703043721
0.00204330684264
0.00203979431582
0.00203650634493
0.00203343851754
0.00203057585579
0.00202789826795
0.00202538413588
0.00202301244733
0.00202076392029
0.00201862148423
0.00201657037942
0.00201459804569
0.00201269391022
0.00201084913738
0.00200905637727
0.00200730953159
0.00200560354535
0.00200393422677
0.00200229809586
0.00200069225159
0.00199911426968
0.00199756211491
0.00199603406856
0.00199452867054
0.00199304467176
0.00199158099465
0.00199013670264
0.00198871097437
0.00198730308318
0.00198591238038
0.00198453829175
0.00198318028951
0.00198183787454
0.00198051059903
0.00197919804527
0.00197789982223
0.00197661556237
0.00197534491795
0.00197408755848
0.00197284316859
0.00197161144649
0.00197039210182
0.00196918485515
0.00196798943693
0.00196680559338
0.00196563310602
0.00196447168956
0.00196332111299
0.00196218114518
0.00196105155726
0.00195993213092
0.00195882265435
0.00195772292179
0.00195663273435
0.00195555189479
0.00195448021264
0.0019534175027
0.00195236358416
0.00195131828111
0.00195028142218
0.00194925284038
0.00194823237305
0.00194721986165
0.0019462151517
0.00194521809269
0.00194422853798
0.00194324635
0.00194227138499
0.00194130350692
0.00194034258531
0.00193938849022
0.00193844109804
0.00193749666263
0.00193655543743
0.0019356206866
0.00193469221688
0.0019337699072
0.0019328536475
0.0019319433307
0.00193103885292
0.00193014011261
0.00192924701126
0.00192835945398
0.00192747734703
0.00192660059901
0.0019257291217
0.00192486282875
0.00192400163631
0.00192314546272
0.00192229422846
0.00192144786062
0.00192059508263
0.00191973738305
0.00191888489
0.0019180374988
0.00191719512181
0.00191635766821
0.00191552505141
0.00191469719292
0.00191387401853
0.0019130554573
0.00191224144066
0.00191143190325
0.00191062678226
0.00190982601687
0.00190902954831
0.00190823732176
0.00190744928068
0.00190666537075
0.0019058855407
0.00190510973977
0.00190433791788
0.00190357002697
0.00190280602021
0.00190204585194
0.00190128947763
0.00190053685383
0.00189978794143
0.00189904270605
0.00189830110264
0.00189756307585
0.00189682852562
0.00189609749012
0.00189536993053
0.00189464581036
0.00189392509438
0.0018932077485
0.00189249373949
0.00189178303492
0.00189107560853
0.00189037142435
0.00188967045217
0.00188897266242
0.00188827802629
0.0018875865158
0.00188689810369
0.00188620766579
0.00188550924284
0.00188481410969
0.00188412217965
0.00188343338981
0.0018827476852
0.0018820650171
0.00188138534205
0.00188070862108
0.00188003481903
0.00187936390399
0.00187869584686
0.00187803062092
0.00187736820154
0.00187670856598
0.00187605169285
0.00187539756224
0.00187474615545
0.00187409745466
0.00187345144308
0.00187280810632
0.00187216742974
0.00187152939653
0.00187089399266
0.00187026120466
0.00186963101951
0.00186900342491
0.00186837840989
0.00186775596128
0.00186713606751
0.0018665187174
0.00186590390008
0.00186529160493
0.00186468182156
0.00186407453981
0.00186346974981
0.00186286744197
0.00186226760643
0.00186167023376
0.00186107531469
0.00186048284006
0.00185989280086
0.00185930518818
0.00185871999323
0.00185813720731
0.0018575568218
0.00185697882815
0.00185640321791
0.00185582998268
0.0018552591141
0.00185469060388
0.00185412444378
0.00185356062648
0.00185299914323
0.00185243998549
0.00185188314516
0.00185132861411
0.00185077638423
0.00185022644741
0.00184967879556
0.00184913342059
0.00184859031441
0.00184804946891
0.001847510876
0.00184697452755
0.00184644041544
0.00184590853155
0.00184537886862
0.0018448514176
0.00184432617023
0.00184380311832
0.0018432822536
0.00184276356852
0.00184224705453
0.00184173270289
0.00184122050529
0.00184071045339
0.00184020253881
0.00183969675318
0.00183919308808
0.00183869153507
0.00183819208572
0.00183769473155
0.00183719946446
0.00183670627611
0.00183621515736
0.00183572610006
0.0018352390955
0.00183475413481
0.00183427120939
0.00183379031062
0.00183331142987
0.0018328345585
0.00183235968783
0.00183188680921
0.00183141591396
0.00183094699338
0.00183048003877
0.00183001504318
0.00182955199649
0.00182909088959
0.00182863171376
0.00182817446028
0.00182771912043
0.00182726568549
0.00182681414674
0.00182636449545
0.0018259167229
0.00182547082037
0.00182502677916
0.00182458459055
0.00182414424584
0.00182370573634
0.00182326905336
0.00182283418823
0.00182240113226
0.0018219698768
0.0018215404132
0.00182111273282
0.00182068682705
0.00182026268725
0.0018198403048
0.00181941967113
0.00181900077769
0.00181858361592
0.00181816817729
0.00181775445327
0.00181734243536
0.00181693211506
0.00181652348392
0.00181611653347
0.00181571125535
0.00181530764119
0.00181490568249
0.00181450537087
0.00181410669798
0.00181370965549
0.00181331423509
0.00181292042849
0.00181252822742
0.00181213762364
0.00181174860894
0.00181136117511
0.00181097531398
0.0018105910174
0.00181020827724
0.0018098270854
0.00180944743379
0.00180906931437
0.00180869271909
0.00180831763996
0.00180794406898
0.00180757199821
0.00180720141971
0.00180683232558
0.00180646470792
0.00180609855889
0.00180573387066
0.00180537063541
0.00180500884538
0.0018046484928
0.00180428956995
0.00180393206912
0.00180357598264
0.00180322130287
0.00180286802216
0.00180251613293
0.00180216562761
0.00180181649865
0.00180146873853
0.00180112233976
0.00180077729486
0.0018004335964
0.00180009123697
0.00179975020917
0.00179941050564
0.00179907211905
0.00179873504209
0.00179839926749
0.00179806478797
0.0017977315963
0.0017973996853
0.00179706904776
0.00179673967655
0.00179641156454
0.00179608470463
0.00179575908975
0.00179543471284
0.00179511156688
0.00179478964489
0.00179446893989
0.00179414944494
0.00179383115313
0.00179351405755
0.00179319815135
0.00179288342768
0.00179256987973
0.00179225750071
0.00179194628385
0.00179163622243
0.00179132730973
0.00179101953905
0.00179071290375
0.00179040739736
0.00179010301313
0.00178979974443
0.0017894975847
0.00178919652741
0.00178889656605
0.00178859769413
0.0017882999052
0.00178800319283
0.00178770755059
0.0017874129721
0.001787119451
0.00178682698095
0.00178653555563
0.00178624516876
0.00178595581407
0.00178566748533
0.00178538017631
0.00178509388084
0.00178480859273
0.00178452430585
0.00178424101407
0.0017839587113
0.00178367739147
0.00178339704853
0.00178311767644
0.00178283926922
0.00178256182088
0.00178228532547
0.00178200977705
0.00178173516971
0.00178146149758
0.00178118875478
0.00178091693547
0.00178064603384
0.00178037604413
0.00178010696065
0.00177983877752
0.00177957148904
0.00177930508948
0.00177903957316
0.00177877493442
0.00177851116762
0.00177824826714
0.00177798622738
0.00177772504277
0.00177746470777
0.00177720521683
0.00177694656445
0.00177668874515
0.00177643175345
0.00177617558391
0.00177592023111
0.00177566568964
0.00177541195413
0.0017751590192
0.00177490687953
0.00177465552978
0.00177440496467
0.0017741551789
0.00177390616723
0.00177365792442
0.00177341044524
0.00177316372455
0.00177291775716
0.00177267253788
0.00177242806157
0.0017721843231
0.00177194131738
0.00177169903934
0.0017714574839
0.00177121664603
0.00177097652071
0.00177073710294
0.00177049838774
0.00177026037013
0.00177002304518
0.00176978640797
0.00176955045357
0.00176931517712
0.00176908057372
0.00176884663855
0.00176861336676
0.00176838075353
0.00176814879408
0.00176791748363
0.00176768681741
0.00176745679069
0.00176722739875
0.00176699863687
0.00176677050037
0.00176654298459
0.00176631608487
0.00176608979657
0.00176586411509
0.00176563903582
0.00176541455418
0.00176519066562
0.00176496736557
0.00176474464953
0.00176452251296
0.00176430095139
0.00176407996033
0.00176385953533
0.00176363967195
0.00176342036575
0.00176320161233
0.0017629834073
0.00176276574629
0.00176254862494
0.00176233203891
0.00176211598387
0.00176190045553
0.0017616854496
0.00176147096179
0.00176125698786
0.00176104352357
0.0017608305647
0.00176061810704
0.0017604061464
0.00176019467862
0.00175998369955
0.00175977320504
0.00175956319097
0.00175935365325
0.00175914458778
0.00175893599051
0.00175872785737
0.00175852018434
0.00175831296739
0.00175810620253
0.00175789988577
0.00175769401315
0.00175748858071
0.00175728358454
0.00175707902072
0.00175687488534
0.00175667117454
0.00175646788445
0.00175626501124
0.00175606255107
0.00175586050014
0.00175565885467
0.00175545761088
0.00175525676502
0.00175505631337
0.0017548562522
0.00175465657783
0.00175445728657
0.00175425837477
0.0017540598388
0.00175386167503
0.00175366387987
0.00175346644974
0.00175326938108
0.00175307267036
0.00175287631406
0.00175268030867
0.00175248465074
0.0017522893368
0.00175209436342
0.00175189972718
0.00175170542471
0.00175151145264
0.00175131780762
0.00175112448633
0.00175093148547
0.00175073880178
0.00175054643199
0.00175035437289
0.00175016262127
0.00174997117395
0.00174978002779
0.00174958917966
0.00174939862646
0.00174920830222
0.00174901623323
0.00174882441966
0.00174863285386
0.00174844153072
0.00174825044552
0.00174805959365
0.00174786897067
0.00174767857224
0.00174748839411
0.00174729843212
0.00174710868221
0.00174691914036
0.00174672980263
0.00174654066513
0.00174635172402
0.00174616297551
0.00174597441586
0.00174578604137
0.00174559784835
0.00174540983319
0.00174522199229
0.00174503432207
0.00174484681901
0.00174465947961
0.00174447230038
0.00174428527789
0.00174409840872
0.00174391168948
0.00174372511682
0.0017435386874
0.00174335239792
0.00174316624511
0.00174298022573
0.00174279433654
0.00174260857437
0.00174242293606
0.00174223741848
0.00174205201853
0.00174186673315
0.00174168155929
0.00174149649395
0.00174131153416
0.00174112667698
0.00174094191951
0.00174075725886
0.00174057269221
0.00174038821675
0.00174020382972
0.00174001952839
0.00173983531007
0.0017396511721
0.00173946711188
0.00173928312682
0.0017390992144
0.00173891537212
0.00173873159754
0.00173854788825
0.0017383642419
0.00173818065615
0.00173799712875
0.00173781365747
0.00173763024013
0.00173744687461
0.00173726355883
0.00173708029075
0.0017368970684
0.00173671388986
0.00173653075324
0.00173634765673
0.00173616459857
0.00173598157705
0.00173579859051
0.00173561563735
0.00173543271605
0.00173524982511
0.00173506696312
0.00173488412873
0.00173470132064
0.0017345185376
0.00173433577846
0.00173415304211
0.00173397032749
0.00173378763364
0.00173360495965
0.00173342230467
0.00173323966793
0.00173305704873
0.00173287444643
0.00173269186047
0.00173250929034
0.00173232673563
0.00173214419598
0.00173196167111
0.00173177916083
0.00173159666499
0.00173141418354
0.0017312317165
0.00173104926396
0.00173086682612
0.00173068440338
0.00173050199589
0.00173031960404
0.00173013722831
0.00172995486926
0.0017297725275
0.00172959020375
0.0017294078988
0.00172922561351
0.00172904334882
0.00172886110576
0.00172867888541
0.00172849668896
0.00172831451767
0.00172813237286
0.00172795025594
0.0017277681684
0.0017275861118
0.00172740408778
0.00172722209805
0.00172704014441
0.00172685822872
0.00172667635292
0.00172649451902
0.00172631272911
0.00172613098535
0.00172594928998
0.00172576764528
0.00172558605363
0.00172540451748
0.00172522303932
0.00172504162175
0.00172486026739
0.00172467897895
0.00172449775921
0.00172431661099
0.0017241355372
0.00172395454077
0.00172377362473
0.00172359279214
0.00172341204614
0.00172323138989
0.00172305082664
0.00172287035967
0.00172268999231
0.00172250972795
0.00172232957002
0.00172214952199
0.00172196958738
0.00172178976976
0.00172161007271
0.00172143049989
0.00172125105497
0.00172107174165
0.00172089256368
0.00172071352484
0.00172053462893
0.00172035587978
0.00172017728124
0.00171999883721
0.00171982055157
0.00171964242825
0.0017194644712
0.00171928668437
0.00171910907173
0.00171893163726
0.00171875438496
0.00171857731883
0.00171840044288
0.00171822376112
0.00171804727757
0.00171787099625
0.00171769492117
0.00171751905634
0.00171734340579
0.00171716797351
0.0017169927635
0.00171681777974
0.00171664302621
0.00171646850687
0.00171629422566
0.00171612018652
0.00171594639336
0.00171577285006
0.0017155995605
0.00171542652852
0.00171525375794
0.00171508125257
0.00171490901616
0.00171473705246
0.00171456536517
0.00171439395798
0.0017142228346
0.00171405199855
0.00171388145342
0.00171371120274
0.00171354124999
0.00171337159864
0.00171320225211
0.00171303321376
0.00171286448692
0.00171269607489
0.0017125279809
0.00171236020814
0.00171219275977
0.00171202563887
0.00171185884851
0.00171169239168
0.00171152627132
0.00171136049035
0.00171119505159
0.00171102995785
0.0017108652126
0.00171070081785
0.00171053677616
0.00171037309011
0.00171020976221
0.00171004679492
0.00170988419065
