0.046669178188
0.0466415430363
0.0466165895836
0.0465925371624
0.0465703624466
0.0465468596937
0.04652627117
0.0465043916475
0.0464779876791
0.0464435613524
0.046392176678
0.0463041345455
0.0461587168836
0.0459535090112
0.0457821082387
0.0456494904118
0.0454784065932
0.0452147627986
0.0450552031594
0.0449161686815
0.0447421917216
0.0445815983702
0.0443675111389
0.0441859119149
0.0440346458367
0.0438786117248
0.0437338141184
0.0435739550368
0.0433763033367
0.0431503983754
0.0428981377472
0.0426724579377
0.0425493571846
0.0423417115626
0.0421324910085
0.04197414844
0.0418780379056
0.04178747232
0.0416683068734
0.0415579114506
0.0413389480386
0.0411597362747
0.0409708545013
0.0408250455426
0.0407061614226
0.0405765539941
0.0404674214912
0.0403644615124
0.0403002717503
0.0402412258588
0.040188099929
0.0401480037741
0.0401205788373
0.0400983108371
0.0400798801181
0.0400641711805
0.0400493742327
0.0400350657253
0.0400218213196
0.0400091442352
0.0399965691449
0.03998365056
0.0399707336682
0.0399574434557
0.0399435952791
0.039928962808
0.0399133088854
0.0398966924024
0.0398788572891
0.0398593566944
0.0398392678054
0.0398187958442
0.039800463463
0.0397817489989
0.0397606866538
0.0397361884896
0.0397064143729
0.0396648354421
0.0396063552579
0.0395489629596
0.0394365502231
0.0393148898726
0.0392106684503
0.0391417715094
0.0390506818713
0.0388750568482
0.0385151309892
0.0382892374451
0.0381958987634
0.0381238056413
0.0380602842995
0.0380123629272
0.0379696959012
0.0379243187384
0.0378694856548
0.0378040315365
0.0377371132378
0.0376646776781
0.0376147945991
0.0375643724004
0.0374826824819
0.0373230252224
0.0370784643286
0.0368368421325
0.0365598808319
0.0363793890361
0.0362473646183
0.0361616557973
0.0360672314997
0.0359593254291
0.0358041582342
0.0354006709764
0.0351063984485
0.0347693156319
0.0345706966647
0.034451672582
0.0343422212532
0.0342328079814
0.034126369538
0.0339188101614
0.0332920396393
0.0321107123868
0.0313425209912
0.030643755563
0.0296929215252
0.028327756886
0.0272148697321
0.0252622688235
0.0234780045723
0.0221294407064
0.0215435608837
0.0208746502725
0.0199491278846
0.0187474626031
0.0172697759835
0.0165886265221
0.0158059273358
0.0151829973615
0.0146256986104
0.014297708701
0.0140182249386
0.0137857872907
0.0135624801454
0.0132273073467
0.0127385035254
0.0122638035499
0.0119896255064
0.0118089321975
0.0116534362994
0.0115260246036
0.011400054863
0.0112805739746
0.0111559614116
0.011032565303
0.0108877847094
0.0107278263796
0.0105981101543
0.0104830817043
0.0103643999905
0.010255025054
0.0101541020632
0.0100405003282
0.00993935046233
0.00984423443444
0.00975100749926
0.00965909394555
0.00956933162957
0.00948236499472
0.00940385798785
0.00932670124833
0.00924935214786
0.00917195966407
0.00909348907191
0.00901779614348
0.0089422960923
0.00886569407201
0.00879024691296
0.0087178861605
0.00864626980304
0.00857591077125
0.00850921562819
0.00844530488161
0.00838420990766
0.00833009573378
0.0082774285587
0.00822577013559
0.00817507436073
0.00812530069939
0.00807708428362
0.00803038128153
0.0079847570844
0.0079385764828
0.00789345200029
0.00784918421069
0.00780564494651
0.00776274786705
0.00771940635991
0.00767517865787
0.00763236746566
0.00759057724647
0.00754958834381
0.00750927388441
0.00746955800331
0.00743039353379
0.00739174976057
0.00735360537415
0.00731594473458
0.0072787562109
0.00724202988074
0.007206662906
0.00717216563789
0.00713808926395
0.00710440703538
0.00707110858439
0.00703818689116
0.00700563617008
0.00697345126207
0.00694162731698
0.00691016006462
0.00687904536044
0.00684827906025
0.00681785707054
0.006787775321
0.00675802969708
0.00672861612825
0.00669953062538
0.00667076912489
0.00664232756121
0.00661420185698
0.00658638794786
0.006558898145
0.00653172311963
0.00650484847879
0.00647832953353
0.00645218765402
0.00642639575603
0.00640096038686
0.00637585280878
0.00635105571702
0.00632659088614
0.00630238643225
0.00627844008585
0.00625477056046
0.00623136789612
0.00620820527134
0.00618527688982
0.00616260705432
0.00614017883339
0.0061179526747
0.00609599360234
0.00607425032069
0.00605271085768
0.00603143038144
0.00601032630462
0.0059894605521
0.00596881275258
0.00594836317965
0.00592811475248
0.00590806604887
0.00588821445376
0.00586855724148
0.00584912637235
0.00582984487586
0.00581078510121
0.00579191006976
0.00577320694527
0.00575467619857
0.0057363541007
0.00571818035336
0.00570020461247
0.00568240282793
0.00566475609985
0.00564726802838
0.00562997400541
0.00561282087889
0.00559583611984
0.00557901564534
0.00556235413029
0.00554585133756
0.00552949644057
0.00551329536993
0.00549724376581
0.00548133947626
0.00546558131916
0.00544996677731
0.00543449368598
0.00541915508468
0.0054039566745
0.00538889085057
0.00537395919174
0.00535915816968
0.00534448491009
0.00532993677901
0.00531551108888
0.00530120505654
0.00528702567033
0.00527299976776
0.00525911644108
0.00524535542705
0.00523173221842
0.00521822764314
0.00520483601363
0.00519154796767
0.00517835887924
0.00516526455691
0.00515226078296
0.00513934314035
0.00512650696074
0.0051137472633
0.00510105870749
0.00508843556187
0.00507587168155
0.0050633605028
0.00505089505982
0.00503846803228
0.00502607183296
0.00501369874247
0.005001341114
0.00498899164477
0.00497664370423
0.00496429173955
0.00495193172324
0.0049395616291
0.00492718181403
0.00491479533291
0.00490240818097
0.00489002899305
0.00487766888841
0.00486534087411
0.00485305913033
0.0048408382187
0.00482869231327
0.00481663453629
0.00480467646747
0.00479282783535
0.00478109639798
0.00476948797249
0.00475815542772
0.0047471856344
0.00473636580192
0.00472567552282
0.00471511193783
0.0047046727935
0.00469435563972
0.00468415794799
0.00467407712578
0.00466411051712
0.0046542555205
0.00464450956592
0.00463487012663
0.00462533474136
0.00461590102035
0.00460656660619
0.0045973293553
0.00458818713394
0.00457913788531
0.00457017962897
0.00456131045616
0.00455252852842
0.0045438320649
0.00453521935585
0.00452668871101
0.00451823855712
0.00450986737756
0.00450157366543
0.00449335597787
0.00448521291682
0.00447714312004
0.00446914526716
0.00446121807536
0.00445336029883
0.00444557072724
0.00443784818426
0.00443019152536
0.00442259964063
0.0044150714068
0.00440760577663
0.00440020176294
0.00439285837593
0.00438558934599
0.00437838750936
0.00437123678097
0.00436410928529
0.00435702026664
0.0043499997074
0.00434304245032
0.00433613224669
0.00432928193368
0.00432247733186
0.00431575778816
0.0043090898991
0.00430247168695
0.00429590205217
0.00428938017724
0.00428290535958
0.00427647695776
0.00427009437021
0.00426377676228
0.00425748037162
0.00425124626111
0.00424509608681
0.00423894104457
0.00423286349285
0.00422681662682
0.00422080897203
0.00421484292429
0.00420893133312
0.00420306167885
0.00419723421051
0.00419144710217
0.00418569869577
0.00417999366839
0.0041743280045
0.00416871370053
0.00416311614893
0.00415756583713
0.00415207338656
0.00414661660856
0.00414121064272
0.00413582431324
0.00413050229978
0.00412517903916
0.00411992141353
0.00411468525775
0.00410947625887
0.00410431273812
0.00409918259205
0.00409408785963
0.00408903054464
0.00408399082636
0.00407899497181
0.00407403045719
0.00406910011583
0.00406420009845
0.00405933135455
0.00405449249861
0.00404968308983
0.00404490279441
0.00404015130855
0.00403542834594
0.00403073363245
0.00402606690303
0.00402142789957
0.00401681636954
0.00401223206508
0.00400767474235
0.00400314416114
0.00399864008452
0.00399416227863
0.00398971051256
0.00398528455817
0.00398088419
0.0039765091852
0.00397215932345
0.00396783438689
0.00396353416006
0.00395925842984
0.00395500698542
0.00395077961825
0.00394657612195
0.00394239629234
0.00393823992733
0.00393410682692
0.00392999679315
0.00392590963007
0.00392184514369
0.00391780314196
0.00391378343473
0.00390978583371
0.00390581015246
0.00390185620632
0.00389792381244
0.00389401278969
0.00389012295866
0.00388625414166
0.00388240616262
0.00387857884714
0.00387477202241
0.00387098551722
0.00386721916193
0.00386347278841
0.00385974623006
0.00385603932177
0.0038523518999
0.00384868380225
0.00384503486803
0.00384140493788
0.0038377938538
0.00383420145915
0.00383062759863
0.00382707211826
0.00382354804343
0.00382010264002
0.00381669366332
0.00381330490169
0.00380993482195
0.00380658315008
0.00380324972263
0.00379993439136
0.00379663701381
0.00379335745135
0.00379009556833
0.00378685123143
0.00378362430935
0.00378041467253
0.00377722219297
0.00377404674414
0.00377088820086
0.00376774643927
0.00376462133668
0.00376151277176
0.00375842062437
0.00375534477551
0.00375228510727
0.00374924150289
0.00374621384675
0.0037432020243
0.00374020592204
0.00373722542751
0.00373426042928
0.00373131081701
0.00372837648131
0.0037254573138
0.00372255320707
0.00371966405469
0.00371678975116
0.00371393019193
0.0037110852734
0.00370825489284
0.00370543894849
0.00370263733942
0.00369984996562
0.00369707672796
0.00369431752814
0.00369157226875
0.00368884085319
0.00368612318571
0.00368341917139
0.0036807287161
0.00367805172654
0.0036753881102
0.00367273777535
0.00367010063103
0.00366747658708
0.00366486555407
0.00366226744334
0.00365968216699
0.00365710963782
0.00365454976939
0.00365200247598
0.00364946767258
0.00364694527487
0.00364443519926
0.00364193736283
0.00363945168337
0.00363697807933
0.00363451646983
0.00363206677468
0.00362962891431
0.00362720280983
0.00362478838301
0.00362238555621
0.00361999425247
0.00361761439544
0.00361524590939
0.0036128887192
0.00361054275037
0.00360820792899
0.00360588418177
0.00360357143598
0.0036012696195
0.00359897866079
0.00359669848886
0.00359442903332
0.00359217022433
0.0035899219926
0.00358768426941
0.00358545698659
0.00358324007648
0.003581033472
0.00357883710659
0.00357665091419
0.00357447482931
0.00357230878694
0.00357015272261
0.0035679659849
0.00356574334416
0.00356354483227
0.00356136568697
0.00355920298873
0.00355705487256
0.00355492011878
0.00355279790799
0.00355068767088
0.00354858899557
0.00354650157034
0.00354442514813
0.0035423595243
0.00354030452276
0.00353825998725
0.00353622577571
0.00353420175666
0.00353218780689
0.00353018380983
0.00352818965444
0.0035262052343
0.00352423044749
0.0035222651957
0.00352030938396
0.00351836292043
0.00351642571609
0.00351449768459
0.00351257874194
0.0035106688065
0.00350876779882
0.00350687564138
0.00350499225855
0.00350311757644
0.00350125152284
0.00349939402711
0.00349754502006
0.00349570443393
0.00349387220229
0.00349204825994
0.00349023254292
0.00348842498838
0.00348662553458
0.00348483412069
0.00348305068709
0.00348127517505
0.00347950752672
0.00347774768513
0.00347599559416
0.00347425119849
0.00347251444359
0.00347078527567
0.0034690636417
0.00346734948932
0.00346564276686
0.00346394342333
0.00346225140836
0.0034605666722
0.0034588891657
0.00345721884032
0.00345555564807
0.00345389954152
0.00345225047377
0.00345060839845
0.00344897326973
0.00344734504225
0.00344572367115
0.00344410911205
0.00344250132104
0.00344090025465
0.0034393058699
0.0034377181242
0.00343613697541
0.00343456238184
0.00343299430216
0.00343143269548
0.00342987752128
0.00342832873947
0.00342678631031
0.00342525019445
0.0034237203529
0.00342219674705
0.00342067933862
0.0034191680897
0.0034176629627
0.00341616392042
0.00341467092598
0.00341318394281
0.00341170293468
0.00341022786567
0.00340875870018
0.0034072954029
0.00340583793886
0.00340438627337
0.00340294037204
0.00340150020076
0.00340006572573
0.00339863691344
0.00339721373062
0.00339579614433
0.00339438412186
0.0033929776308
0.00339157663898
0.00339015129284
0.00338869715433
0.00338725572408
0.00338582490735
0.00338440338989
0.00338299030938
0.00338158508352
0.00338018730612
0.00337879668265
0.00337741299022
0.0033760360525
0.00337466572399
0.00337330188017
0.00337194441112
0.00337059321752
0.00336924820802
0.00336790929749
0.00336657640584
0.00336524945722
0.00336392837941
0.00336261310338
0.00336130356297
0.00335999969462
0.00335870143711
0.00335740873138
0.00335612152046
0.00335483974921
0.00335356336423
0.00335229231376
0.00335102654753
0.00334976601672
0.00334851067385
0.00334726047268
0.00334601536819
0.00334477531645
0.00334354027461
0.00334231020082
0.00334108505418
0.00333986479468
0.00333864938319
0.00333743878138
0.00333623295171
0.00333503185736
0.00333383546224
0.00333264373094
0.00333145662869
0.00333027412133
0.00332909627234
0.00332792285254
0.00332675402401
0.00332558956222
0.00332442962664
0.00332327399747
0.00332212283158
0.00332097591352
0.00331983330765
0.00331869507291
0.00331756100254
0.00331643124494
0.00331530559714
0.00331418420538
0.00331306687028
0.00331195365222
0.00331084460685
0.00330973954208
0.00330863859708
0.00330754158268
0.00330644855656
0.00330535957204
0.00330427444663
0.00330319331317
0.00330211599163
0.00330104253725
0.00329997300137
0.00329890720977
0.00329784521593
0.00329678706972
0.00329573260224
0.00329468186538
0.00329363490763
0.00329259156511
0.00329155189735
0.00329051592412
0.00328948351363
0.00328845472216
0.00328742954653
0.00328640788101
0.00328538975698
0.00328437521944
0.00328336411737
0.00328235649743
0.0032813524037
0.00328035168878
0.00327935439832
0.00327836057551
0.00327737007639
0.00327638294566
0.00327539922572
0.00327441877575
0.00327344163963
0.00327246779948
0.00327149729604
0.00327052999379
0.00326956593487
0.00326860515946
0.00326764753452
0.00326669310163
0.00326574184394
0.00326479380027
0.00326384884216
0.00326290700968
0.00326196828655
0.00326103271037
0.00326010015682
0.00325917066465
0.00325824427111
0.00325732085374
0.00325640045097
0.0032554830474
0.00325456867928
0.00325365722766
0.00325274872992
0.00325184317114
0.00325094058664
0.00325004086077
0.00324914402992
0.00324825007964
0.00324735899557
0.0032464708116
0.00324558541673
0.00324470284576
0.00324382308478
0.00324294616694
0.00324207198397
0.00324120056992
0.00324033191128
0.00323946604057
0.00323860285197
0.00323774237889
0.00323688460822
0.0032360295269
0.00323517716638
0.0032343274245
0.0032334803335
0.00323263588071
0.00323179409714
0.00323095488253
0.00323011826874
0.00322928424343
0.00322845279436
0.00322762395166
0.00322679761817
0.0032259738248
0.00322515255962
0.00322433381081
0.00322351760769
0.00322270385599
0.00322189258573
0.00322108378539
0.00322027744355
0.00321947358886
0.00321867212954
0.00321787309494
0.00321707647391
0.00321628225539
0.00321549046741
0.00321470102057
0.00321391394354
0.00321312922555
0.00321234685589
0.00321156683519
0.00321078915676
0.00321001376814
0.00320924068576
0.00320846989924
0.00320770139827
0.00320693520954
0.00320617124867
0.00320540954288
0.00320465008213
0.00320389285644
0.00320313786812
0.00320238510641
0.00320163452626
0.00320088614189
0.00320013994362
0.00319939592183
0.00319865410215
0.00319791440436
0.00319717685459
0.00319644144345
0.00319570816162
0.00319497699982
0.00319424798312
0.00319352103346
0.0031927961764
0.00319207340288
0.0031913527039
0.00319063407051
0.00318991752726
0.00318920299815
0.00318849050816
0.00318778004856
0.00318707161066
0.00318636518585
0.00318566079823
0.00318495837358
0.00318425793646
0.00318355947844
0.00318286299112
0.00318216846619
0.00318147592737
0.0031807853021
0.00318009661455
0.00317746067969
0.00317478988859
0.00317189109544
0.00316927658326
0.00316690364309
0.00316469312916
0.00316259550827
0.00316057850291
0.00315534109216
0.00314518850646
0.00313571933962
0.00312745242228
0.00312031201237
0.0031140147418
0.00310829579449
0.00310302566748
0.00309812453931
0.00309353904488
0.00308923149832
0.00308517375633
0.00308134361025
0.00307767826968
0.00307390273329
0.00307039060751
0.00306710687086
0.00306402486907
0.0030611232636
0.00305813955658
0.00305533615839
0.0030527084417
0.0030502363846
0.00304790359794
0.00304569630876
0.00304360272492
0.00304161261213
0.0030397169972
0.0030379079504
0.00303617841929
0.00303452209798
0.00303293332189
0.00303140698172
0.00302993845207
0.00302852353191
0.00302715839432
0.00302583954394
0.00302456378076
0.00302332816902
0.00302213001051
0.00302096682135
0.00301983631183
0.00301873650107
0.00301766529597
0.00301662095159
0.00301560167938
0.00301460602807
0.0030136325108
0.00301269295779
0.00301178654679
0.00301090037725
0.00301003213144
0.00300918062711
0.00300834471272
0.00300752344985
0.00300671595188
0.00300592135635
0.0030051388783
0.00300436781937
0.00300360751923
0.00300285736774
0.00300211680124
0.00300138529882
0.00300066237896
0.00299994759655
0.00299816534838
0.00299633909015
0.00299476951271
0.00299335719535
0.00299204997435
0.00299081818804
0.00298964424334
0.00298851719341
0.00298742982791
0.00298637709472
0.00298535523422
0.00298436129727
0.00298339287097
0.00298244791822
0.00298152468006
0.00298062161357
0.0029797373502
0.00297887066617
0.00297802046051
0.00297718573795
0.00297636559513
0.00297555920928
0.00297476582863
0.00297398476437
0.00297321538358
0.00297245710328
