0.952424428731
0.9523764277
0.952327413267
0.952271158753
0.952199618991
0.952090188592
0.951898031675
0.951486647318
0.950037679469
0.865264242591
0.00716576215298
0.00645351069588
0.00613773194788
0.00590101530653
0.00567372104827
0.0054558937425
0.00528900185951
0.00516069226559
0.00504984547788
0.00495250427506
0.00486125479713
0.00477798597458
0.00469541068886
0.00461903795456
0.00454448114769
0.0044769068363
0.00441714276858
0.00435823224239
0.00430078097407
0.0042435378917
0.00418544813868
0.00412652089303
0.00407246639156
0.00402357061885
0.0039742520599
0.00392512589884
0.00388042604693
0.00383723896389
0.00379731417123
0.00376130676164
0.0037275287263
0.00369379831229
0.00365729413954
0.00361635784249
0.00357500774249
0.00353942637053
0.00350742584417
0.00348044116245
0.00345732341778
0.00343714448887
0.00341927690752
0.00340309128763
0.00338509080007
0.00336798241054
0.00335235551332
0.00333782258981
0.00332270649766
0.00330720010039
0.00329291581541
0.00327794884
0.00326208555681
0.00324397788672
0.0032204535798
0.00319815749261
0.00317841208447
0.00316089217543
0.00314534642534
0.00313042807293
0.00311703822239
0.00310509209236
0.00309446071983
0.00308501032366
0.00307633100521
0.00306826564747
0.0030609985852
0.00305449512507
0.0030485217109
0.00304300537153
0.00303788854359
0.00303278331005
0.00302625818634
0.00302034977783
0.00301492299784
0.00300994006741
0.00300533348136
0.00300107303765
0.00299711852
0.00299159223633
0.00298582841767
0.00298047887071
0.00297561644532
0.00297123933215
0.00296730641457
0.00296370131197
0.0029603562462
0.00295723999021
0.00295432762892
0.00295104513111
0.0029472801963
0.00294387982546
0.00294076764108
0.00293786756959
0.00293515017977
0.00293259747936
0.00293019356323
0.00292791271168
0.00292573997233
0.00292366474624
0.00292167956009
0.00291978636051
0.00291797796873
0.00291623635211
0.00291456330498
0.00291294995693
0.00291140056058
0.00290989564587
0.00290842566678
0.0029069980985
0.00290561186372
0.00290410098813
0.00290160533818
0.00289933458501
0.00289720336961
0.00289517975318
0.00289323722083
0.00289137163373
0.00288957973976
0.00288791805069
0.00288634962896
0.00288481357378
0.00288330262889
0.00288181461569
0.00288034767868
0.00287890040817
0.00287747498833
0.0028760715071
0.00287468245723
0.0028733068789
0.00287194389004
0.00287059305223
0.00286925329432
0.00286792397545
0.00286660452296
0.00286529441542
0.00286399330581
0.00286270220242
0.00286141907854
0.0028601434105
0.00285887486119
0.00285761372594
0.00285636157669
0.0028551205813
0.00285389198157
0.00285267142439
0.00285145813456
0.00285025461004
0.00284905994028
0.00284787152788
0.00284669174413
0.00284552006689
0.00284435399155
0.00284319563221
0.00284194680285
0.00284050802596
0.00283910353262
0.00283772553787
0.00283613693036
0.00283451518736
0.00283293084946
0.00283137984701
0.00282985886036
0.00282836797583
0.00282690292828
0.00282545961509
0.00282403332094
0.00282261668401
0.0028212183177
0.00281982844244
0.00281844828357
0.00281708301382
0.00281573107219
0.00281439072424
0.00281306106262
0.00281174129202
0.00281043078687
0.00280912908292
0.00280783512721
0.00280654835252
0.00280526831628
0.00280399461062
0.00280272688099
0.0028014648019
0.00280020805837
0.0027989563805
0.00279770955731
0.00279646730848
0.00279522942831
0.00279399574655
0.00279276612145
0.0027915403652
0.00279031838235
0.00278910011167
0.00278788525384
0.00278667367552
0.00278546526511
0.00278425991581
0.00278305774434
0.00278185878766
0.00278066274865
0.00277946944862
0.00277827880584
0.00277709073168
0.00277590514982
0.00277472200631
0.00277354122812
0.00277236274596
0.00277118650029
0.00277001243773
0.00276884054205
0.00276766408862
0.00276648355162
0.00276530516526
0.00276412885482
0.0027629545367
0.0027617821243
0.00276061163119
0.00275944293833
0.00275827598172
0.00275712010364
0.00275596988625
0.00275482202763
0.00275367625346
0.00275253660699
0.00275139664223
0.00275026041939
0.00274912754174
0.00274799684985
0.00274686678645
0.0027457416732
0.00274461643172
0.00274349489978
0.00274237539707
0.00274125781991
0.00274014301435
0.00273903063114
0.00273791778872
0.00273680989843
0.00273570155185
0.00273459531211
0.0027334911325
0.00273238891188
0.00273128774077
0.00273018795701
0.00272909070544
0.00272799418881
0.0027268989089
0.00272580528115
0.00272471323932
0.00272362266727
0.00272253353761
0.00272144446343
0.00272035799724
0.00271927164432
0.00271818797849
0.00271710492545
0.00271602306067
0.00271494240232
0.00271386279617
0.00271278359023
0.0027117059778
0.00271062926355
0.00270955282504
0.00270847722877
0.00270740265364
0.00270638615503
0.00270542664461
0.00270447846035
0.00270353867401
0.00270260519524
0.00270167670358
0.00270075238741
0.00269983275451
0.00269891527513
0.00269799602642
0.00269706039096
0.00269612732717
0.00269519663484
0.00269426803478
0.00269334188337
0.0026924179985
0.00269149421728
0.00269057466856
0.00268965520045
0.00268873963344
0.00268782573909
0.00268691287221
0.0026860020407
0.00268509260974
0.00268418413465
0.00268327933982
0.00268237446571
0.00268147258011
0.00268057247343
0.00267967308337
0.00267877520464
0.0026778787901
0.00267698326164
0.0026760886274
0.00267519625158
0.00267430381101
0.00267341384701
0.00267252388308
0.00267163509685
0.00267074742801
0.00266986081017
0.00266897519093
0.00266809052385
0.00266720677899
0.00266632337636
0.00266544134548
0.00266455975643
0.00266367928231
0.00266279929086
0.00266192010774
0.00266104167778
0.00266016395937
0.00265928690394
0.00265841046991
0.00265753467141
0.00265665948791
0.00265578482267
0.00265491065441
0.0026540276269
0.00265312409513
0.00265222096411
0.00265131817007
0.00265041567754
0.00264951344543
0.00264861145872
0.00264770968081
0.00264680807747
0.0026459066236
0.00264500530194
0.00264410410034
0.00264320260372
0.00264230113468
0.00264139973423
0.00264049838837
0.00263959708285
0.00263869646542
0.00263779612513
0.00263689580499
0.0026359954731
0.00263509514124
0.00263419480627
0.00263329445881
0.0026323918857
0.0026310479062
0.00262974264326
0.00262857256655
0.00262741989051
0.0026262731456
0.00262513059298
0.00262399194962
0.00262285695718
0.00262172538172
0.00262059699983
0.00261947161496
0.0026183490813
0.00261722922455
0.00261611294207
0.00261499948254
0.00261388863722
0.00261278190773
0.00261167789206
0.00261057636648
0.00260947896813
0.00260838259454
0.00260729041887
0.00260620055706
0.00260511281601
0.00260402802669
0.0026029465216
0.00260186802444
0.00260079144983
0.00259971667196
0.00259864356728
0.00259757623575
0.00259650800426
0.00259544298096
0.00259438114747
0.00259332232185
0.00259226409504
0.00259120945387
0.00259015547341
0.00258867044369
0.00258713627279
0.00258564824608
0.00258419225735
0.00258276134734
0.00258134862086
0.00257995282116
0.00257857073683
0.00257719611605
0.00257582855222
0.0025744703658
0.00257312019626
0.00257177824073
0.00257044423466
0.00256913263055
0.00256726740537
0.00256542993604
0.00256362218922
0.00256184436559
0.0025600926773
0.00255836471688
0.00255665872863
0.00255497639884
0.00255278737544
0.00255047860943
0.00254823871674
0.00254606004027
0.00254393479619
0.00254185812833
0.00253982603891
0.00253783545568
0.00253588371079
0.00253396707142
0.00253208278913
0.00252944847243
0.00252687907168
0.00252442733291
0.00252190244191
0.00251926256545
0.0025167561961
0.00251436403192
0.00251207156548
0.00250987238583
0.00250776221314
0.00250572261611
0.00250374474573
0.00250152032984
0.00249938559316
0.00249733571319
0.00249536092471
0.00249345699242
0.00249162303521
0.00248984189513
0.0024881087293
0.00248641917339
0.00248476909185
0.00248315521514
0.00248157462742
0.00248003141195
0.00247851826655
0.00247703933859
0.00247558782476
0.00247415707822
0.00247274558893
0.00247135210112
0.00246997551321
0.00246861484863
0.00246726922478
0.00246593781473
0.00246461987852
0.00246331476086
0.00246202193819
0.00246074077433
0.00245947071267
0.00245821128985
0.00245696207948
0.00245572268817
0.00245449276056
0.00245327196939
0.00245206001453
0.00245085662125
0.00244966153513
0.002448474522
0.00244729544447
0.00244612409142
0.00244496020902
0.00244380362728
0.00244265418905
0.00244151175042
0.0024403752744
0.00243924527756
0.00243812197339
0.00243700523131
0.00243589506505
0.00243479126131
0.00243369370149
0.00243260229548
0.00243151696379
0.00243043763489
0.00242936434816
0.00242829692717
0.00242723527081
0.00242617932386
0.00242512901984
0.00242408429345
0.00242304512928
0.00242201143086
0.00242098315152
0.00241996022513
0.00241894260449
0.00241793022824
0.0024169230386
0.00241592098849
0.00241492402573
0.00241393210421
0.00241294518606
0.00241196321509
0.00241098614204
0.00241001392087
0.00240904650904
0.0024080838598
0.00240712592646
0.00240617267323
0.0024052240638
0.00240428005332
0.00240334061059
0.00240240571019
0.00240147527143
0.00240054929715
0.00239962775531
0.00239871058911
0.00239779773408
0.00239688912917
0.00239598476574
0.00239496321728
0.00239371570844
0.00239250087191
0.00239131577031
0.00239015336328
0.00238900990986
0.00238788259247
0.00238677042614
0.00238567380587
0.00238458918661
0.00238351587722
0.00238245319339
0.00238140074481
0.00238035790962
0.00237932419676
0.00237829933705
0.002377282946
0.0023762747356
0.00237527445336
0.00237428186844
0.00237329676431
0.00237231903752
0.0023713484082
0.00237038470814
0.00236942779622
0.00236847750631
0.00236753367432
0.00236659613573
0.00236566475343
0.00236473939378
0.00236381992958
0.00236290623812
0.00236199821865
0.00236109574712
0.00236019869871
0.00235930696598
0.0023584204422
0.00235753902172
0.00235666260413
0.00235579109075
0.00235492438892
0.00235406240806
0.00235320505323
0.00235235223328
0.00235150386115
0.00235065985231
0.00234982012527
0.00234898526059
0.0023481548999
0.00234732859469
0.0023465062673
0.0023456878434
0.002344873251
0.00234406242007
0.0023432553088
0.0023424518637
0.00234165198289
0.00234085560161
0.00234006265662
0.00233927308744
0.00233848683463
0.00233770384509
0.00233692407292
0.00233614745452
0.00233537393011
0.00233460345041
0.0023338359608
0.00233307141021
0.00233230975027
0.00233155093371
0.0023307949124
0.00233004164271
0.00232929108215
0.00232854319784
0.00232779793258
0.00232705524506
0.00232631509406
0.00232557743995
0.00232484224383
0.00232410946799
0.00232337907555
0.00232265103037
0.00232192529613
0.00232120183819
0.00232048062294
0.00231976161718
0.00231904478852
0.00231833017125
0.00231761771072
0.00231690748982
0.0023161995302
0.00231549360277
0.00231478967499
0.0023140877181
0.00231338776753
0.00231268973462
0.00231199362478
0.00231129938605
0.00231060699059
0.00230991641503
0.00230922763542
0.00230854062422
0.00230785536209
0.00230717184802
0.00230649004093
0.00230580991985
0.00230513147893
0.00230445468413
0.00230377950513
0.00230310592376
0.00230238656091
0.00230159476111
0.00230093778536
0.00230028302974
0.00229962881832
0.00229897537825
0.00229832336564
0.00229767280816
0.00229702456685
0.00229637790645
0.00229573261349
0.00229508867405
0.002294446066
0.00229380476682
0.00229316476103
0.0022925260336
0.00229188859503
0.00229125249496
0.00229061769411
0.00228998411761
0.00228935175223
0.00228872058562
0.00228809061823
0.00228734072269
0.0022862309712
0.0022852463318
0.002284325001
0.00228344264344
0.0022825929889
0.00228176830297
0.00228096368069
0.0022801759454
0.00227940276982
0.00227864241962
0.00227789326743
0.0022771540998
0.0022764239168
0.00227570189933
0.00227498733281
0.0022742798256
0.00227357862919
0.00227288327556
0.00227219353387
0.00227150886384
0.00227082897408
0.0022701536113
0.00226948254865
0.00226881558185
0.0022681525272
0.00226749322318
0.00226683750924
0.00226618523943
0.00226553628429
0.00226489052122
0.00226424783173
0.00226360810776
0.00226297124888
0.00226233716285
0.00226170575428
0.00226107693753
0.00226045063106
0.00225982675748
0.00225920524299
0.00225858601782
0.00225796901625
0.00225735417148
0.00225674142187
0.00225613070998
0.0022555219782
0.00225491517201
0.00225431024369
0.0022537072226
0.00225310606476
0.00225250664888
0.00225190892611
0.00225131285303
0.00225071838785
0.00225012549042
0.00224953412208
0.002248944246
0.00224835582677
0.00224776883272
0.00224718322719
0.00224659898212
0.00224601606598
0.00224543444616
0.00224485409611
0.0022442749918
0.00224369709988
0.00224312039478
0.00224254485891
0.002241970461
0.00224139717534
0.00224082497883
0.00224025384913
0.00223968376471
0.0022391147044
0.00223854664797
0.00223797957585
0.00223741347696
0.00223684835503
0.00223628416564
0.0022357208874
0.00223515850702
0.00223459705136
0.00223403646777
0.00223347673049
0.00223291782716
0.00223235981384
0.00223180261739
0.00223124632585
0.00223069092516
0.00223013631031
0.00222958248647
0.0022290294132
0.00222847712424
0.00222792557024
0.00222737475536
0.00222682464338
0.00222627523814
0.00222572652253
0.00222517849208
0.00222463051417
0.00222408188517
0.00222353393045
0.00222298661753
0.00222243993538
0.00222189386385
0.00222134840567
0.00222080353507
0.00222025923858
0.00221971550832
0.00221917233012
0.00221862969295
0.0022180875866
0.00221754600313
0.00221700493403
0.00221646437013
0.0022159243007
0.00221538473091
0.00221484565697
0.00221430705133
0.00221376890649
0.00221323121652
0.00221269397381
0.00221215716755
0.00221162081146
0.00221108490459
0.00221054941994
0.0022100143465
0.00220947967117
0.00220894540397
0.00220841174706
0.00220787850905
0.00220734567956
0.00220681327139
0.00220628124922
0.00220574960064
0.0022052183347
0.00220468744847
0.00220415691687
0.00220362672407
0.00220309686214
0.0022024161095
0.002201563269
0.00220073936892
0.00219993842461
0.0021991564146
0.00219839052386
0.00219763876934
0.00219689963109
0.00219617165387
0.00219545382532
0.00219474515204
0.00219404494654
0.00219335212643
0.00219266609165
0.002191986206
0.00219113600193
0.00219024852599
0.00218938996673
0.00218855583822
0.00218740293348
0.00218642295987
0.00218553526727
0.00218466757312
0.00218382276868
0.00218299485856
0.00218218118375
0.00218138162828
0.00218059475103
0.00217981874992
0.002179052792
0.00217829613968
0.00217754805286
0.00217680811285
0.00217607555362
0.00217534971099
0.00217463045293
0.00217391961081
0.00217321442774
0.00217251403533
0.00217181815759
0.00217112656118
0.00217043900347
0.0021697551938
0.00216907492253
0.00216839799491
0.00216772465786
0.0021670545798
0.00216638801857
0.00216572497912
0.00216506434399
0.00216440600359
0.00216374986842
0.00216309580223
0.00216244369993
0.00216179347263
0.00216114503633
0.00216049831194
0.0021598532252
0.00215920975309
0.00215856780075
0.00215792727823
0.00215728812155
0.00215665027596
0.00215601373012
0.00215537839313
0.00215474422558
0.00215411119767
0.00215347923617
0.00215284829726
0.00215221834107
0.00215158932938
0.00215096123334
0.00215033401287
0.0021497076341
0.00214908206658
0.0021484572755
0.0021478332307
0.00214720990725
0.00214658728773
0.00214596533674
0.00214534402396
0.00214472332413
0.00214410321331
0.00214348366949
0.00214286467047
0.00214224619369
0.00214162821789
0.00214101072342
0.00214039369133
0.00213977710133
0.0021391609349
0.00213854517482
0.00213792980363
0.00213731482301
0.002136700232
0.00213608600029
0.00213547209711
0.00213485850657
0.00213424530987
0.0021336324521
0.00213301991287
0.00213240766412
0.00213179565727
0.00213118388066
0.00213057232435
0.00212996097806
0.00212934982403
0.00212873884948
0.00212812804251
0.00212751740475
0.00212690691715
0.00212629656283
0.00212568633854
0.00212507624049
0.0021244662441
0.00212385633938
0.00212324651745
0.002122636768
0.0021220270848
0.00212141746144
0.0021208079308
0.00212019847597
0.00211958904875
0.00211897964057
0.00211837095846
0.00211776245552
0.00211715398676
0.00211654559941
0.00211593737687
0.00211532934747
0.00211472130786
0.00211411325894
0.00211350516909
0.00211289703049
0.00211228883538
0.00211168057942
0.00211107225383
0.00211046385088
0.00210985539468
0.00210924692654
0.00210863836771
0.0021080297038
0.00210742092853
0.0021068120496
0.00210620305408
0.00210559393499
0.00210498468206
0.00210437530501
0.00210376579785
0.0021031561747
0.00210254641663
0.00210193668093
0.00210133232711
0.00210072563462
0.00210012161949
0.00209951777545
0.00209891172445
0.00209830694595
0.0020977034196
0.00209710050391
0.00209649722472
0.00209589272796
0.00209528800283
0.00209468694067
0.00209408176921
0.00209347988718
0.00209287472275
0.00209227300932
0.002091670122
0.00209106461737
0.00209046188772
0.00208985919185
0.00208925622924
0.00208865292707
0.00208804929521
0.00208744733182
0.00208684642894
0.00208624185174
0.00208563690623
0.00208503725312
0.00208443146893
0.00208383081853
0.00208322455901
0.0020826235312
0.00208201923823
0.00208141420518
0.00208081220439
0.00208020981948
0.00207960699887
0.00207900292874
0.00207839890216
0.00207779526905
0.00207719155286
0.00207658650238
0.00207598099016
0.00207537491922
0.00207477255191
0.0020741686497
