0.108353624207
0.0475855418798
0.0473249361276
0.0472666734296
0.0472421902764
0.047228717956
0.0472200035026
0.0472136809257
0.0472086636172
0.0472044977599
0.0472009032161
0.047197273079
0.0471934797129
0.0471893921536
0.0471848444177
0.0471796167565
0.047173401519
0.0471657467475
0.0471559823045
0.0471431514913
0.0471260859695
0.0471040212523
0.0470780987017
0.0470522070972
0.0470302225465
0.04701320646
0.0470001441949
0.0469896547298
0.0469806193706
0.0469721717992
0.046963518394
0.0469536659669
0.0469408951309
0.0469214647322
0.0468873943646
0.04683443144
0.0467736031904
0.0466616445322
0.0464129551125
0.0462290035656
0.0460327259124
0.0458126942701
0.0454450012883
0.044853875113
0.0435437959172
0.0425502301198
0.0417668432276
0.0407635104845
0.0397892051789
0.038654043308
0.0376338971524
0.0361734217515
0.0350690351415
0.033820946101
0.0328796585016
0.0323384158359
0.0316625318949
0.0302307377157
0.0291501625833
0.0284053653697
0.0277744149139
0.0272482122022
0.0266566254989
0.0252055189177
0.0243809021907
0.0240084671549
0.0237810083188
0.0236042877852
0.0234304800092
0.023205545676
0.0227582454806
0.0224504036073
0.0222915348446
0.0221667636422
0.0220564644709
0.021944905258
0.0218094343053
0.021603350414
0.0213728549083
0.0212258385724
0.0211122756137
0.0210173726575
0.0209363948454
0.0208663938371
0.0208053042928
0.020751166157
0.0207017539422
0.0206534655527
0.020598533949
0.0205159037419
0.0203670540802
0.0201689239738
0.0200299865451
0.0199425634353
0.0198786134661
0.0198267330991
0.0197808715783
0.0197359231161
0.019685908198
0.0196234584262
0.0195463309477
0.0194637332914
0.0193776462656
0.0192788589498
0.0191583922904
0.0190203116818
0.0188618531117
0.0186538569185
0.0184570784167
0.0183174921955
0.0182074970185
0.0181122649052
0.0180234779121
0.0179360105107
0.0178471650834
0.0177540021627
0.0176499103006
0.0175297598865
0.0174043412072
0.0172891577424
0.0171882002773
0.0170997866935
0.0170214944038
0.0169508327064
0.0168854472568
0.0168234030399
0.0167635967201
0.0167061050555
0.0166518602286
0.0166015579394
0.0165548105602
0.0165101937451
0.016465712999
0.0164193508768
0.0163700161251
0.0163185250669
0.0162668554236
0.0162160953163
0.0161656230932
0.0161130157467
0.0160531202679
0.0159759051265
0.0158689062666
0.0157426914458
0.0156279706428
0.0155296398557
0.0154425319304
0.0153632947391
0.0152903165293
0.0152226254466
0.0151594010802
0.0150998326277
0.0150431038368
0.0149883932813
0.0149348822779
0.0148817761833
0.0148283236692
0.0147738632789
0.0147178935662
0.0146601931316
0.0146009717501
0.0145411502072
0.0144825338735
0.0144274762078
0.0143779037105
0.0143345638777
0.0142971904088
0.0142650315197
0.0142372252028
0.0142129664854
0.014191600961
0.0141725580328
0.0141553646854
0.0141396322497
0.0141250380758
0.0141113102982
0.0140982131411
0.0140855361936
0.0140730831871
0.0140606624045
0.0140480739814
0.0140350996685
0.0140214887291
0.0140069400682
0.0139910790605
0.0139734247413
0.013953339135
0.0139299431336
0.0139019755171
0.0138675800928
0.0138241000296
0.0137683755186
0.0136990307366
0.0136217092842
0.0135489284771
0.0134874565933
0.0134350511166
0.0133876126785
0.0133422093826
0.0132973019092
0.0132526550163
0.0132088918934
0.0131666877169
0.0131263122928
0.0130877121635
0.0130507067158
0.0130150911969
0.0129806757396
0.0129473033455
0.0129148257092
0.0128831507127
0.0128522183137
0.0128219984681
0.0127924868475
0.0127636907006
0.0127356191143
0.0127082743859
0.0126816410078
0.0126556809909
0.0126303357502
0.0126055263986
0.0125811616107
0.0125571341045
0.0125333402613
0.0125096814882
0.0124860758044
0.0124624692624
0.0124388406096
0.0124152021182
0.0123915940158
0.0123680764737
0.0123447145509
0.012321566774
0.0122986803655
0.0122760903567
0.0122538316884
0.0122319514871
0.0122105213061
0.0121896448548
0.0121694461963
0.0121500580365
0.0121315980807
0.0121141517119
0.0120977503398
0.0120823812443
0.0120679952556
0.0120545173436
0.0120418571721
0.0120299185405
0.0120185995039
0.0120078002117
0.011997417359
0.0119873494354
0.0119774906186
0.0119677321476
0.0119579557354
0.0119480279913
0.0119377939419
0.0119270674644
0.0119156181791
0.0119031536306
0.0118892943992
0.0118735526583
0.0118553210057
0.0118339172878
0.0118087824995
0.0117799145166
0.0117483626255
0.0117161339328
0.0116851919579
0.0116565770808
0.0116304522406
0.0116065529602
0.0115844828335
0.0115638202798
0.0115441390166
0.0115249971167
0.0115059006755
0.0114862494124
0.0114652506664
0.0114417778249
0.0114141994044
0.0113802698397
0.0113373459905
0.0112833547574
0.0112183557491
0.0111471011856
0.0110766522626
0.0110098786743
0.0109456014177
0.0108812483608
0.0108144769558
0.0107429875984
0.0106640810448
0.0105754659948
0.0104785356423
0.0103787461176
0.0102785092469
0.0101770410694
0.0100747118714
0.00997204950252
0.00987149088353
0.00978196880307
0.00971015633754
0.00965415222842
0.00960912911116
0.0095709899286
0.0095368298234
0.00950444862111
0.00947192410407
0.00943745308694
0.00940000863431
0.00936122427037
0.0093254820505
0.00929581421704
0.00927181574095
0.00925184702753
0.00923449944636
0.00921857771309
0.00920359248954
0.00918905016609
0.0091745509253
0.00915972238402
0.00914415646584
0.00912737569491
0.0091087276751
0.0090872860068
0.00906171452628
0.00903017446855
0.00899069142478
0.00894261439105
0.0088882162201
0.0088316675852
0.00877523355345
0.0087183049905
0.00865913003736
0.00859594396607
0.00852790613502
0.00845583818997
0.00838149573555
0.00830635028777
0.00823226715084
0.0081630313489
0.00810203606845
0.00804887174915
0.00800032975382
0.0079527646144
0.00790297722944
0.00784826669476
0.00778655192167
0.00771671100259
0.00763909204414
0.00755686537643
0.00747373131812
0.00739230011684
0.00731317820107
0.0072356607488
0.00715894422374
0.00708309968674
0.0070092602046
0.00693867671699
0.00687184203306
0.00680846671363
0.00674756167082
0.00668892370589
0.0066330183432
0.006579747007
0.00652810996994
0.00647388724606
0.00642142810954
0.00636902746927
0.0063151791726
0.00625926183524
0.00620172334628
0.00614403352125
0.0060879848757
0.00603474685207
0.00598445843917
0.00593644083249
0.00588965155663
0.00584304917404
0.00579518764601
0.00574582852896
0.00569488118198
0.00564209008347
0.00558700023592
0.0055288464314
0.00546672445279
0.00540012500835
0.0053297526093
0.0052580852015
0.00518876742442
0.00512480526377
0.00506737676478
0.00501618957665
0.00496998375403
0.00492655521535
0.00488550390401
0.00484600648988
0.00480750905473
0.00476979529864
0.0047329273869
0.00469715195275
0.00466267931477
0.00462951729831
0.00459742812053
0.00456626016593
0.00453570054056
0.00450543581833
0.00447516629125
0.00444461114761
0.0044135139005
0.00438166354055
0.00434891883914
0.00431502647628
0.00428004275807
0.00424431745822
0.00420813103917
0.00417180575431
0.00413559890817
0.00409934997207
0.00406382025546
0.00402933114506
0.00399623662255
0.00396488871938
0.00393537700497
0.00390799053422
0.00388280698659
0.00385974403198
0.00383862033328
0.00381920408821
0.00380126632781
0.00378458333563
0.00376894515848
0.00375416090169
0.00374005691072
0.00372647396637
0.00371326117794
0.00370027256214
0.00368736322019
0.00367438469018
0.0036611809997
0.00364758530563
0.00363341774406
0.00361848561742
0.00360258772632
0.00358552535263
0.00356711641555
0.00354724034391
0.0035258718212
0.00350311466588
0.0034792245633
0.00345459087709
0.00342965919825
0.00340483716593
0.00338055435847
0.00335706109579
0.00333448359597
0.00331280337527
0.00329020606805
0.00326889544088
0.00324868518551
0.00322941421633
0.00321093810157
0.00319315362922
0.00317599052191
0.00315940551864
0.00314335877206
0.00312782056368
0.00311276950402
0.00309818842892
0.00308406243961
0.00307037770669
0.00305712019979
0.00304427500946
0.00303182645541
0.00301975599783
0.00300804358122
0.00299666698913
0.00298560163834
0.00297482109874
0.00296429583044
0.0029539945781
0.00294388408166
0.00293392923185
0.00292409256123
0.00291433481379
0.00290461474487
0.00289488892313
0.00288511105104
0.00287523301005
0.00286520353601
0.00285496919587
0.00284447425218
0.0028336608845
0.0028224712618
0.00281084927343
0.00279867969478
0.00278594742579
0.00276942684053
0.00275203556426
0.00273315346426
0.00271251113947
0.00269110668158
0.00266954369208
0.00264801114065
0.00262593827814
0.00259857852325
0.00257122154191
0.00254413231429
0.00251744296698
0.00249125139195
0.00246565416752
0.00244075612312
0.00241666888468
0.00239350277798
0.00237135485497
0.00235030550563
0.00233042171161
0.00231175057353
0.00229431929942
0.00227814751173
0.00226323253195
0.00224954792093
0.00223705542876
0.00222568348123
0.00221535727197
0.00220599519831
0.00219751320524
0.00218982521362
0.00218262501143
0.00217602001584
0.00216998573595
0.00216445370344
0.0021593666039
0.00215467208797
0.00215032251361
0.00214627720874
0.00214250100466
0.00213896509982
0.00213564296119
0.00213251203425
0.00212955294075
0.00212674794136
0.00212408224677
0.00212154288992
0.00211911879217
0.00211680031331
0.00211457816564
0.00211244494658
0.00211039364617
0.0021084178971
0.00210651237137
0.00210467199157
0.0021028923874
0.00210116999306
0.00209950066773
0.00209788111904
0.00209630848546
0.00209477993973
0.00209329320053
0.00209184589404
0.00209043592194
0.00208906137432
0.00208772038004
0.00208641134177
0.00208513259207
0.00208388274577
0.0020826605011
0.00208146455907
0.00208029386181
0.00207914739786
0.0020780243143
0.00207692357245
0.00207584416388
0.00207478523602
0.0020737460072
0.00207272579314
0.00207172397073
0.00207073983762
0.00206977292955
0.00206882264536
0.00206788834041
0.00206696951191
0.00206606564804
0.0020651762435
0.00206430087756
0.00206343912095
0.00206259071137
0.0020617551629
0.0020609320834
0.00206012115196
0.00205932205388
0.00205853449811
0.00205775825706
0.00205699286188
0.00205623802434
0.00205549348789
0.00205475898785
0.00205403426633
0.00205331911322
0.00205261331209
0.00205191663103
0.00205122885931
0.0020505497961
0.00204987926153
0.00204921702033
0.00204856291902
0.00204791680337
0.00204727841814
0.0020466475938
0.00204602421204
0.00204528294669
0.00204410204484
0.0020429759035
0.00204189120764
0.00204083995341
0.00203981706209
0.0020388191689
0.00203784392107
0.00203688944371
0.00203595435784
0.00203503751334
0.00203413804326
0.00203325508177
0.002032387946
0.00203153602704
0.00203069871846
0.00202987549233
0.00202906588215
0.00202826950447
0.00202748664327
0.00202671683483
0.00202595897881
0.00202521267885
0.00202447754276
0.00202375329629
0.00202303964152
0.00202233624616
0.00202164284284
0.00202095915467
0.00202028494829
0.00201961992916
0.00201896389759
0.00201831664199
0.00201767795918
0.00201704756977
0.00201642527959
0.00201581089604
0.0020152042224
0.0020146050771
0.00201401330656
0.00201342876037
0.00201285125797
0.00201228066266
0.0020117168145
0.00201115955268
0.00201060786498
0.0020100606666
0.00200951970731
0.00200898484466
0.00200845596555
0.00200793296043
0.00200741571243
0.00200690409869
0.00200639799401
0.00200589730889
0.00200540193779
0.00200491177866
0.00200442672904
0.00200394672265
0.0020034716907
0.00200300150138
0.00200253607874
0.00200207534639
0.00200161921489
0.00200116760462
0.00200072045145
0.00200027769182
0.00199983926148
0.00199940507727
0.00199897506701
0.00199854916571
0.00199812730904
0.0019977094696
0.00199729556068
0.00199688552315
0.00199647930225
0.00199607684254
0.0019956780912
0.00199528300861
0.00199489154767
0.00199450366796
0.00199411932801
0.00199373846451
0.00199336103926
0.00199298699609
0.00199261629673
0.00199224890454
0.00199188476819
0.0019915238526
0.00199116613048
0.00199081155555
0.00199046008656
0.00199011169054
0.00198976634181
0.00198942399969
0.00198908463266
0.00198874820789
0.00198841470002
0.00198808407881
0.00198775630428
0.00198743135802
0.00198710920784
0.00198678982155
0.00198647319378
0.00198615927719
0.00198584804288
0.00198553946853
0.00198523352843
0.00198493020958
0.00198462947164
0.00198433129449
0.00198403565593
0.00198374252874
0.00198345189596
0.00198316372989
0.00198287801482
0.00198259473227
0.00198231385373
0.00198203536355
0.00198175924105
0.00198148546152
0.00198121400906
0.001980944869
0.00198067801347
0.00198041343562
0.00198015111384
0.00197989102124
0.00197963314802
0.0019793774682
0.00197912396483
0.00197887262605
0.00197862342716
0.00197837635645
0.00197813139831
0.00197788853104
0.00197764774161
0.00197740900917
0.0019771723155
0.0019769376521
0.00197670499549
0.00197647432853
0.00197624564039
0.00197601891209
0.00197579412812
0.00197557127387
0.00197535033326
0.00197513129588
0.0019749141401
0.00197469885097
0.00197448541751
0.00197427382267
0.00197406405559
0.00197385610344
0.00197364995063
0.00197344558932
0.0019732429955
0.00197304215795
0.00197284305602
0.00197264567488
0.00197245000308
0.00197225602853
0.00197206373738
0.00197187312024
0.00197168415734
0.00197149683147
0.00197131112876
0.00197112703641
0.00197094454357
0.00197076363363
0.00197058429306
0.00197040650877
0.00197023026994
0.00197005555994
0.00196988236596
0.00196971068061
0.00196954048685
0.00196937177001
0.00196920451691
0.00196903871427
0.00196887434957
0.00196871141142
0.00196854988859
0.00196838976947
0.00196823103751
0.00196807368234
0.00196791768933
0.00196776304608
0.00196760974031
0.00196745775889
0.00196730709063
0.00196715772733
0.00196700604261
0.00196685077406
0.00196669694559
0.00196654452042
0.00196639346298
0.00196624375116
0.00196609536764
0.00196594829675
0.00196580252342
0.00196565803242
0.00196551481386
0.00196537285113
0.0019652321332
0.00196509264661
0.0019649543787
0.00196481731697
0.00196468144905
0.00196454676495
0.00196441325802
0.0019642809095
0.0019641497106
0.00196401964709
0.00196389070661
0.00196376287946
0.00196363615354
0.0019635105207
0.00196338596749
0.00196326248474
0.00196314006054
0.00196301868282
0.0019628983414
0.00196277902376
0.00196266071824
0.00196254341555
0.00196242710377
0.0019623117732
0.00196219741286
0.00196208401256
0.00196197156185
0.00196186005061
0.0019617494689
0.00196163981022
0.00196153106125
0.0019614232128
0.00196131625677
0.00196121018308
0.00196110498053
0.00196100064058
0.00196089715496
0.00196079451342
0.00196069271013
0.00196059173401
0.001960491575
0.00196039222327
0.00196029367013
0.00196019590656
0.00196009892486
0.00196000271656
0.0019599072729
0.00195981258498
0.00195971864424
0.00195962544248
0.00195953297161
0.00195944122367
0.00195935019087
0.00195925986657
0.00195917024357
0.00195908131427
0.00195899307119
0.00195890550509
0.00195881860799
0.00195873237235
0.00195864679086
0.00195856185741
0.00195847756647
0.00195839390995
0.00195831087914
0.00195822846714
0.00195814666714
0.00195806547263
0.00195798487702
0.00195790487339
0.00195782545522
0.00195774661608
0.00195766834958
0.00195759064945
0.00195751350946
0.00195743692346
0.0019573608859
0.00195728539323
0.00195721043749
0.00195713601219
0.00195706211192
0.00195698873077
0.00195691586294
0.00195684350337
0.00195677164615
0.00195670028519
0.00195662941504
0.00195655903041
0.00195648912599
0.00195641969654
0.0019563507374
0.00195628224341
0.00195621420954
0.00195614663041
0.00195607950115
0.00195601281691
0.00195594657291
0.00195588076448
0.00195581538693
0.00195575043605
0.00195568590759
0.00195562179884
0.0019555581037
0.00195549481695
0.0019554319352
0.00195536945338
0.00195530736705
0.00195524567203
0.00195518436422
0.00195512343954
0.00195506289408
0.00195500272427
0.00195494292568
0.00195488349446
0.00195482442678
0.00195476571887
0.00195470736701
0.00195464936752
0.00195459171676
0.00195453441114
0.00195447744713
0.00195442082156
0.00195436453067
0.001954308571
0.00195425293919
0.00195419763205
0.00195414264642
0.00195408797877
0.00195403362631
0.00195397958558
0.00195392585434
0.0019538724299
0.00195381930778
0.00195376648495
0.00195371395845
0.00195366172585
0.00195360978394
0.00195355812964
0.00195350676012
0.00195345567258
0.00195340486427
0.00195335433245
0.00195330407449
0.00195325408798
0.00195320436997
0.00195315491825
0.00195310573008
0.00195305680272
0.00195300813366
0.00195295972045
0.00195291156073
0.00195286365206
0.00195281599202
0.00195276857829
0.0019527214086
0.00195267448078
0.00195262779231
0.00195258134094
0.00195253512446
0.00195248914086
0.00195244338833
0.00195239786419
0.00195235256642
0.00195230749293
0.00195226264274
0.00195221801263
0.001952173601
0.00195212940554
0.00195208542419
0.001952041655
0.00195199809652
0.00195195474702
0.00195191160398
0.00195186866577
0.00195182593047
0.00195178339613
0.00195174106096
0.0019516989232
0.00195165698139
0.00195161523388
0.00195157367859
0.00195153231382
0.00195149113796
0.00195145014934
0.00195140934629
