0.0476169386144
0.0476169090447
0.0476168783107
0.0476168463355
0.0476168130355
0.0476167783188
0.0476167420849
0.0476167042229
0.0476166646108
0.0476166231136
0.0476165795817
0.0476165338489
0.0476164857297
0.0476164350167
0.0476163814772
0.0476163248491
0.0476162648358
0.0476162011008
0.0476161332604
0.0476160608752
0.0476159834391
0.0476159003665
0.0476158109761
0.0476157144695
0.0476156099059
0.0476154961679
0.0476153719179
0.0476152355411
0.0476150850694
0.047614918079
0.04761473155
0.047614521671
0.0476142835624
0.0476140108742
0.0476136951894
0.047613325114
0.0476128848447
0.0476123518334
0.0476116928196
0.0476108567558
0.0476097614583
0.0476082666695
0.0476061152442
0.0476027928505
0.0475971651882
0.0475865668476
0.0475661225883
0.0475389364652
0.0475212818064
0.0475122622553
0.0475063442615
0.047500991096
0.0474943596962
0.0474822497262
0.0474311787758
0.0465641491315
0.0452039786828
0.0395495065109
0.0174093554235
0.0101880744318
0.00978688143873
0.00945220304653
0.0090001868327
0.00863870804714
0.00830189779219
0.007987749091
0.00772306104303
0.00748290368765
0.00722330888149
0.00694115749266
0.00666075415721
0.00636656072713
0.00610358441896
0.00588920469276
0.00571693484429
0.0055809533787
0.00547306231823
0.00538648952181
0.00531583160844
0.00525682476123
0.00520593914234
0.00515977110687
0.00511570614122
0.00507042834262
0.00502008947232
0.00496159703292
0.00489668789004
0.00483307149116
0.00477617169278
0.00472289835821
0.00467701364471
0.00463889981876
0.00460701788466
0.00457994971679
0.00455653235833
0.00453585143023
0.00451720552813
0.0045000606797
0.00448403019183
0.00446885735004
0.00445440242749
0.00444062188764
0.0044275385669
0.00441520485062
0.00440366905398
0.00439295532765
0.00438305861288
0.00437394751296
0.00436557248427
0.00435787093254
0.00435077688352
0.00434422428716
0.00433814952587
0.0043324932332
0.00432720118596
0.00432222461943
0.00431752015601
0.00431304975313
0.00430878014355
0.00430468245388
0.00430073156143
0.00429690573444
0.00429318610821
0.00428955624353
0.00428600172896
0.00428250982386
0.00427906913973
0.00427566935714
0.00427230097689
0.00426895508289
0.00426562310954
0.00426229666893
0.00425896734073
0.00425562646755
0.00425226485419
0.0042488728312
0.00424543964098
0.00424195327634
0.0042384001039
0.00423476431764
0.00423102739716
0.0042271672655
0.00422315732273
0.00421896507551
0.00421455030155
0.00420986263527
0.00420483831322
0.004199395791
0.00419342982794
0.0041868041959
0.0041793434062
0.00417082482983
0.00416097825895
0.00414950626771
0.0041361507249
0.0041208327221
0.00410384992305
0.00408599838456
0.00406510833184
0.00404540338291
0.00402845020504
0.00401425718876
0.00400235152735
0.00399220805925
0.00398339301099
0.00397383492969
0.00396377933464
0.00395454553235
0.00394582478207
0.00393741302491
0.00392917062294
0.00392099843837
0.00391282404911
0.00390459292042
0.00389626411935
0.00388780751411
0.0038792026392
0.00387043827727
0.003861512132
0.00385243274833
0.00384321888924
0.00383389998571
0.00382451619458
0.00381511717396
0.00380576133556
0.00379651226707
0.00378743619664
0.00377859765598
0.00377005611513
0.00376186389106
0.0037540627659
0.00374668272202
0.00373974164121
0.00373324636374
0.00372719358698
0.00372157154247
0.00371636222258
0.00371154259745
0.00370708692595
0.0037029678815
0.00369915762975
0.00369562887181
0.0036923553534
0.00368931232485
0.00368647672506
0.00368382741203
0.00368134521853
0.00367901265983
0.00367681397736
0.00367473503642
0.00367276323008
0.00367088728231
0.00366909714846
0.00366738389322
0.00366573955325
0.00366397316707
0.00366218002794
0.00366047597712
0.00365884937983
0.00365729041519
0.00365579083554
0.0036543435483
0.00365294239065
0.00365156781501
0.00365021975577
0.00364890698319
0.00364762516704
0.00364637043846
0.0036451393207
0.00364392866555
0.00364273558365
0.00364155742559
0.00364039171816
0.00363923614452
0.00363808850857
0.00363694671015
0.00363580873272
0.00363467255098
0.00363353618341
0.00363239764125
0.00363125130511
0.00363009175202
0.00362892470158
0.00362774776713
0.0036265584416
0.00362535406359
0.00362413178279
0.00362288852312
0.00362162113082
0.00362032574548
0.00361899833739
0.00361763445754
0.00361622918024
0.00361477704095
0.00361327197929
0.0036117072817
0.00361007553442
0.00360836859471
0.00360657759398
0.00360469300135
0.0036027046949
0.00360060221996
0.00359837512165
0.00359601344073
0.00359350771035
0.00359085147611
0.00358804109089
0.00358507650219
0.0035819623373
0.00357870835182
0.00357532946645
0.00357184511652
0.00356827806346
0.00356465276027
0.00356099364447
0.00355732364849
0.00355366309872
0.00355002918466
0.00354643580478
0.00354289397317
0.0035394123023
0.00353599757399
0.00353265526037
0.00352938994662
0.00352620560838
0.00352310576668
0.00352009353849
0.00351717161247
0.0035143421802
0.00351160685004
0.00350896656384
0.00350642151837
0.00350397124456
0.00350161441561
0.00349934903475
0.0034971724462
0.00349508143775
0.00349307232784
0.00349114111025
0.00348928355578
0.00348749532765
0.00348577208849
0.00348410959473
0.0034825037844
0.00348095071273
0.00347944677735
0.00347798868746
0.00347657347735
0.00347519852885
0.00347386156349
0.00347256061294
0.00347129399078
0.00347006032897
0.00346885852425
0.0034676876272
0.00346654684471
0.00346543559732
0.00346435328979
0.00346329942465
0.00346227351897
0.00346127511172
0.0034603037014
0.00345935875464
0.00345842303628
0.00345750320682
0.00345660803756
0.00345573690825
0.00345488912544
0.00345406410593
0.00345324413552
0.00345152183262
0.00344992835104
0.00344842259762
0.00344698033093
0.00344558655032
0.00344423214758
0.00344291141876
0.00344162098455
0.00344023158412
0.00343776854803
0.00343511616193
0.00343271048817
0.00343050172274
0.00342845380782
0.0034265400319
0.00342474108976
0.00342304180711
0.00342143003597
0.00341989590089
0.00341843131665
0.00341702964257
0.00341568486483
0.00341439178824
0.00341314592847
0.0034119433901
0.00341078060967
0.00340965421066
0.00340856131007
0.00340749927038
0.00340646594194
0.00340545906177
0.00340447667186
0.00340351691966
0.00340257797933
0.00340165861343
0.0034007575597
0.00339987347814
0.00339900523457
0.00339815191425
0.00339731248037
0.00339648606644
0.00339567175179
0.00339486874418
0.00339407631673
0.00339329389981
0.00339252078217
0.00339175627484
0.00339099981019
0.00339025091124
0.00338950895069
0.00338877339898
0.00338804375609
0.00338731953168
0.00338660024713
0.00338588543473
0.003385174667
0.00338446743538
0.00338376327168
0.00338306175053
0.00338236239107
0.00338166468196
0.00338096810402
0.00338027220133
0.00337957639045
0.00337888009521
0.00337818272514
0.00337748365625
0.00337678223028
0.0033760777356
0.00337536940834
0.00337465642476
0.00337393791149
0.00337321287426
0.00337248026716
0.00337173901171
0.00337098770895
0.00337022492734
0.00336944906971
0.00336865832968
0.00336785052309
0.00336702365527
0.00336617523128
0.00336530240787
0.00336440203435
0.00336347043392
0.00336250350385
0.00336149660128
0.00336044446465
0.00335934114702
0.00335817992777
0.00335695326144
0.00335565278448
0.00335426917425
0.00335279227219
0.00335121119708
0.00334951461312
0.00334769112083
0.00334572986611
0.00334362143153
0.00334135883637
0.00333893887129
0.0033363633304
0.00333364018417
0.00333078415908
0.00332781670015
0.00332476482639
0.00332165942895
0.00331853265546
0.00331541548726
0.00331233560201
0.00330931567765
0.0033063730892
0.00330351984419
0.0033007632057
0.0032981063018
0.00329554928354
0.00329309010951
0.00329072515687
0.00328845004502
0.00328625985
0.00328414908399
0.00328211260374
0.0032801451445
0.00327824181402
0.00327639760557
0.00327460807508
0.00327286908937
0.00327117682457
0.00326952774801
0.00326791864912
0.00326634641301
0.00326480814106
0.00326330126758
0.00326182334075
0.00326037225261
0.00325894575183
0.00325754193142
0.00325615911971
0.00325479561692
0.0032534499058
0.00325212060737
0.00325080646048
0.00324950631252
0.00324821920237
0.00324694412962
0.00324568018359
0.00324442659705
0.00324318267321
0.00324194785804
0.00324072161006
0.00323950348732
0.0032382930889
0.00323709002736
0.00323589410539
0.00323470502971
0.00323352262941
0.00323234678761
0.00323117744476
0.0032300145481
0.00322885808205
0.00322770806642
0.00322656455823
0.00322542758533
0.00322429721633
0.00322317352052
0.00322205657381
0.00322094645667
0.00321984324018
0.00321874699439
0.00321765778223
0.00321657568365
0.00321550073092
0.00321443294007
0.0032133723324
0.00321231891563
0.00321127268834
0.00321023363247
0.00320920171905
0.00320817690797
0.00320715914855
0.0032061483813
0.00320514453132
0.00320414751731
0.00320315724916
0.00320217362903
0.00320119655178
0.00320022590293
0.00319926156414
0.00319830340747
0.00319735132025
0.00319640515818
0.00319546477019
0.00319453000236
0.00319360070459
0.00319267671709
0.0031917578751
0.00319084401099
0.00318993495236
0.00318903052102
0.00318813053304
0.00318723479886
0.0031863431227
0.00318545881854
0.00318458119316
0.00318370694874
0.00318283586041
0.0031819676942
0.00318110220555
0.00318023914062
0.00317937823185
0.00317851919965
0.00317766175074
0.00317680557676
0.00317595035257
0.00317509573821
0.00317424136808
0.00317338685893
0.00317253179876
0.00317167575221
0.00317081825496
0.00316995881085
0.00316909688865
0.00316823191847
0.00316736328778
0.00316649033699
0.00316561235567
0.00316472857411
0.00316383815967
0.00316294020975
0.00316203374406
0.00316111769682
0.00316019090746
0.00315925210969
0.00315829992041
0.00315733282931
0.00315634918511
0.0031553166962
0.00315414543313
0.00315294084357
0.00315169804438
0.00315041209981
0.0031490777543
0.00314768928289
0.00314624040116
0.00314472421072
0.00314313317402
0.00314145912185
0.00313969330467
0.00313782652257
0.00313584927041
0.00313375207447
0.00313152592455
0.003129162863
0.00312665668576
0.00312400392394
0.00312120482035
0.0031182642876
0.00311519274656
0.00311200657595
0.0031087233983
0.00310536460522
0.00310196294005
0.00309855505649
0.00309517383727
0.00309184036257
0.00308857540816
0.00308540572319
0.00308234370107
0.00307939628541
0.00307656581493
0.00307385090208
0.0030712474512
0.00306874954187
0.00306635015791
0.00306404175129
0.00306181664735
0.00305966732308
0.00305758659745
0.00305556772414
0.0030536044508
0.00305169098879
0.00304982207199
0.00304799290491
0.0030461991376
0.0030444368151
0.00304270234537
0.00304099248069
0.0030393042787
0.00303763507143
0.00303598244478
0.00303434825743
0.00303275482889
0.00303117173943
0.0030295970318
0.00302802976155
0.00302646870106
0.00302491278401
0.00302336111118
0.00302181294451
0.00302026770441
0.00301872497091
0.00301718448184
0.00301564613115
0.00301410996627
0.00301257618426
0.00301104512695
0.00300951727234
0.00300799322659
0.00300647370881
0.00300495953745
0.00300345161656
0.00300195091914
0.00300045846737
0.00299897531333
0.00299750251948
0.00299604113959
0.0029945922012
0.0029931566892
0.00299173552677
0.0029903295659
0.00298893957801
0.00298756624291
0.00298621014507
0.00298487177021
0.00298355150403
0.00298224963585
0.00298096635188
0.00297970174762
0.00297845583151
0.00297722852933
0.00297601969107
0.00297482909757
0.00297365646695
0.00297250147291
0.00297136375751
0.00297024284718
0.00296913827434
0.00296804953164
0.00296697608376
0.00296591737064
0.00296487281033
0.00296384180065
0.00296282372051
0.00296181793311
0.00296082378628
0.00295984061287
0.00295886773074
0.00295790444396
0.00295695003603
0.0029560037736
0.00295506490406
0.00295413265179
0.00295320621249
0.00295228475032
0.00295136739549
0.00295045323771
0.00294954131916
0.00294863062708
0.00294772008505
0.00294680854261
0.00294589476976
0.00294497743137
0.00294405506609
0.00294312608647
0.00294218875912
0.00294124116638
0.00294028113514
0.00293930623278
0.0029383137366
0.00293730056149
0.00293626319121
0.00293519761342
0.0029340991655
0.00293296243885
0.00293178117717
0.00293054799362
0.00292925415218
0.00292788934741
0.00292644136067
0.00292489566944
0.00292323471971
0.00292143768141
0.00291947975739
0.00291733168783
0.00291495939907
0.0029123242206
0.00290938412068
0.00290609666178
0.0029024246299
0.00289834491801
0.00289386053388
0.00288901300892
0.00288388915235
0.0028786167039
0.00287334521505
0.00286821825171
0.00286334835318
0.00285880431443
0.00285461261265
0.00285076788233
0.00284724545884
0.00284401192514
0.0028410322078
0.00283827341057
0.00283570651298
0.00283330693978
0.00283105412495
0.00282893110718
0.00282692399566
0.00282502118327
0.00282321304554
0.00282149164208
0.00281984998238
0.00281828217694
0.00281678310886
0.00281534828417
0.00281397368333
0.00281265571075
0.00281139107084
0.00281017676206
0.00280901002137
0.00280788829047
0.0028068091734
0.00280577043895
0.00280477001786
0.00280380591614
0.00280287629212
0.00280197938598
0.00280111356573
0.0028002772778
0.00279946904597
0.00279868744782
0.00279793115724
0.00279719892139
0.00279648954817
0.00279580191136
0.0027951349462
0.00279448764045
0.00279385903409
0.00279324821751
0.0027926543287
0.00279207658722
0.00279151420836
0.00279096642865
0.0027904325474
0.00278991190931
0.00278940387915
0.00278890786475
0.00278842334073
0.00278794973183
0.00278748652683
0.00278703324469
0.00278658942931
0.00278615464813
0.00278572849084
0.00278531056835
0.00278490051139
0.00278449799928
0.0027841026867
0.00278371424066
0.00278333235974
0.00278295676042
0.00278258717362
0.00278222334448
0.00278186503106
0.00278151200264
0.00278116404069
0.002780820938
0.00278048249785
0.00278014853346
0.00277981886746
0.00277949333143
0.0027791717654
0.00277885401738
0.00277853994298
0.00277822940502
0.00277792227318
0.00277761842343
0.00277731773795
0.00277702010471
0.00277672541717
0.002776433574
0.00277614447877
0.00277585803975
0.00277557416969
0.00277529278538
0.00277501380764
0.00277473716109
0.0027744627739
0.0027741905776
0.00277392050696
0.00277365249976
0.00277338649668
0.0027731224411
0.00277286027901
0.00277259995884
0.00277234143134
0.00277208464949
0.00277182956833
0.00277157614491
0.00277132433829
0.00277107410901
0.00277082541946
0.00277057823363
0.00277033251707
0.00277008823677
0.00276984536109
0.00276960385965
0.00276936370334
0.00276912486425
0.00276888731556
0.00276865103154
0.00276841598745
0.00276818215951
0.00276794952486
0.00276771806151
0.00276748774829
0.00276725856482
0.0027670304915
0.00276680350935
0.00276657760017
0.00276635274642
0.00276612893102
0.00276590613754
0.00276568435014
0.00276546355347
0.00276524373274
0.0027650248736
0.00276480696217
0.00276458998502
0.00276437392913
0.00276415878189
0.00276394453107
0.00276373116479
0.00276351867155
0.00276330704016
0.00276309625976
0.00276288631982
0.00276267721022
0.00276246892117
0.0027622614426
0.00276205476505
0.00276184887931
0.00276164377641
0.00276143944761
0.00276123588437
0.00276103307839
0.00276083102157
0.00276062970597
0.00276042912385
0.00276022926765
0.00276003012998
0.00275983170363
0.00275963398153
0.00275943695679
0.00275924062264
0.00275904497252
0.00275885000009
0.00275865569881
0.00275846206248
0.002758269085
0.00275807676042
0.00275788508286
0.00275769404658
0.00275750364596
0.00275731386546
0.00275712470913
0.00275693617228
0.00275674824966
0.00275656093615
0.00275637422668
0.0027561881163
0.00275600260013
0.00275581767337
0.0027556333313
0.0027554495693
0.00275526638279
0.00275508376728
0.00275490171836
0.00275472023168
0.00275453930296
0.00275435892798
0.00275417910258
0.00275399982269
0.00275382108428
0.0027536428834
0.00275346521612
0.00275328808961
0.00275311148973
0.00275293541204
0.00275275985284
0.00275258480849
0.00275241027539
0.00275223625015
0.00275206272943
0.00275188970947
0.00275171718688
0.00275154515833
0.00275137362049
0.00275120257006
0.00275103200384
0.00275086191863
0.00275069231129
0.00275052317871
0.00275035451784
0.00275018632565
0.00275001859914
0.00274985133536
0.00274968453141
0.00274951818759
0.00274935230219
0.00274918686838
0.00274902188305
0.00274885734345
0.00274869324686
0.00274852959061
0.00274836637204
0.00274820358853
0.00274804123749
0.00274787931637
0.00274771782264
0.00274755675379
0.00274739610735
0.0027472358809
0.00274707607202
0.00274691667837
0.00274675769768
0.00274659912752
0.00274644096551
0.00274628320936
0.0027461258568
0.00274596890558
0.0027458123535
0.00274565619912
0.00274550043955
0.0027453450726
0.00274519009617
0.00274503550818
0.00274488130651
0.0027447274891
0.00274457405392
0.00274442099893
0.00274426832216
0.00274411602162
0.00274396409536
0.00274381254145
0.00274366135797
0.00274351054303
0.00274336009474
0.00274321001124
0.0027430602907
0.00274291093127
0.00274276193457
0.0027426133
0.00274246502114
0.00274231709625
0.00274216952358
0.00274202230142
0.00274187542805
0.00274172890178
0.00274158272095
0.00274143688389
0.00274129138897
0.00274114623457
0.00274100141908
0.00274085694089
0.00274071279842
0.00274056899011
0.00274042551438
0.00274028236971
