0.0446099814584
0.0445099814584
0.0442405305185
0.0437283968034
0.0433439361207
0.0431713028779
0.043024934751
0.0425774782845
0.0419829591623
0.0416772460383
0.0413377194326
0.00947690211688
0.00929316649295
0.00915446894768
0.00904739204586
0.00896211123491
0.00888955263592
0.0088260279357
0.0087709729443
0.00872103014697
0.00867472667359
0.00863071998965
0.00858848599071
0.00854792064001
0.00850854817606
0.00847131126145
0.00843565773726
0.00840074858749
0.00836547402899
0.00832885290579
0.00828967121241
0.00824907183005
0.0082084932161
0.00817138811876
0.00813927376094
0.0081119763776
0.00808871608026
0.0080684105235
0.00805019366074
0.00803338109868
0.00801790171882
0.00800433185475
0.00799092953258
0.00797745998263
0.00796376538671
0.00794975131983
0.00793543021083
0.00792090895635
0.00790634867712
0.0078918823213
0.00787763064783
0.00786366663206
0.00785019154927
0.00783777287162
0.00782604490194
0.00781472958991
0.00780375791074
0.00779305996496
0.00778255892017
0.0077721678581
0.00776179509404
0.00775135151031
0.00774074366602
0.00772991519787
0.00771940332541
0.00770860590832
0.00769762836793
0.00768655705718
0.00767553337081
0.00766474661052
0.00765439081373
0.00764460332865
0.00763544627972
0.00762692794247
0.00761901156076
0.00761163291245
0.00760471892323
0.00759819939781
0.00759199930341
0.00758604054486
0.00758030317334
0.00757472822369
0.00756934528027
0.0075639974712
0.00755161435337
0.00754008937713
0.00752877725533
0.00751757123497
0.00750650874231
0.00749567568924
0.00748516183451
0.00747498158778
0.00746501505056
0.00745527336592
0.00744563168875
0.00743590936591
0.00742585663555
0.00741511937986
0.00740319277697
0.00738935487994
0.00737262385517
0.00735193884068
0.0073266057703
0.00729876328931
0.00727191996226
0.00724831493633
0.00722817511147
0.00721132774438
0.007197210673
0.00718528557875
0.00717511778602
0.00716634795894
0.00715870148238
0.00715196748249
0.00714598702802
0.00714061335806
0.00713574093674
0.00713121682326
0.00712704965063
0.00712318236008
0.00711956963076
0.00711617342254
0.00711296275807
0.00710990933727
0.00710699118632
0.00710419073218
0.00710149021197
0.00709887680892
0.00709634031238
0.00709385420246
0.00709137420705
0.00708894301035
0.0070852101263
0.00708170117171
0.00707840755602
0.00707521278105
0.00707207359419
0.00706896782631
0.00706587886345
0.0070627894807
0.00705968669102
0.00705655380253
0.00705337295529
0.00705012631504
0.00704678941576
0.00704333930954
0.00703974695139
0.00703597918466
0.00703199091416
0.0070276948218
0.00702303740207
0.00701792621583
0.00701221710678
0.00700570911675
0.00699811219214
0.00698897991909
0.00697761899365
0.00696292967666
0.0069433196129
0.00691707635571
0.00688413454755
0.00684870263313
0.00681670296332
0.00679013373559
0.00676840643826
0.00675046481616
0.00673526828728
0.00672203855316
0.00671021423524
0.00669937618841
0.00668921407735
0.00667950292839
0.00667005682418
0.00666072148619
0.00665136524851
0.00664187262723
0.00663214368119
0.00662209065118
0.00661163534147
0.00660070847688
0.00658925046797
0.00657711721514
0.0065642774874
0.0065506761166
0.00653622606241
0.0065208515504
0.00650454176515
0.00648740297646
0.00646973769782
0.00645189370785
0.00643426068996
0.0064172118208
0.00640100455307
0.00638578258999
0.0063715158274
0.00635813438187
0.00634554265529
0.00633363641374
0.00632231975875
0.00631150735016
0.00630112860875
0.00629112642996
0.00628145381976
0.0062720710893
0.006262948963
0.00625397854522
0.00624522937043
0.00623668269575
0.00622832368925
0.00622013848359
0.00621211215848
0.00620423129087
0.00619648126926
0.0061888455609
0.00618130661359
0.00617384730202
0.00616644639486
0.00615908362701
0.00615173718793
0.0061443805533
0.00613698602
0.00612951499528
0.0061219389074
0.00611422552302
0.00610634036277
0.00609825270773
0.00608994056861
0.00608139561015
0.00607263071597
0.00606368500008
0.00605462325652
0.00604553039701
0.00603650086306
0.0060277198427
0.00601935201886
0.00601126736667
0.0060034936575
0.005996040793
0.00598890655425
0.0059820789175
0.00597491054847
0.00596800903273
0.00596137354574
0.00595497732166
0.0059487989517
0.00594281949681
0.00593702165129
0.00593138960411
0.00592590948491
0.00592056845613
0.0059153546608
0.00591025712201
0.00590526531832
0.00590036926718
0.00589555918832
0.00589082526792
0.00588615778889
0.00588154674061
0.0058769819596
0.00587245286108
0.00586794840122
0.00586345714074
0.00585899275383
0.00585451573723
0.00585001248809
0.0058454720769
0.00584088153936
0.00583622888099
0.00583150373153
0.00582669830758
0.00582180863816
0.0058168357754
0.00581178712212
0.00580667694827
0.00580152630289
0.00579636166852
0.00579121292129
0.00578611068674
0.00578108140011
0.00577614603557
0.00577131900217
0.00576657019561
0.00576192902291
0.00575739352168
0.00575294902148
0.00574857701812
0.00574425628648
0.00573996380103
0.00573567529952
0.00573136568383
0.00572710747454
0.0057228046566
0.00571841075409
0.00571389779058
0.00570923636883
0.00570439664256
0.00569934859721
0.00569406398276
0.00568912409367
0.00568401386308
0.00567859065689
0.00567277033607
0.00566676588508
0.00566064748171
0.00565450091857
0.00564841397234
0.00564246291863
0.00563670322729
0.00563116661603
0.00562583677912
0.00562067590453
0.00561572652074
0.00561096772932
0.00560637707993
0.00560193280424
0.00559761498894
0.00559340608717
0.00558929100756
0.00558525695638
0.00558129316628
0.00557739057837
0.00557354153643
0.00556973951
0.00556597885038
0.00556225458118
0.00555856222197
0.00555489763931
0.00555125692103
0.00554763626805
0.00554403189939
0.00554043996607
0.00553685647028
0.00553327718611
0.00552969757888
0.00552611271981
0.00552227141626
0.00551678643342
0.00550691521643
0.00549673755103
0.00548514214996
0.00547151372372
0.00545549549951
0.0054369699583
0.00541645337234
0.00539508978898
0.00537412854544
0.00535431482026
0.00533440401986
0.00531366076105
0.00529348966232
0.00527356733575
0.0052537909185
0.00523426815984
0.00521529450339
0.00519739923345
0.00518097348254
0.00516622658446
0.00515315781068
0.00514160986242
0.00513135280226
0.00512214739684
0.00511377958061
0.00510607454573
0.00509888878608
0.00509211309971
0.00508033788483
0.00506748637231
0.0050563417597
0.00504616692472
0.00503676489492
0.0050280007573
0.00501976886586
0.00501198813397
0.0050046956363
0.00499773510525
0.00499105924045
0.00498463112512
0.00497842012268
0.00497240005781
0.00496654906535
0.00496084847149
0.00495528206708
0.00494983583862
0.00494449754523
0.00493925629245
0.00493410245253
0.00492902735731
0.00492402334741
0.00491908203922
0.00491419777614
0.00490936514284
0.00490457818736
0.00489983261806
0.00489512385789
0.00489044759429
0.00488579984635
0.0048811768376
0.00487657531689
0.00487199202991
0.00486742344636
0.00486286638179
0.00485831796785
0.00485377514507
0.00484923513537
0.00484469507574
0.00484015218218
0.00483557077138
0.00483057807226
0.00482539316338
0.00482024155123
0.00481508091597
0.00480990116212
0.00480469489491
0.00479945680892
0.0047941804729
0.00478510024915
0.00477498626161
0.00476504303593
0.00475496033585
0.00474467124631
0.00473413917927
0.0047233337235
0.00471222983591
0.00470081333261
0.00468906222597
0.00467699246438
0.00466460976582
0.00465181634775
0.00463823334781
0.00462443310313
0.00461049925157
0.00459664087773
0.00458298551981
0.00456949985763
0.00455625696231
0.00454330510854
0.00453067815297
0.00451838857634
0.00450643264847
0.00449348499824
0.00448039132087
0.00446775805097
0.0044554877962
0.00444350613477
0.00443173519482
0.00442009899189
0.00440852259399
0.00439693025112
0.0043852416573
0.00437327624263
0.00436102456437
0.00434837810778
0.00433520499752
0.00432132228778
0.00430650434081
0.00429045383982
0.00427276426515
0.00425289728792
0.0042301596918
0.00420376867808
0.0041731554304
0.004138656312
0.00410220698331
0.00406680315745
0.00403483691086
0.0040071931956
0.00398374054226
0.00396411130594
0.00394766202309
0.00393377262742
0.00392192599695
0.00391170621043
0.00390277845508
0.00389488075739
0.0038878085691
0.0038813990274
0.0038755236011
0.00387007561181
0.00386496888262
0.00386013213781
0.00385550473667
0.00385103558377
0.00384668062331
0.00384240135566
0.00383816336064
0.00383393510322
0.00382968697032
0.00382538902872
0.00382101040395
0.00381651903377
0.00381191718723
0.00380714410442
0.00380214569503
0.00379687520687
0.00379128101187
0.00378530435
0.003778885397
0.00377196572466
0.00376449498693
0.00375635145169
0.00374753195358
0.00373818591553
0.00372845070568
0.0037184327934
0.00370830618728
0.00369823437412
0.00368834856143
0.00367874633724
0.00366947269833
0.00366054246848
0.0036519585972
0.00364371373929
0.00363579639945
0.00362819310123
0.00362088797023
0.0036138653537
0.00360711025735
0.00360060812596
0.00359434417406
0.0035883047005
0.00358247628667
0.00357684494349
0.00357139769134
0.00356612336532
0.0035610108026
0.00355604918525
0.00355122953307
0.00354654244335
0.00354197950065
0.00353753372733
0.0035331979472
0.00352898769145
0.00352488697659
0.00352087591354
0.00351695028451
0.00351310423193
0.00350930760397
0.00350555676903
0.0035018789899
0.00349826840101
0.00349451048346
0.00349060042853
0.00348683115587
0.00348317659418
0.00347962326106
0.00347616081106
0.00347278089312
0.00346947587463
0.00346623988228
0.00346306773644
0.00345995510231
0.00345689771193
0.00345389260717
0.00345093687613
0.00344802758396
0.00344516290776
0.00344234032524
0.00343955812167
0.00343681454981
0.00343410836073
0.00343143845377
0.00342880352313
0.00342620245253
0.00342363433437
0.00342110066355
0.00341859891466
0.00341612790884
0.00341368690431
0.00341127511118
0.00340889176752
0.00340504926892
0.00340133635123
0.00339799265991
0.00339477707495
0.00339164436626
0.00338858064552
0.0033855781268
0.0033826345938
0.00337974340781
0.00337690047234
0.00337410298248
0.0033713485054
0.00336863518175
0.00336596160306
0.0033633266901
0.00336072885137
0.0033581670873
0.00335564047172
0.00335314840279
0.00335068959635
0.00334826335696
0.00334585766141
0.00334347990196
0.00334113450047
0.00333882057269
0.00333653754512
0.00333428447123
0.00333206085967
0.00332986580267
0.00332769869324
0.00332555921891
0.00332344678395
0.00332136073014
0.00331930047205
0.00331726519391
0.00331525208142
0.00331326215329
0.00331129567547
0.00330935211451
0.00330743096569
0.00330553199483
0.00330365488747
0.00330179931602
0.00329996446773
0.00329814986659
0.00329635505259
0.00329457947709
0.00329282289158
0.00329108482146
0.00328936494367
0.00328766280659
0.0032859780942
0.0032843103992
0.00328265936345
0.00328102467281
0.00327940598459
0.00327780260305
0.00327621459029
0.00327464180256
0.00327308381785
0.00327154035165
0.00327001119657
0.00326849623509
0.00326699506379
0.00326550736134
0.00326403286513
0.00326257133323
0.00326112252872
0.00325968620461
0.00325826213106
0.00325685008734
0.00325544988578
0.00325406132509
0.00325268417773
0.00325131829321
0.00324996347934
0.0032486194653
0.0032472861602
0.00324596330304
0.00324465069384
0.00324334815858
0.00324205552129
0.00324077260738
0.00323949927454
0.00323823543772
0.00323698084096
0.00323573530892
0.00323449868732
0.0032332708422
0.00323205171749
0.0032308412574
0.00322963923865
0.00322844543928
0.00322725967287
0.00322608179914
0.00322491172537
0.00322374931837
0.00322259445574
0.00322144715871
0.00322030710046
0.00321917416644
0.0032180482286
0.00321692919352
0.00321581691902
0.00321471128465
0.00321361217629
0.00321251948147
0.00321143309717
0.00321035291678
0.00320927882328
0.00320821073143
0.00320721262544
0.00320623702164
0.00320526781875
0.00320430485419
0.00320334798387
0.00320239708048
0.00320145202624
0.0032005127363
0.00319957908105
0.00319865096086
0.00319772826333
0.00319681089062
0.00319589874756
0.00319499175913
0.00319408983379
0.00319319287619
0.00319230080692
0.00319141352888
0.00319053094846
0.00318965298506
0.00318877956968
0.00318791063038
0.00318704609957
0.00318618594258
0.00318533000796
0.00318447821571
0.0031836305301
0.00318278687232
0.00318194718659
0.00318110189436
0.00318025099421
0.00317940630871
0.00317856736992
0.00317773391919
0.00317690570897
0.0031760824701
0.00317526400034
0.00317445010851
0.00317364062742
0.00317283542484
0.00317203427848
0.00317123703975
0.00317044357361
0.00316965382008
0.00316886758536
0.00316808476525
0.00316730528604
0.00316652903314
0.0031657558644
0.00316498567345
0.003164218372
0.00316345387504
0.0031626921361
0.00316193305922
0.00316117654905
0.00316042253415
0.00315967094743
0.0031589217268
0.00315817481367
0.00315743016449
0.00315668770059
0.00315594737082
0.00315520911209
0.00315447287412
0.00315373861068
0.00315300627046
0.00315227580735
0.00315154717731
0.00315082033799
0.00315009525039
0.00314937187571
0.00314865017408
0.00314793011018
0.00314721164804
0.00314649475404
0.0031457793959
0.0031450655551
0.00314435319807
0.00314364228767
0.00314293279793
0.00314222470126
0.00314151797288
0.00314081258804
0.00314010852355
0.00313940576368
0.00313870429001
0.00313800412319
0.00313730521329
0.00313660752434
0.00313591103926
0.00313521574195
0.00313452163844
0.00313382871238
0.00313313694488
0.0031324463267
0.00313175682944
0.00313106844218
0.00313038115494
0.00312969497585
0.0031290099508
0.00312832602118
0.00312764316936
0.00312696138742
0.00312628069071
0.00312560104631
0.0031249224504
0.00312424494106
0.00312356849963
0.00312289310647
0.00312221875842
0.00312154546089
0.00312087320431
0.00312020148522
0.00311938603615
0.00311860645722
0.00311783434145
0.00311706553288
0.00311629915133
0.00311553489377
0.00311477259209
0.00311401208032
0.0031132532344
0.00311249595618
0.00311174016486
0.00311098579356
0.00311023278919
0.00310948110844
0.00310873070669
0.00310798155089
0.00310723361315
0.0031064868704
0.00310574130387
0.00310499690694
0.00310425374965
0.00310351174819
0.00310277092131
0.00310203125658
0.00310129271056
0.00310055527108
0.00309981893461
0.00309908370065
0.00309834956804
0.00309761658631
0.00309688475564
0.00309615404768
0.00309542447546
0.00309469609578
0.00309396886004
0.00309324278793
0.003092517872
0.0030917940857
0.00309107144054
0.00309034995437
0.00308962962562
0.00308891045427
0.0030881924542
0.00308747569889
0.00308676027056
0.00308604603178
0.00308533299189
0.00308462118533
0.00308391059529
0.00308320124498
0.00308249316513
0.00308178636047
0.00308108082348
0.00308037654272
0.00307967357618
0.00307897192802
0.00307827161946
0.00307757260109
0.00307687488258
0.00307617849489
0.00307548349825
0.00307478999999
0.00307409793535
0.00307340502582
0.00307271096206
0.0030720184795
0.00307132754289
0.00307063814334
0.00306995027691
0.00306926394884
0.0030685791745
0.00306789593313
0.00306721430555
0.00306653423177
0.00306585569037
0.00306517868559
0.00306450321101
0.00306382926547
0.00306315685253
0.00306248596751
0.00306181662309
0.00306114881672
0.00306048254411
0.00305981779377
0.00305915456979
0.00305849286396
0.00305783267497
0.00305717404025
0.00305651693081
0.00305586143745
0.00305520746533
0.00305455503518
0.00305390410721
0.00305325466795
0.00305260671276
0.00305196024314
0.0030513152727
0.00305067177141
0.00305002973226
0.00304938914914
0.00304875001564
0.00304811234384
0.00304747617051
0.00304684142505
0.00304620810046
0.0030455762227
0.00304494580662
0.00304431681035
0.00304368919986
0.00304306297177
0.00304243812409
0.00304181465316
0.0030411926546
0.00304057199918
0.00303995267322
0.00303933474204
0.00303871814874
0.003038102898
0.00303748895644
0.00303687632392
0.00303626495695
0.00303565483898
0.0030350459867
0.00303443838598
0.0030338320298
0.00303322690065
0.00303262300699
0.00303202031413
0.00303141879282
0.00303081841215
0.00303021914871
0.00302962099359
0.00302902399675
0.00302842814886
0.00302783337013
0.00302723963285
0.00302664692585
0.00302605523199
0.00302546453025
0.00302487480354
0.00302428605231
0.00302369824583
0.00302311137839
0.00302252549199
0.00302194053125
0.00302135645221
0.00302077322763
0.00302019084109
0.00301960928686
0.00301902855273
0.00301844861996
0.003017869451
0.00301729113494
0.00301671354329
0.00301613665208
0.00301556044255
0.00301498490459
0.00301441000447
0.0030138357297
0.00301326205602
0.00301268896465
0.00301211643361
0.00301154443652
0.00301097295649
0.00301040197232
0.00300983145781
0.00300926139121
0.00300869175056
0.00300812251374
0.00300755370689
0.00300698533748
0.00300641738218
0.00300584974797
0.00300528240317
0.0030047153246
0.00300414850752
0.00300358192211
0.00300301557245
0.00300244948111
0.00300188356493
0.00300131777901
0.00300075212193
0.00300018654913
0.00299962104297
0.00299905556154
0.00299849008148
0.00299792458249
0.00299735895441
0.00299679320578
0.00299622735517
0.00299566137487
0.00299509524021
0.00299452892385
0.00299396244733
0.00299339583044
0.00299282899898
0.00299226187666
0.00299169443598
0.00299112664925
0.00299055848867
0.00298998994104
0.00298942096324
0.00298885152641
0.00298828161597
0.00298771119064
0.00298714021891
