0.0426194715779
0.0416823452453
0.0398835545187
0.0359309549985
0.0266701026908
0.0167302636753
0.013475005308
0.0123362448519
0.0114624865852
0.0102968454292
0.00892227248975
0.00849947949097
0.0080180910755
0.0076940380294
0.00731103785773
0.00716918966548
0.00711305212663
0.00700837794638
0.00671008452125
0.00628219334345
0.00605403189238
0.00573659011135
0.00547316035294
0.00532076387579
0.00513843466344
0.00492508593091
0.00479468325157
0.00471068324087
0.00463213223252
0.0045327081464
0.00441303379116
0.00431283317434
0.00424384122408
0.00419107414345
0.00415315124737
0.00412760515933
0.00410950732042
0.00409551509566
0.00408583020305
0.00407833284066
0.00407192936164
0.0040663671351
0.00406151643525
0.00405727564742
0.00405355833929
0.00405028912992
0.00404740233756
0.00404484121743
0.0040425571966
0.004040508957
0.00403866155813
0.00403698555204
0.00403581269005
0.00403481520226
0.0040338599273
0.00403294200019
0.00403206667237
0.00403126836572
0.00403049396869
0.00402974089138
0.00402900689237
0.00402828997699
0.00402758835448
0.00402690040119
0.0040262246317
0.0040255601742
0.00402490493014
0.00402425780338
0.00402361784408
0.00402298393674
0.00402235498533
0.00402172991121
0.00402110762543
0.00402048702449
0.0040198669669
0.00401924626054
0.00401862363511
0.00401799772862
0.00401736704956
0.00401672976065
0.00401608411942
0.0040154283351
0.00401475968033
0.00401407517524
0.00401337126405
0.00401264414646
0.00401188804727
0.00401109685568
0.00401027024833
0.00400942086458
0.00400852380443
0.00400755268677
0.00400649664415
0.0040053081511
0.00400394809685
0.00400232353807
0.00400026493235
0.00399744403379
0.00399311074489
0.0039856219574
0.00397382640898
0.00396150380522
0.00395141611863
0.00394350792254
0.00393720305502
0.00393197737086
0.00392746647069
0.00392344739612
0.00391973653021
0.003916216832
0.00391281112501
0.00390945113168
0.00390611452216
0.00390275169861
0.00389935677126
0.0038958977793
0.00389237750509
0.0038887823637
0.00388512467315
0.00388141337227
0.00387766573057
0.0038739013995
0.00387015226782
0.00386643792149
0.00386278791298
0.00385921419631
0.00385573928551
0.00385235618329
0.00384907785639
0.00384588648561
0.00384276582143
0.00383971367018
0.00383668723482
0.0038336519059
0.00383059123993
0.00382742802232
0.00382408885636
0.00382047528556
0.00381645041906
0.00381170887811
0.00380580550624
0.00379762736733
0.00378421288701
0.00375461894172
0.00368573210061
0.00359541637858
0.003499592852
0.00341697167876
0.00334886061925
0.00329156494181
0.00324337028893
0.00320368712425
0.00317162870718
0.00314580020903
0.00312473868518
0.00310721258042
0.00309230748964
0.00307939337277
0.00306792349269
0.00305752707709
0.00304790927416
0.00303881847548
0.00303002041241
0.0030212701409
0.00301226902821
0.00300258558462
0.00299147494112
0.00297744503333
0.00295773313527
0.00293143969693
0.00290350384283
0.0028766244195
0.00285059536042
0.00282469818807
0.0027990363839
0.00277505094918
0.00275446716239
0.00273782099648
0.00272453074879
0.00271371726402
0.00270465324609
0.00269684160922
0.00268996335045
0.00268381581767
0.00267826864466
0.0026732261682
0.00266861863251
0.00266439070974
0.00266049646914
0.00265689639465
0.00265355638082
0.00265044644832
0.00264753862735
0.00264481149396
0.00264224654421
0.0026398267307
0.00263753722925
0.00263536522376
0.00263329973411
0.00263133099958
0.00262945033271
0.00262765023767
0.0026259221752
0.00262425857472
0.002622658056
0.00262111589099
0.00261962782036
0.00261818998985
0.00261679889977
0.00261545142042
0.0026141446512
0.00261287582293
0.00261164246946
0.00261044229221
0.0026092731848
0.0026081331978
0.00260702052595
0.00260593349309
0.0026029425772
0.00259974742585
0.00259675954748
0.0025939488074
0.00259129115963
0.00258876738121
0.00258636173863
0.00258407014429
0.00258187589289
0.00257976764465
0.00257773725172
0.00257578477654
0.00257390280754
0.00257208096619
0.00257031497977
0.00256860104578
0.00256693580773
0.00256531613265
0.00256373919554
0.00256220242065
0.00256070355482
0.00255924106655
0.00255781236647
0.00255641553773
0.00255504872674
0.00255371042734
0.00255239899109
0.002551113005
0.00254985122016
0.00254861235977
0.00254739533484
0.00254619891007
0.00254502203642
0.00254386371959
0.00254272301788
0.00254159904498
0.00254049096144
0.00253939959748
0.00253832242428
0.00253725869208
0.00253620768251
0.00253516870982
0.00253414108874
0.00253312419752
0.00253211823449
0.00253112182324
0.00253013427053
0.00252914156612
0.00252815560406
0.00252717687593
0.00252620473041
0.00252523859487
0.00252427792587
0.00252332218386
0.00252237083496
0.00252142365926
0.00252047983466
0.00251953878916
0.00251859998164
0.0025176628647
0.00251672688913
0.00251579148868
0.00251485621607
0.00251392053688
0.00251298382272
0.0025120458135
0.00251110544638
0.00251016204882
0.00250921496399
0.00250826351539
0.0025073070365
0.00250634484253
0.00250537611959
0.00250440010467
0.00250341598432
0.00250242292735
0.00250142017584
0.00250040696431
0.00249938237976
0.00249834527397
0.00249729461189
0.00249622937393
0.00249514851225
0.00249405095106
0.00249293559402
0.00249180132795
0.00249064703657
0.00248947235084
0.00248827551088
0.00248705539246
0.00248581089934
0.00248454108611
0.00248324503402
0.00248192195601
0.00248057335235
0.00247919795012
0.00247779422224
0.00247636227471
0.00247490210925
0.00247341426675
0.00247189961878
0.00247035938123
0.00246879528439
0.00246720932553
0.00246560352881
0.00246398046045
0.00246234305863
0.00246069461648
0.00245903839194
0.00245737731398
0.00245571466735
0.00245405369698
0.00245239752011
0.00245074909315
0.00244911112641
0.00244748606668
0.00244587610843
0.00244428391261
0.00244271052739
0.00244115698931
0.00243962436755
0.00243811346521
0.00243662476373
0.00243515863895
0.00243371528638
0.00243229474194
0.00243089794069
0.00242952427093
0.00242817288941
0.00242684347821
0.00242553567068
0.00242424906893
0.00242298349336
0.00242173829796
0.0024205129742
0.0024193070568
0.00241812011389
0.00241695193142
0.00241580299575
0.00241474414494
0.00241370306068
0.00241267806987
0.00241166798563
0.00241067234865
0.00240968972461
0.00240871946776
0.00240776267408
0.00240681718901
0.0024058844234
0.00240496147258
0.00240404866089
0.00240314680084
0.00240225466086
0.002401371956
0.002400498419
0.00239963382216
0.00239877795807
0.00239793075931
0.00239709266139
0.00239626226825
0.00239543943045
0.0023946243868
0.00239381700135
0.00239301711702
0.00239222464531
0.00239144002583
0.0023906624341
0.00238989172624
0.00238912799614
0.00238837108409
0.00238762077511
0.00238687684701
0.00238613914903
0.0023854075576
0.00238468195527
0.00238396222797
0.00238324826446
0.00238253996583
0.0023818372142
0.00238113992086
0.00238044796182
0.00237976126802
0.00237907935861
0.00237840252304
0.00237773113563
0.0023770646699
0.00237640299017
0.00237574600989
0.0023750936445
0.00237444581237
0.00237380243491
0.00237316379084
0.0023725294716
0.00237189936937
0.00237127341158
0.00237065152013
0.00237003376109
0.00236941943582
0.00236880933009
0.00236820325658
0.00236760090843
0.00236700222948
0.00236640715157
0.0023658156096
0.00236522777975
0.00236464391208
0.00236406339462
0.00236348639667
0.00236291231392
0.0023623418363
0.00236177466345
0.00236121055532
0.00236064992957
0.00236009279899
0.00235953919253
0.0023589885656
0.00235844101428
0.00235789658728
0.00235735428478
0.00235681581994
0.002356280368
0.00235574745824
0.00235521704629
0.00235468908399
0.00235416352737
0.00235364033365
0.00235311946138
0.00235260076815
0.00235208388502
0.002351569727
0.00235105775088
0.0023505480838
0.00235004157733
0.00234954452082
0.0023490497929
0.00234855729099
0.00234806712473
0.00234757948258
0.00234709360482
0.00234661005658
0.00234612837863
0.00234564852447
0.00234517045179
0.00234469548779
0.00234422560871
0.00234375778066
0.0023432918988
0.00234282795918
0.00234236583506
0.00234190543408
0.0023414468826
0.00234099010549
0.00234053510172
0.00234008260441
0.00233963157653
0.00233918197921
0.002338733773
0.00233828692156
0.00233784138721
0.00233739713427
0.00233695412615
0.00233651232798
0.00233607170534
0.00233563228606
0.00233519459558
0.0023347581888
0.00233432282188
0.0023338886464
0.00233345560022
0.00233302349474
0.00233259229871
0.00233216198142
0.00233173251152
0.0023313040772
0.0023308764393
0.00233044955608
0.00233002340472
0.0023295979488
0.00232917315977
0.00232874902141
0.00232832549114
0.00232790254027
0.00232748014036
0.00232705826297
0.00232663687979
0.00232621596284
0.00232579548673
0.00232537543944
0.00232495577512
0.00232453647372
0.00232411788147
0.00232369971225
0.00232328182086
0.0023228640293
0.00232244641174
0.00232202897666
0.00232161171242
0.00232119518877
0.00232077876612
0.00232036241528
0.00231994610953
0.00231952982051
0.00231911353601
0.00231869774499
0.00231828192172
0.00231786601105
0.0023174500004
0.00231703389492
0.00231661778071
0.00231620167727
0.00231578506558
0.00231536819049
0.00231495117198
0.00231453389284
0.00231411671928
0.00231369922833
0.00231328145107
0.0023128633291
0.00231244472708
0.00231202572286
0.00231160638127
0.00231118615192
0.00231076531834
0.0023103438468
0.00230992170374
0.00230949924258
0.00230907734349
0.00230865467936
0.0023082314465
0.00230780728485
0.00230738207577
0.00230695594913
0.00230652886423
0.00230610078077
0.00230567166169
0.00230524154716
0.00230481055492
0.00230437807642
0.0023039443962
0.0023035094672
0.00230307324082
0.00230263567034
0.00230219710906
0.00230175669893
0.00230131479477
0.00230087137034
0.0023004263821
0.00229997973196
0.00229953176121
0.00229908160475
0.00229862962122
0.00229817572403
0.00229771984406
0.00229726231103
0.00229680224336
0.00229633996889
0.00229587541716
0.00229540853235
0.00229493958543
0.00229446767819
0.00229399314331
0.00229351585097
0.0022930360515
0.00229255295312
0.00229206670537
0.00229157722464
0.00229108476466
0.00229058875975
0.00229006343159
0.00228950202754
0.00228893729848
0.00228836798536
0.00228779410317
0.00228721525521
0.00228663112116
0.00228604146272
0.00228544530016
0.00228484252155
0.00228423265937
0.00228361521783
0.00228299005097
0.00228235628749
0.00228171333746
0.0022810604326
0.00228039675173
0.00227972195251
0.00227903429684
0.00227833484547
0.00227762074051
0.00227689077955
0.00227614384001
0.00227537763972
0.00227459079828
0.00227378132073
0.00227294740728
0.00227208558969
0.0022711934048
0.00227026759068
0.0022693045654
0.00226829948877
0.00226724721664
0.00226614204827
0.00226497735862
0.00226374515444
0.00226243606995
0.00226103940025
0.00225954277078
0.00225793228489
0.00225619060304
0.00225429985759
0.00225223989989
0.00224999014811
0.00224752856198
0.00224483765637
0.00224190579475
0.00223873251388
0.00223533411211
0.00223174713724
0.00222802899382
0.0022242553679
0.00222050868064
0.00221686722831
0.00221339075019
0.00221012198139
0.00220707755331
0.00220337177372
0.00219955260014
0.00219589817018
0.00219249200314
0.00218929973448
0.00218629371917
0.00218345144249
0.00218075460698
0.00217818829777
0.00217574028687
0.00217340097129
0.0021711698759
0.00216902948233
0.00216697333216
0.00216499545077
0.00216309102508
0.00216125524464
0.00215948422747
0.00215777386379
0.00215611976478
0.002154518631
0.00215296756797
0.0021514630727
0.00215000227049
0.00214858246596
0.00214720103216
0.00214585536659
0.00214454488735
0.00214326613235
0.00214201681859
0.00214079495203
0.00213959979011
0.00213842885352
0.00213728024943
0.00213615361904
0.00213504615968
0.00213395802446
0.00213288705594
0.00213183178662
0.00213079202292
0.00212976548288
0.00212875241566
0.00212775057621
0.00212676021415
0.00212577924457
0.00212480823492
0.0021238450419
0.00212288958995
0.00212194073179
0.00212099763487
0.00212006012639
0.00211912657068
0.00211819724082
0.00211727044935
0.00211634623609
0.00211542373873
0.00211450198908
0.00211358097139
0.00211265925265
0.0021117368228
0.00211081273467
0.00210988630099
0.00210895738659
0.00210802466693
0.0021070881945
0.00210614667666
0.00210519981508
0.002104247279
0.00210328780665
0.00210232136018
0.00210134702295
0.00210036541979
0.00209937433792
0.00209837366262
0.00209736215297
0.00209633967432
0.00209530499408
0.00209425793798
0.00209319742764
0.00209212280728
0.00209103354532
0.00208999121823
0.002088935454
0.00208786125879
0.00208676790044
0.00208565449359
0.00208452075996
0.00208336579623
0.00208218891912
0.00208098945974
0.00207976676145
0.00207852018737
0.00207724844746
0.00207595028632
0.00207462649036
0.00207327634565
0.00207189934997
0.00207049518788
0.00206906355458
0.00206760848316
0.00206612772355
0.00206461906412
0.00206308283321
0.00206151893638
0.00205992740552
0.00205830907188
0.00205666415363
0.0020549931078
0.00205329666038
0.0020515756297
0.00204983099411
0.00204806389083
0.00204627558897
0.00204446751259
0.00204264123046
0.0020407984133
0.00203894086764
0.00203707051145
0.00203518958753
0.00203329995093
0.00203140375894
0.00202950319359
0.00202760042024
0.00202569761733
0.00202379693101
0.00202190045249
0.0020200101979
0.0020181280301
0.00201625587545
0.00201439533298
0.00201254796964
0.00201071516674
0.0020088982357
0.00200709818475
0.00200531599838
0.00200355251805
0.00200180833871
0.00200008396147
0.00199837976005
0.00199669599095
0.00199501698567
0.00199335914299
0.00199172355203
0.00199010983377
0.00198851764795
0.00198694655536
0.0019853961576
0.0019838660233
0.00198235571375
0.00198086483562
0.00197939291797
0.00197793949445
0.00197650414032
0.00197508644207
0.00197368599962
0.00197230242617
0.0019709367282
0.00196958765899
0.00196825436138
0.0019669365098
0.00196563382134
0.00196434600058
0.00196307280289
0.00196181397467
0.00196056929385
0.00195933853515
0.00195812150988
0.00195691802238
0.00195572790279
0.00195455099175
0.00195338712679
0.00195223617166
0.00195109799128
0.00194997245955
0.00194885945061
0.00194775885085
0.00194667054868
0.00194559443645
0.00194453040975
0.00194347839615
0.0019424382777
0.0019414099456
0.00194039330276
0.00193938831786
0.00193839524417
0.00193741357834
0.00193644322446
0.0019354840735
0.0019345360411
0.0019335990334
0.00193267295357
0.00193175770429
0.00193085318753
0.00192995930461
0.00192907595612
0.00192820304192
0.00192734046114
0.00192648811503
0.00192564589922
0.00192481370956
0.00192399144236
0.00192317899328
0.00192237625742
0.00192158312957
0.00192079950343
0.00192002527251
0.00191926032992
0.00191850456841
0.00191775788038
0.00191702015796
0.00191629129303
0.00191557117729
0.00191485970228
0.00191415675942
0.00191346225202
0.001912776071
0.00191209809733
0.0019114282224
0.00191076633764
0.00191011233466
0.00190946610519
0.00190882754115
0.00190819653469
0.0019075729782
0.0019069567643
0.00190634778595
0.00190574593639
0.00190515110917
0.00190456319823
0.00190398209782
0.00190340770259
0.00190283990769
0.00190227860884
0.00190172370642
0.0019011750916
0.00190063266103
0.00190009631177
0.0018995659413
0.00189904144746
0.00189852272853
0.00189800968318
0.00189750221046
0.00189700020979
0.00189650358095
0.00189601222407
0.0018955260396
0.0018950449283
0.00189456879119
0.00189409752955
0.00189363104491
0.00189316923895
0.00189271201354
0.00189225927065
0.00189181091233
0.00189136684066
0.00189092695772
0.0018904911655
0.00189005936588
0.00188963146056
0.00188920735096
0.0018887869382
0.00188837012302
0.00188795680564
0.00188754688576
0.00188714026239
0.00188673683581
0.00188633650235
0.0018859391576
0.00188554469687
0.00188515301422
0.00188476400232
0.00188437755231
0.0018839935536
0.00188361189372
0.00188323245809
0.00188285512984
0.00188247978954
0.00188210631497
0.00188173458084
0.0018813644585
0.00188099581561
0.00188062851576
0.00188026241811
0.00187989739799
0.00187953328549
0.00187916992417
0.00187880715091
0.00187844479543
0.00187808268018
0.00187772061876
0.00187735841549
0.00187699586452
0.00187663277673
0.00187626886938
0.00187590392243
0.00187553769597
0.00187516989906
0.00187480021967
0.00187442839768
0.001874054021
0.00187367680358
0.0018732962729
0.00187291208812
0.00187252374844
0.00187213070492
0.00187173250491
0.00187132853138
0.00187091811224
0.00187050051433
0.00187007493869
0.00186964050038
0.00186919621494
0.0018687409837
0.00186827357595
0.00186779260892
0.00186729652176
0.00186678362207
0.00186625175296
0.00186569868944
0.00186512188077
0.00186451813933
0.0018638841065
0.00186321565164
0.00186250792352
0.00186175550633
0.00186095188814
0.00186008933562
0.00185915866807
0.00185814909293
0.00185704786245
0.00185584000777
0.00185450767215
0.00185303060436
0.00185138579221
0.00184954788548
0.00184749105772
0.00184519153481
0.00184263176726
0.00183980718547
0.00183673333174
0.0018334509847
0.00183002748188
0.00182655021661
0.00182311328818
0.00181980077885
0.00181667519564
0.00181377289937
0.00181110612552
0.00180866907577
0.00180644510976
0.00180441262989
0.0018025491332
0.00180083320055
0.00179924606137
0.00179777166553
0.00179639644634
0.00179510914836
