0.0148585833546
0.0124598707221
0.011837805155
0.0117170030244
0.0116020774672
0.011482763464
0.0113476333124
0.0111855810524
0.0110120312559
0.0107428499285
0.0103545739548
0.0100964563609
0.00991874394265
0.00976348362041
0.00962375516844
0.00949305530538
0.0093650802068
0.00923508778425
0.00910029392214
0.00895998804587
0.00881574220893
0.00867072632398
0.00852749332242
0.00838603383497
0.00824377146375
0.00809716701045
0.00794481841144
0.00779395899101
0.00765371929862
0.00752944201561
0.00742273648036
0.00733090224264
0.0072501587157
0.00717718088886
0.00710933932417
0.00704443471857
0.00698023892285
0.00691362504332
0.00684018111819
0.00675736458121
0.00667193930853
0.00659197749051
0.00651833515546
0.00644927059353
0.0063835371273
0.00632032907931
0.00625876212189
0.00619758080988
0.0061350725368
0.00606900124892
0.00599687303171
0.00591690559909
0.00583038398234
0.00574279717128
0.0056604426046
0.00558648407146
0.005520976249
0.00546255904963
0.00540972833615
0.00536159308608
0.00531700658296
0.00527491887426
0.00523474030545
0.0051960531741
0.00515852290562
0.00512190432971
0.00508592082298
0.00505040448533
0.00501523247872
0.00498032706552
0.00494565649825
0.00491122987667
0.00487696310466
0.00484296685319
0.00480922044153
0.00477554499542
0.00474165813851
0.00470727343923
0.00467220223937
0.00463657901662
0.00460174481293
0.00456920650523
0.00453925316197
0.00451164576578
0.00448592154724
0.00446159993104
0.00443824727934
0.00441548654931
0.00439296961063
0.0043699595666
0.00434619808796
0.0043216548691
0.00429579159916
0.00426791545604
0.00423711430636
0.00420260198897
0.00416467196443
0.00412517058344
0.00408595868746
0.0040476650696
0.00401027324001
0.00397372233069
0.00393801576579
0.00390317913704
0.0038692349454
0.0038362070257
0.00380413339862
0.00377307187054
0.00374309356634
0.00371426772975
0.00368664478952
0.00366024390644
0.00363504783241
0.00361100450886
0.00358803299793
0.00356603118335
0.00354488342146
0.00352446720025
0.00350465871229
0.00348533979147
0.00346639628748
0.00344772664497
0.00342924525915
0.00341088540404
0.00339260144304
0.00337436904286
0.00335618280251
0.00333805131838
0.00331999047618
0.00330202979939
0.0032841668108
0.00326640106505
0.00324872282954
0.00323111438451
0.00321355546906
0.00319603150032
0.00317854361924
0.00316111847582
0.00314383863853
0.00312677251227
0.00311002669831
0.00309371148345
0.00307792073168
0.00306271856099
0.00304813420296
0.00303416429287
0.0030207796523
0.00300793346612
0.00299556873331
0.00298362401409
0.00297203731509
0.00296074837752
0.00294969977187
0.00293883718021
0.0029281092233
0.00291746701865
0.00290686367046
0.00289625385953
0.00288559363167
0.00287484051537
0.0028639540967
0.00285289717609
0.00284163759772
0.00283015624695
0.00281844450008
0.00280649180065
0.00279431383646
0.0027819434845
0.00276942970158
0.00275683401304
0.00274422503044
0.00273167205865
0.00271924135916
0.0027070493252
0.00269510828558
0.0026834114381
0.00267197685744
0.00266081270638
0.00264991950256
0.00263929235731
0.00262892296177
0.00261880122956
0.00260891658408
0.00259925892434
0.00258988879693
0.00258073398657
0.0025717800513
0.00256302303571
0.00255446139941
0.00254609540994
0.00253792665253
0.0025299575802
0.00252219108357
0.00251463008673
0.00250727718528
0.00250013434334
0.00249320266081
0.00248648221552
0.00247997197794
0.00247366979096
0.0024675724033
0.00246167554429
0.00245597402697
0.0024504618682
0.00244513241603
0.00243997847649
0.00243499243432
0.00243016636367
0.00242549212658
0.00242096145812
0.00241656603812
0.00241229754993
0.00240814772715
0.00240410838958
0.00240017146973
0.0023963290312
0.00239257328036
0.00238889657274
0.00238529141524
0.00238175046559
0.00237826653021
0.00237483256162
0.0023714416566
0.00236808705645
0.00236476215035
0.00236146048332
0.00235817576994
0.00235490191511
0.00235163304306
0.0023483635356
0.00234458958238
0.00234049784702
0.00233638977264
0.00233225950468
0.00232810195341
0.00232391292516
0.00231968925651
0.00231542894384
0.00231113125926
0.00230679684312
0.0023024277637
0.00229802753543
0.00229360109013
0.00228915355037
0.00228469247228
0.00228022730216
0.00227576739716
0.0022713227203
0.00226690359672
0.00226252046871
0.00225818366021
0.00225390315977
0.00224968842845
0.00224554823832
0.00224149054312
0.00223752238245
0.00223364981867
0.00222987790451
0.00222621067876
0.00222265118641
0.00221920151941
0.00221586058294
0.00221263014437
0.00220951121096
0.00220650268152
0.00220360288437
0.00220080966158
0.00219812045045
0.0021955323606
0.00219304224533
0.00219064676658
0.002188342453
0.00218612575105
0.0021839930692
0.0021819408156
0.00217996542967
0.00217806340796
0.00217623132508
0.00217446585671
0.00217276377326
0.00217112196552
0.00216953744763
0.00216800735972
0.0021665289696
0.00216509967289
0.00216371699175
0.00216237857259
0.00216108236665
0.0021598261894
0.00215860792083
0.00215742566791
0.00215627764156
0.00215516215183
0.00215407760307
0.00215302248912
0.00215199540395
0.00215099499167
0.00215001998574
0.00214906919221
0.00214814148449
0.00214723579938
0.00214635113342
0.00214548653926
0.00214464112236
0.00214381403778
0.00214300448723
0.0021422117162
0.00214143501137
0.00214067369807
0.00213992713796
0.00213919472683
0.00213847589257
0.00213777009321
0.00213707681526
0.00213639557168
0.00213572590046
0.00213506736327
0.00213441954396
0.00213378204731
0.00213315450157
0.00213253660318
0.00213192800355
0.00213132832737
0.00213073726708
0.00213015452987
0.00212957983676
0.00212901292183
0.00212845353151
0.00212790142387
0.00212735636803
0.00212681814351
0.00212628653968
0.00212576135526
0.00212524239812
0.00212472950222
0.00212422247289
0.00212372114152
0.00212322534663
0.0021227349335
0.00212224975386
0.00212176966552
0.00212129453209
0.00212082422269
0.00212035861169
0.00211989757842
0.00211944100697
0.00211903454036
0.00211865002105
0.00211826877328
0.00211789068359
0.00211751565983
0.00211714362204
0.00211677449785
0.00211640822005
0.00211604472541
0.00211568395392
0.00211532584837
0.00211497035406
0.00211461741862
0.00211426699177
0.00211391902525
0.00211357347263
0.00211323028927
0.00211288943214
0.00211255085977
0.00211221453216
0.00211188041069
0.00211154845806
0.00211121863819
0.00211089091622
0.00211056525836
0.00211024163191
0.00210992000519
0.00210960034746
0.00210928262892
0.00210896682064
0.00210865289453
0.00210834082329
0.0021080305804
0.00210772214006
0.00210741547718
0.00210711056734
0.00210680738676
0.00210650591229
0.00210620612136
0.00210590799199
0.00210561150273
0.00210531663266
0.00210502336138
0.00210473166897
0.00210444153599
0.00210415294342
0.00210386587273
0.00210358030577
0.00210329622482
0.00210301361399
0.00210263404914
0.0021019755313
0.00210142300694
0.002100928013
0.00210046622155
0.00210002545539
0.00209959937712
0.0020991845467
0.0020987789809
0.00209838144479
0.00209799110108
0.00209760733462
0.00209722966305
0.0020968576899
0.0020964910789
0.00209612953896
0.00209577281478
0.00209542068041
0.00209507293448
0.0020947293966
0.00209438990434
0.00209405431083
0.00209372248263
0.002093394298
0.00209306964541
0.0020927484222
0.00209243053352
0.00209211589136
0.00209180441369
0.00209149602381
0.00209119064969
0.00209088822346
0.00209058868094
0.00209029196128
0.00208999800655
0.0020897067615
0.00208941817328
0.00208913219122
0.00208884876661
0.00208856785257
0.00208828940386
0.00208801337676
0.00208773972897
0.00208746841951
0.0020871994086
0.00208693265759
0.00208666812892
0.00208640578602
0.00208614559327
0.00208588751595
0.00208563152019
0.00208537757293
0.00208512564189
0.00208487569553
0.00208462770301
0.00208438163418
0.00208413745954
0.00208389515022
0.00208365467798
0.00208341601515
0.00208317913462
0.00208294400986
0.00208271061485
0.0020824789241
0.00208224891262
0.00208202055591
0.00208179382996
0.0020815687112
0.00208134517653
0.00208112320327
0.0020809027692
0.00208068385248
0.00208046643171
0.00208025048587
0.00208003599433
0.00207982293684
0.00207961129352
0.00207940104486
0.00207919217169
0.0020789846552
0.0020787784769
0.00207857361864
0.0020783700626
0.00207816779126
0.00207796678743
0.00207776703419
0.00207756851495
0.00207737121338
0.00207717511347
0.00207698019945
0.00207678645584
0.00207659386743
0.00207640241925
0.00207621209662
0.00207602288506
0.00207583477039
0.00207564773863
0.00207546177606
0.00207527686916
0.00207509300467
0.00207491016952
0.00207472835089
0.00207454753615
0.00207436771287
0.00207418886885
0.00207401099207
0.00207383407072
0.00207365809317
0.00207348304799
0.00207330892393
0.00207313570991
0.00207296339504
0.00207279196862
0.00207262142009
0.00207245173908
0.00207228291537
0.00207211493892
0.00207194779983
0.00207178148837
0.00207161599495
0.00207145131014
0.00207128742466
0.00207112432936
0.00207096201524
0.00207080047345
0.00207063969525
0.00207047967207
0.00207032039543
0.00207016185701
0.00207000404862
0.00206984696216
0.00206969058969
0.00206953492338
0.00206937995549
0.00206922567844
0.00206907208474
0.00206891916701
0.00206876691798
0.0020686153305
0.00206846439751
0.00206831411208
0.00206816446734
0.00206801545656
0.00206786707308
0.00206771931037
0.00206757216197
0.0020674256215
0.00206727968272
0.00206713433943
0.00206698958555
0.00206684541507
0.00206670182209
0.00206655880076
0.00206641634533
0.00206627445015
0.00206613310962
0.00206599231822
0.00206585207054
0.00206571236122
0.00206557318497
0.00206543453658
0.00206529641093
0.00206515880294
0.00206502170762
0.00206488512006
0.00206474903538
0.0020646134488
0.00206447835559
0.0020643437511
0.00206420963071
0.0020640759899
0.00206394282419
0.00206381012916
0.00206367790046
0.0020635461338
0.00206341482492
0.00206328396965
0.00206315356385
0.00206302360346
0.00206288740017
0.00206269845977
0.00206250927424
0.00206231981602
0.00206213005823
0.00206193997418
0.00206174953707
0.00206155871983
0.00206136749502
0.00206117583409
0.00206098370554
0.00206079108396
0.00206059793955
0.00206040424173
0.0020602099591
0.00206001505939
0.00205981950937
0.0020596232748
0.00205942632039
0.00205922860965
0.0020590301049
0.00205883076716
0.00205863055606
0.00205842942979
0.00205822734498
0.00205802425661
0.00205782011794
0.00205761488039
0.00205740849341
0.00205720090442
0.00205699205863
0.00205678189894
0.00205657036578
0.00205635739698
0.00205614292765
0.00205592688988
0.0020557092127
0.00205548982181
0.00205526863941
0.00205504558414
0.00205482057154
0.00205459351058
0.00205436430698
0.00205413286162
0.00205389907026
0.00205366282317
0.00205342400474
0.00205318249313
0.00205293815981
0.00205269086979
0.00205244047892
0.00205218683553
0.00205192977914
0.00205166913976
0.00205140473721
0.00205113638034
0.00205086386619
0.00205058697909
0.00205030548964
0.00205001915369
0.00204972771108
0.00204943088442
0.00204912837766
0.00204881987456
0.002048505037
0.00204818355881
0.00204785500294
0.00204751895065
0.00204717495651
0.00204682254225
0.00204646119387
0.00204609035873
0.00204570944176
0.00204531780207
0.00204491474895
0.0020444995375
0.002044071364
0.00204362936081
0.00204317259108
0.00204270004302
0.0020422106239
0.00204170315291
0.00204117635774
0.00204062886506
0.00204005919541
0.00203946575733
0.00203884684234
0.00203805915857
0.00203695733292
0.00203582912396
0.00203467252734
0.00203348551637
0.00203226606981
0.00203101220958
0.00202972204961
0.00202839385662
0.00202702612353
0.00202561765508
0.00202416766493
0.00202267587613
0.00202114263083
0.00201956899067
0.00201795682476
0.00201630887392
0.0020146287808
0.00201292107714
0.00201119114667
0.00200944508207
0.00200768946635
0.00200593129434
0.0020041777069
0.00200243576743
0.00200071224872
0.00199901344509
0.0019973450208
0.00199571190121
0.00199411820831
0.00199256723833
0.00199106147577
0.00198960263688
0.00198819173424
0.00198683092262
0.00198551922888
0.0019842550835
0.00198303751091
0.00198186524635
0.00198073680622
0.00197965054985
0.00197860473243
0.00197759754952
0.00197662717356
0.00197569178319
0.00197478958621
0.00197391883712
0.00197307785004
0.0019722650493
0.00197147886202
0.00197071781352
0.00196998057544
0.00196926580701
0.00196857225513
0.00196789876681
0.00196724426179
0.00196660772927
0.00196598822442
0.00196538486455
0.0019647968255
0.00196422333803
0.00196366368424
0.00196311719375
0.00196258324074
0.00196206124072
0.00196155064762
0.00196105095073
0.00196056167232
0.00196008236515
0.0019596126103
0.00195915201537
0.00195870021104
0.00195825685095
0.00195782160946
0.00195739418016
0.00195697427454
0.00195656162018
0.00195615596014
0.00195575705168
0.00195536466526
0.00195497858369
0.00195459860089
0.0019542245215
0.00195381875783
0.00195341240092
0.00195301220574
0.00195261790498
0.00195222925116
0.00195184579095
0.00195146754668
0.00195109432063
0.00195072592761
0.00195036219384
0.00195000295583
0.00194964805963
0.00194929736295
0.0019489507257
0.00194860801818
0.00194826911756
0.0019479339074
0.00194760227718
0.00194727412187
0.00194694934159
0.0019466278412
0.00194630953007
0.00194599432172
0.00194568213361
0.00194537288689
0.00194506650614
0.00194476291921
0.00194446205703
0.00194416385341
0.00194386824489
0.00194357517065
0.00194328457227
0.00194299639365
0.00194271058095
0.00194242708249
0.00194214584843
0.00194186683077
0.0019415899834
0.00194131526196
0.00194104262372
0.0019407720275
0.00194050343364
0.0019402368039
0.00193997210184
0.00193970929161
0.00193944833874
0.00193918921013
0.00193893187381
0.0019386762989
0.0019384224556
0.0019381703151
0.00193791984957
0.00193767103213
0.00193742383676
0.0019371783192
0.00193693439073
0.00193669201166
0.00193645115919
0.0019362118113
0.00193597394663
0.0019357375445
0.001935502585
0.00193526904933
0.00193503691796
0.00193480617264
0.0019345767957
0.00193434876995
0.00193412207877
0.00193389670597
0.00193367263587
0.00193344985348
0.00193322834379
0.00193300809233
0.00193278908511
0.00193257130852
0.00193235474932
0.00193213939461
0.00193192523184
0.0019317122488
0.00193150043356
0.00193128977453
0.00193108026037
0.00193087188011
0.00193066462351
0.00193045847969
0.00193025344552
0.00193004951813
0.00192984667315
0.00192964490099
0.00192944419227
0.00192924453779
0.00192904593079
0.00192884836116
0.00192865181934
0.00192845629686
0.00192826179566
0.00192806829975
0.00192787579873
0.00192768428476
0.00192749375012
0.00192730418724
0.00192711558865
0.00192692794701
0.00192674125511
0.00192655587228
0.00192637178574
0.00192618866438
0.00192600647366
0.00192582519156
0.00192564480306
0.00192546529715
0.00192528666508
0.00192510889943
0.0019249313608
0.00192475241854
0.00192457440873
0.00192439732271
0.00192422115219
0.00192404588908
0.0019238715255
0.0019236980537
0.00192352546609
0.00192335375519
0.00192318291365
0.00192301293421
0.00192284380972
0.00192267553314
0.0019225080975
0.00192234149596
0.00192217572174
0.00192201076816
0.00192184662858
0.00192168329649
0.00192152076543
0.00192135902901
0.00192119808094
0.00192103791497
0.00192087852492
0.0019207199071
0.00192056207884
0.0019204052116
0.00192024916059
0.00192009389481
0.00191993936806
0.00191978557457
0.00191963250867
0.00191948016468
0.00191932853702
0.00191917762011
0.00191902740846
0.00191887789661
0.00191872907915
0.00191858095071
0.00191843350596
0.00191828673962
0.00191814064646
0.00191799522126
0.00191785045888
0.00191770635418
0.0019175629021
0.00191742009758
0.00191727794534
0.00191713643271
0.00191699555268
0.00191685530033
0.0019167156708
0.00191657665926
0.00191643826093
0.00191630047102
0.00191616328483
0.00191602671026
0.00191589073125
0.00191575534188
0.00191562053754
0.00191548631368
0.00191535266574
0.00191521958923
0.00191508707966
0.00191495513258
0.00191482374358
0.00191469290826
0.00191456262227
0.00191443288128
0.00191430368098
0.0019141750171
0.0019140468854
0.00191391928165
0.00191379220168
0.00191366567741
0.00191353971879
0.0019134142746
0.00191328933726
0.00191316490272
0.00191304096695
0.00191291752596
0.00191279457585
0.00191267211344
0.00191255013398
0.00191242863358
0.00191230760838
0.00191218705462
0.00191206696842
0.001911947346
0.0019118281836
0.00191170948697
0.00191159124344
0.00191147344876
0.00191135609927
0.00191123919136
0.00191112272143
0.00191100668593
0.00191089108142
0.00191077590424
0.0019106611509
0.00191054681793
0.00191043290189
0.00191031939935
0.00191020630692
0.00191009362124
0.00190998133896
0.00190986945676
0.00190975797134
0.00190964687945
0.00190953617785
0.00190942586331
0.00190931593263
0.00190920638266
0.00190909721029
0.00190898841235
0.00190887998574
0.0019087719275
0.00190866423483
0.00190855690434
0.00190844993304
0.00190834331797
0.00190823705618
0.00190813114471
0.00190802558116
0.00190792036233
0.00190781548526
0.00190771094704
0.00190760674486
0.00190750287594
0.0019073993375
0.00190729612681
0.00190719324115
0.00190709067782
0.00190698843416
0.00190688650751
0.00190678489525
0.0019066837143
0.00190658300742
0.00190648260527
0.00190638250533
0.00190628270509
