0.0286831268719
0.0143668103909
0.0125900148051
0.0110076221367
0.0100148546466
0.00878052615171
0.00769517374828
0.00700211873623
0.00664385228103
0.00628110641897
0.00597184896677
0.00575340045227
0.00562319172913
0.00554439678947
0.00549166730585
0.00545252639019
0.00542114456605
0.00539453737082
0.00537110555253
0.00534985646873
0.00533015019482
0.00531154396616
0.00529372023365
0.00527643689511
0.00525949966384
0.00524274523239
0.0052260306425
0.00520922737659
0.00519221862295
0.00517489906851
0.00515714448697
0.00513887529027
0.00512006203704
0.0051006694701
0.00508068571111
0.00506012117877
0.0050390053707
0.00501738222124
0.00499530476338
0.00497282893526
0.00495000470364
0.00492686647046
0.00490340666488
0.00487947846213
0.00485476403872
0.00482857059185
0.00479952238002
0.00476520805431
0.00472286348539
0.00467284967869
0.00461801412717
0.00455389713566
0.00447114899203
0.00439040045578
0.00433119737418
0.0042854870281
0.00424776475912
0.00421552816994
0.00418728985741
0.00416202618972
0.00413898230075
0.00411757402295
0.00409732753001
0.0040778377945
0.00405873854957
0.00403968192959
0.00402033115802
0.00400042681052
0.00397979551975
0.00395830956396
0.00393624727141
0.00391425594381
0.00389317127119
0.00387367740694
0.00385607992977
0.00384033018902
0.00382617990487
0.00381331691043
0.00380143840842
0.0037903287124
0.00378011637074
0.00377017165462
0.00376034181724
0.00375050797487
0.00374058503379
0.00373052540474
0.00372032463117
0.00371002518607
0.00369971661125
0.0036895257868
0.00367959700284
0.00367006931075
0.00366105615
0.00365263356347
0.00364483835218
0.0036376735876
0.00363111750358
0.00362513254604
0.00361967284994
0.00361468964067
0.00361013473999
0.00360596260894
0.00360213137353
0.00359860319743
0.00359534426491
0.00359232455165
0.00358951749423
0.00358689962535
0.00358445021247
0.00358215091926
0.00357998549842
0.00357793951847
0.00357600012347
0.00357415524437
0.00357239495573
0.00357071018943
0.00356909254804
0.00356751796974
0.00356588467672
0.00356429362123
0.00356273749938
0.00356120972046
0.00355970406754
0.00355821454298
0.00355673527101
0.00355526041873
0.00355378411363
0.00355230036828
0.00355080299455
0.00354928551017
0.00354774103518
0.00354616222021
0.00354454096084
0.00354286837238
0.00354113445822
0.00353932820545
0.0035374369436
0.00353544610574
0.00353333877952
0.00353109513888
0.00352869171757
0.00352610047038
0.00352328754792
0.00352021167998
0.00351682202023
0.00351305537
0.00350883547048
0.00350405681306
0.00349858831601
0.0034922593683
0.00348484351016
0.00347605120195
0.00346550830013
0.00345276471941
0.00343728674461
0.00341891205331
0.00339801004786
0.00337569679105
0.00335345801237
0.00333247340471
0.00331315197276
0.00329547293199
0.00327925225503
0.0032642697699
0.00325031334624
0.00323719216393
0.00322473975188
0.00321279844496
0.00320120966302
0.00318992044671
0.00317884797346
0.00316792594332
0.0031571026243
0.00314633944905
0.00313560942368
0.00312489393329
0.00311418041701
0.00310345918855
0.0030927197948
0.00308167501714
0.00307048229078
0.00305913577483
0.00304755202372
0.0030356013869
0.0030230778112
0.00300963879098
0.0029946734205
0.0029769773576
0.00295383200027
0.00291798431893
0.00284834719611
0.00272370643114
0.00261737628047
0.00255252334193
0.0025145647518
0.00248742655629
0.00246583222941
0.00244717020085
0.00243008388543
0.00241381415353
0.00239790638669
0.00238207501463
0.00236613897569
0.00234999590644
0.00233361419937
0.00231703502081
0.00230037532175
0.00228383059062
0.00226763769912
0.00225203820366
0.00223725075537
0.00222343220208
0.00221066305744
0.00219895578925
0.00218827256197
0.00217854513949
0.00216968959303
0.0021616173938
0.00215424560123
0.00214749669565
0.00214129981723
0.00213559429115
0.00213032687254
0.00212545106328
0.00212092649511
0.00211671787707
0.00211279436663
0.00210912891249
0.00210569776067
0.00210247983823
0.0020994564614
0.00209661104691
0.00209392883929
0.0020913966481
0.00208900246982
0.00208673560173
0.00208458639251
0.00208254611291
0.00208060758984
0.00207876311916
0.00207700582725
0.00207532991534
0.00207372997496
0.00207220132926
0.00207073883199
0.00206933820577
0.00206799557262
0.0020667073575
0.00206550249386
0.00206488207871
0.0020643116323
0.00206375327541
0.00206320308075
0.00206266047109
0.00206212518873
0.00206159701642
0.00206107575033
0.00206056119674
0.00206005317111
0.00205955149738
0.0020590560313
0.00205856659035
0.00205808301793
0.00205760516658
0.00205713289473
0.0020566660665
0.00205620455128
0.00205574822347
0.00205529696214
0.00205485065091
0.00205440917738
0.00205397243313
0.00205354032544
0.002053112756
0.00205268961198
0.00205227079884
0.00205185622512
0.00205144580225
0.00205103944445
0.00205063706847
0.00205023859362
0.00204984394161
0.00204945303644
0.00204906583144
0.0020486872973
0.00204831234699
0.00204794088713
0.00204757284951
0.00204720816988
0.0020468467859
0.00204648863688
0.00204613366376
0.00204578180904
0.00204543301665
0.00204508723199
0.00204474440179
0.00204440447412
0.0020440673983
0.00204373312488
0.00204340160566
0.00204307279345
0.00204274664222
0.002042423107
0.00204210214388
0.00204178370992
0.00204146776316
0.00204115426255
0.00204084316798
0.00204053444019
0.00204022804078
0.00203992393226
0.00203962207785
0.0020392113561
0.00203871392996
0.00203822992944
0.00203775724612
0.00203729457984
0.00203684096634
0.00203639557104
0.00203595772608
0.00203552687438
0.00203510254753
0.00203468434792
0.00203427193505
0.00203386501465
0.00203346332986
0.0020330666543
0.00203267478651
0.00203228754557
0.00203190476755
0.00203152630268
0.0020311520131
0.00203078177101
0.00203041545718
0.0020300529598
0.00202969417346
0.00202933899837
0.00202898733972
0.00202863910712
0.00202829421419
0.00202795241024
0.00202761362431
0.00202727793536
0.00202694526962
0.00202661611052
0.00202629014211
0.00202596697269
0.00202564653891
0.00202532877933
0.00202501363446
0.00202470104662
0.00202439136809
0.00202408426584
0.0020237795471
0.00202347716099
0.00202317705813
0.00202287919067
0.00202258351213
0.00202228997677
0.00202199854047
0.00202170916032
0.00202142179457
0.00202113640257
0.00202085294478
0.00202057138271
0.00202029167885
0.00202001379669
0.00201973770067
0.00201946335614
0.00201919072931
0.00201891978724
0.00201865049785
0.00201838282984
0.00201811675266
0.00201785223684
0.00201758925329
0.00201732777336
0.00201706776936
0.00201680921425
0.00201655208164
0.00201629634574
0.00201604198136
0.00201578896387
0.00201553726922
0.00201528687387
0.00201503775482
0.00201478988958
0.00201454325613
0.00201429783293
0.00201405359891
0.00201381053341
0.00201356861805
0.00201332783492
0.00201308816086
0.00201284957715
0.00201261206483
0.00201237560563
0.0020121401842
0.00201190580195
0.0020116724197
0.00201144002051
0.00201120858779
0.00201097810524
0.00201074855684
0.00201051992685
0.0020102921998
0.00201006536048
0.00200983939396
0.00200961428552
0.00200939002085
0.00200916658613
0.00200894396669
0.0020087221487
0.00200850111853
0.00200828086276
0.00200806136814
0.00200784262161
0.00200762461029
0.00200740867384
0.00200719394969
0.00200697989714
0.00200676650356
0.00200655375675
0.00200634164477
0.00200613015587
0.00200591927849
0.00200570900142
0.00200549931321
0.00200529020272
0.00200508165893
0.00200487367091
0.00200466622785
0.00200445931903
0.00200425293377
0.00200404706151
0.00200384169172
0.00200363681394
0.00200343241775
0.0020032284928
0.00200302502875
0.00200282201531
0.00200261944222
0.00200241729923
0.00200221557612
0.00200201426267
0.00200181335035
0.00200161300114
0.00200141401741
0.00200121540986
0.00200101716426
0.00200081926995
0.00200062171664
0.00200042449409
0.00200022759498
0.00200003100709
0.00199983471897
0.00199963872025
0.00199944300049
0.00199924754922
0.00199905235588
0.00199885740984
0.0019986627004
0.00199846821675
0.001998273948
0.00199807988728
0.00199788602689
0.00199769234789
0.00199749883977
0.00199730549649
0.00199711230013
0.00199691923891
0.00199672630092
0.00199653347405
0.00199634074605
0.00199614810445
0.0019959555366
0.00199576302961
0.00199557057041
0.00199537814567
0.00199518574183
0.00199499334505
0.00199480094124
0.00199460851602
0.0019944160547
0.00199422354228
0.00199403096343
0.00199383830246
0.00199364554334
0.00199345266962
0.00199325966447
0.00199306651062
0.00199287319035
0.001992679686
0.00199248599261
0.00199229207661
0.00199209791808
0.0019919034967
0.00199170879151
0.00199151378095
0.00199131844276
0.00199112275398
0.0019909266909
0.00199073022901
0.00199053334299
0.00199033600661
0.00199013819274
0.00198993987326
0.001989741019
0.00198954159972
0.001989341584
0.00198914093922
0.00198893963142
0.00198873762531
0.00198853488412
0.00198833136953
0.00198812704158
0.00198792185858
0.00198771577698
0.00198750875124
0.00198730073376
0.00198709167468
0.00198688152178
0.00198667022028
0.00198645771272
0.00198624396696
0.0019860289267
0.0019858124869
0.00198559457717
0.00198537512333
0.00198515404715
0.00198493126605
0.00198470669282
0.00198448023517
0.00198425179537
0.00198402126994
0.00198378854913
0.0019835535165
0.00198331604845
0.00198307601322
0.0019828332708
0.00198258767202
0.00198233905785
0.0019820872586
0.00198183209303
0.00198157336745
0.00198131087465
0.00198104439283
0.00198077368447
0.00198049849488
0.00198021855086
0.00197993355932
0.00197964320567
0.00197934715214
0.00197904503603
0.00197873646794
0.00197842102983
0.00197809827324
0.00197776771796
0.00197742885183
0.0019770811213
0.00197672393918
0.00197635668056
0.00197597868267
0.00197558924544
0.00197518763327
0.00197477307823
0.00197434478507
0.00197390193863
0.00197344371395
0.00197296928988
0.00197247786657
0.00197196868733
0.00197144106505
0.00197089441412
0.00197032828667
0.0019697424128
0.00196913674359
0.00196851149458
0.00196786718687
0.00196720468219
0.00196652520767
0.00196583036614
0.00196512212797
0.00196440280192
0.00196367498392
0.0019629414855
0.00196220524549
0.00196146923139
0.0019607363378
0.00196000929029
0.00195929056175
0.00195858236376
0.00195788651089
0.00195720434684
0.00195653690137
0.00195588484267
0.00195524754237
0.00195462412727
0.00195401636534
0.00195342387392
0.00195284612225
0.00195228247378
0.00195173222323
0.00195119462931
0.00195066893646
0.00195015439547
0.00194965028045
0.0019491558981
0.00194867059458
0.00194819375971
0.00194772482873
0.00194726328447
0.00194680865153
0.00194636049663
0.00194591842792
0.00194548209079
0.00194505116495
0.00194462536138
0.0019442044194
0.00194378810385
0.00194337620249
0.00194296852351
0.00194256489335
0.00194216515571
0.00194176916655
0.00194137679551
0.00194098792365
0.00194060244202
0.0019402202505
0.00193984125684
0.00193946537573
0.00193909252801
0.00193872264003
0.00193835564304
0.00193799147261
0.00193763006824
0.00193727137291
0.00193691533276
0.00193656189672
0.00193621101634
0.00193586264543
0.00193551673994
0.00193517325776
0.0019348321585
0.00193449340342
0.00193415695527
0.00193382277816
0.00193349083749
0.00193316109983
0.00193283353287
0.00193250810535
0.00193218478696
0.00193186354829
0.00193154436081
0.00193122719679
0.00193091202928
0.00193059883205
0.00193028757957
0.00192997824697
0.00192967005402
0.00192936081754
0.00192905341472
0.0019287478138
0.00192844399002
0.00192814192084
0.001927841585
0.00192754296225
0.00192724603318
0.00192695077909
0.0019266571819
0.00192636522409
0.0019260748886
0.00192578615882
0.00192549901852
0.00192521345187
0.00192492944333
0.0019246469777
0.00192436604007
0.00192408661582
0.00192380869057
0.00192353225023
0.00192325728093
0.00192298376925
0.00192271170201
0.0019224410656
0.00192217184704
0.00192190403355
0.00192163761256
0.00192137257169
0.00192110889873
0.00192084658168
0.0019205856087
0.00192032596811
0.00192006764841
0.00191981063827
0.00191955492651
0.00191930050209
0.00191904735415
0.00191879547196
0.00191854484494
0.00191829546262
0.00191804731472
0.00191780039105
0.00191755468156
0.00191731017634
0.00191706686558
0.00191682473963
0.00191658378891
0.00191634400399
0.00191610537555
0.00191586789435
0.0019156315513
0.00191539633739
0.00191516224372
0.00191492926149
0.001914697382
0.00191446659664
0.00191423689691
0.00191400827439
0.00191378072075
0.00191355422777
0.00191332878728
0.00191310439123
0.00191288103163
0.00191265870059
0.00191243739029
0.00191221709298
0.00191199780102
0.00191177950681
0.00191156220285
0.00191134588168
0.00191113053596
0.00191091615837
0.0019107027417
0.00191049027878
0.00191027876252
0.00191006818589
0.00190985854514
0.00190964983329
0.00190944204037
0.00190923515959
0.00190902918424
0.00190882410765
0.00190861992323
0.00190841662442
0.00190821420473
0.00190801265773
0.00190781197704
0.00190761215633
0.00190741318932
0.00190721506979
0.00190701779156
0.00190682134851
0.00190662573457
0.0019064309437
0.00190623696993
0.00190604380732
0.00190585144999
0.00190565989095
0.00190546912198
0.0019052791409
0.001905089942
0.00190490152991
0.00190471392386
0.00190452708312
0.00190434100212
0.00190415567536
0.00190397109736
0.00190378726269
0.00190360416594
0.00190342180177
0.00190324016485
0.00190305924991
0.00190287905169
0.00190269956499
0.00190252078463
0.00190234270547
0.0019021653224
0.00190198863037
0.00190181262432
0.00190163729925
0.0019014626502
0.00190128867221
0.00190111536038
0.00190094271032
0.00190077071687
0.00190059937504
0.00190042868003
0.0019002586271
0.0019000892115
0.00189992042854
0.00189975227355
0.00189958474186
0.00189941782888
0.00189925152999
0.00189908584064
0.00189892075629
0.00189875627242
0.00189859238454
0.00189842908818
0.0018982663789
0.00189810425229
0.00189794270395
0.00189778172951
0.00189762132463
0.00189746148497
0.00189730220623
0.00189714348414
0.00189698531463
0.00189682769339
0.00189667061607
0.00189651407846
0.0018963580764
0.00189620260571
0.00189604766226
0.00189589324193
0.00189573934061
0.00189558595422
0.00189543307869
0.00189528070998
0.00189512884404
0.00189497747686
0.00189482660444
0.00189467622279
0.00189452632796
0.00189437691598
0.00189422798291
0.00189407952483
0.00189393153783
0.00189378401802
0.00189363696151
0.00189349036442
0.00189334422292
0.00189319853314
0.00189305329125
0.00189290849345
0.0018927641359
0.00189262021483
0.00189247672643
0.00189233366692
0.00189219103255
0.00189204881955
0.00189190702417
0.00189176564267
0.00189162467132
0.00189148410638
0.00189134394415
0.0018912041809
0.00189106481295
0.00189092583658
0.0018907872481
0.00189064904384
0.0018905112201
0.00189037377322
0.0018902366995
0.0018900999953
0.00188996365694
0.00188982768075
0.00188969206308
0.00188955680027
0.00188942188866
0.00188928732459
0.00188915310441
0.00188901922447
0.0018888856811
0.00188875247064
0.00188861958945
0.00188848703386
0.00188835480021
0.00188822288482
0.00188809128404
0.00188795999419
0.00188782901158
0.00188769833255
0.00188756795339
0.00188743787042
0.00188730807992
0.0018871785782
0.00188704936153
0.00188692042619
0.00188679176843
0.00188666338453
0.00188653527071
0.00188640742321
0.00188627983825
0.00188615251203
0.00188602544076
0.0018858986206
0.00188577204773
0.00188564571829
0.00188551962841
0.0018853937742
0.00188526815177
0.00188514275719
0.00188501758652
0.00188489263578
0.001884767901
0.00188464337817
0.00188451906326
0.0018843949522
0.00188427104092
0.0018841473253
0.00188402380122
0.00188390046453
0.00188377731107
0.00188365433666
0.00188353153694
0.00188340890761
0.00188328644435
0.00188316414278
0.00188304199851
0.00188292000709
0.00188279816406
0.00188267646489
0.00188255490502
0.00188243347984
0.00188231218469
0.00188219101488
0.00188206996565
0.0018819490322
0.00188182820968
0.00188170749318
0.00188158687774
0.00188146635833
0.00188134592988
0.00188122558723
0.00188110532518
0.00188098513844
0.00188086502169
0.0018807449695
0.00188062497638
0.00188050503677
0.00188038514503
0.00188026529543
0.00188014548217
0.00188002569936
0.00187990594105
0.00187978620154
0.00187966647434
0.00187954675309
0.0018794270314
0.00187930730282
0.00187918756075
0.00187906779849
0.00187894800923
0.00187882818604
0.00187870832185
0.00187858840947
0.0018784684416
0.00187834841076
0.00187822830935
0.00187810812963
0.00187798786369
0.00187786750347
0.00187774704075
0.00187762646713
0.00187750577406
0.00187738495277
0.00187726399433
0.0018771428896
0.00187702162926
0.00187690669139
0.00187680568651
0.00187670657989
0.00187660830265
0.00187651059902
0.00187641338308
0.00187631660865
0.00187622024218
0.00187612425648
0.00187602861972
0.00187593330952
0.00187583832149
0.00187574364126
0.00187564925637
0.00187555515594
0.00187546133038
0.00187536777119
0.00187527447081
0.00187518142247
0.00187508862004
0.00187499605799
0.00187490373125
0.0018748116352
0.00187471976557
0.00187462811842
0.00187453669008
0.00187444547713
0.00187435447637
0.0018742636848
0.00187417309956
0.00187408271798
0.0018739925375
0.00187390255569
0.00187381277023
0.0018737231789
0.00187363377955
0.00187354457014
0.00187345554868
0.00187336671326
