0.0461137094361
0.0460613573451
0.0460126767388
0.0459823573234
0.0459622340215
0.0459448227297
0.0459264466502
0.0459045678759
0.0458761682063
0.0458336559087
0.0457350692458
0.045488497514
0.0453028293056
0.0451403716882
0.0450537121881
0.0449743593676
0.0448531068214
0.0442009821469
0.0433467401037
0.0429853735956
0.042435475293
0.0412564887456
0.040013237145
0.0394847206958
0.0389711712253
0.0379266450378
0.0372302527637
0.0369036441095
0.0363335617362
0.0360498369198
0.0349158662618
0.0346218526658
0.0342610940057
0.0332730586187
0.0325953742252
0.0320363850739
0.0309683722937
0.030547433145
0.0298697098569
0.0284052732968
0.0279102229892
0.0270745356986
0.0241311243455
0.0230161317744
0.0224688296114
0.0218444507553
0.0215259024524
0.0206365578484
0.0199389458008
0.0193186409029
0.0190057495428
0.0187993939098
0.0185750729076
0.0182298990333
0.0177535673014
0.0174445667242
0.017236064863
0.017088648035
0.0169760795354
0.0168719181153
0.0167338586762
0.0165216014289
0.016283122885
0.0160506987659
0.0157247652437
0.0154810637462
0.0153631815302
0.0152768475037
0.0151924454907
0.0150756004064
0.0149004282541
0.014663013422
0.0141816363365
0.0132482891875
0.0122451003273
0.010440833167
0.00912640210043
0.00817319591146
0.0074784870577
0.00707235819732
0.00675263620904
0.00637948503713
0.00613237401866
0.00596676141364
0.00583117803217
0.00570987659302
0.00559668436032
0.00549061515139
0.00539315323751
0.00530584328355
0.00522888818305
0.00516134427258
0.00510185925693
0.00504977053623
0.00500371999712
0.00496252525702
0.00492548698073
0.00489200641248
0.00486156079782
0.00483369497436
0.00480801989811
0.00478420710549
0.00476196611695
0.00474098337616
0.00472115332473
0.00470230510914
0.00468429210947
0.00466698638855
0.00465027669596
0.00463406401313
0.00461825896809
0.00460277951242
0.00458754970805
0.00457250033364
0.00455756384505
0.00454267766184
0.00452778318301
0.00451282614918
0.00449775735738
0.00448253438889
0.00446712275315
0.00445149578247
0.00443564198914
0.0044195578888
0.00440324842192
0.00438672345776
0.00436999274629
0.0043530606142
0.00433592053012
0.00431854993948
0.00430090656586
0.0042829251969
0.0042645163552
0.00424556512046
0.00422593234301
0.00420544764331
0.00418345114842
0.00416020037683
0.00413555654974
0.00410945314861
0.00408192610419
0.00405312058558
0.0040232650993
0.0039926224534
0.00396144325136
0.003929942519
0.00389830320239
0.00386669578695
0.00383529435485
0.00380427271584
0.00377378296975
0.00374388432425
0.00371431146172
0.00368557990342
0.00365769024994
0.00363063960304
0.00360443120782
0.00357907477531
0.00355458265125
0.00353096466171
0.00350821701981
0.00348633717616
0.00346529491784
0.00344508221587
0.00342567149298
0.00340702543002
0.00338895082854
0.0033714162512
0.00335450181748
0.0033381596832
0.00332234180811
0.00330700104399
0.00329209103708
0.00327756649833
0.00326338319554
0.0032494978173
0.00323586792974
0.00322245173704
0.00320920903525
0.00319609832507
0.00318307872704
0.00317011001093
0.00315715228683
0.00314416627491
0.00313111390344
0.00311795890336
0.00310466814161
0.00309121214609
0.00307692359936
0.00306181171309
0.00304616641544
0.00302994162062
0.00301309990725
0.00299561327995
0.00297746367795
0.00295864472415
0.00293916677077
0.00291906410776
0.00289840843052
0.00287732384664
0.00285599504322
0.00283466197247
0.00281359760295
0.00279306300395
0.00277327352515
0.00275442633273
0.0027366122195
0.00271985731961
0.00270413898185
0.00268940247085
0.00267557524508
0.00266257722607
0.0026503276071
0.00263874882783
0.00262776864582
0.00261732086762
0.00260734564572
0.00259778920598
0.00258860344411
0.00257974529856
0.00257117635772
0.0025628622723
0.00255477354182
0.00254688141216
0.00253916118079
0.00253159069691
0.00252415010325
0.00251682157839
0.00250958908799
0.0025024382829
0.00249535628939
0.00248833158898
0.00248135603122
0.00247441980633
0.00246751335669
0.00246062934977
0.00245376112706
0.00244690273192
0.00244004872824
0.00243319412915
0.00242633422375
0.00241946452009
0.00241258057889
0.00240567792465
0.00239875193101
0.00239179779136
0.00238481036874
0.00237778414499
0.0023707131862
0.0023635911179
0.00235641111338
0.00234915089797
0.00234180376083
0.00233437614858
0.0023268601768
0.00231924824281
0.00231153341863
0.0023037098934
0.00229577005179
0.0022877115869
0.00227950189354
0.00227118523836
0.00226277283544
0.00225428137108
0.0022457330091
0.00223715494175
0.00222857832464
0.00222003654957
0.00221156360857
0.00220319209503
0.00219495137917
0.00218686645671
0.0021789572246
0.00217123820897
0.00216371903324
0.0021564048458
0.0021492971491
0.00214239459248
0.00213569369434
0.00212918942853
0.00212287577827
0.0021167454524
0.00211079128905
0.00210500728343
0.00209938542055
0.00209391863083
0.00208860201795
0.00208342944985
0.00207839503117
0.00207349479415
0.00206872540129
0.00206407791687
0.00205954757516
0.00205512983699
0.00205082038018
0.00204661501734
0.00204250979518
0.00203850082575
0.00203458459998
0.00203075792643
0.00202701751088
0.00202336020896
0.00201978300275
0.00201628303192
0.00201285750818
0.00200950375406
0.00200622026211
0.00200300959679
0.00199986303739
0.00199677836235
0.00199375343027
0.00199078618883
0.00198787466788
0.00198501696148
0.00198221124679
0.00197945578309
0.00197674889473
0.00197408898126
0.00197147450038
0.00196890397091
0.00196637597608
0.00196388918579
0.00196144225549
0.00195903393081
0.00195666307005
0.0019543284659
0.00195202905155
0.00194976373344
0.00194753148046
0.00194533130995
0.00194316229337
0.00194102352325
0.00193891413138
0.00193683329026
0.00193478020449
0.00193275410541
0.00193075425141
0.00192877994394
0.00192683049869
0.00192490525991
0.00192300360131
0.00192112491584
0.00191926862001
0.00191743415568
0.00191562098609
0.00191382859061
0.00191205647134
0.0019103041355
0.00190857097309
0.00190685669468
0.00190516086624
0.00190348307247
0.00190182291189
0.00190018000032
0.00189855396918
0.00189694445546
0.00189535110622
0.00189377358996
0.00189221158027
0.00189066476211
0.00188913283498
0.00188761550344
0.00188611248408
0.00188462350301
0.00188314829825
0.00188168661158
0.00188023819383
0.00187880280298
0.00187738020795
0.00187597019042
0.00187457252839
0.00187318700686
0.00187181342354
0.00187045157746
0.0018691012842
0.00186776235993
0.00186643461784
0.00186511787701
0.0018638119642
0.00186251671395
0.00186123196643
0.00185995756326
0.00185869335344
0.00185743919611
0.00185619494351
0.00185496045316
0.00185373558817
0.00185252021575
0.00185131420786
0.00185011744209
0.00184892979548
0.00184775114885
0.00184658138525
0.00184542823349
0.00184429377463
0.00184310477861
0.00184189127055
0.00184069128339
0.00183950423664
0.00183832973506
0.00183716743335
0.0018360170058
0.00183487813804
0.00183375053401
0.00183263391525
0.00183152801094
0.00183043256567
0.00182934733461
0.00182827208882
0.00182720660097
0.00182615065881
0.00182510405751
0.00182406660277
0.00182303810738
0.00182201839055
0.00182100728021
0.00182000460982
0.00181901021896
0.00181802395527
0.00181704567123
0.00181607522494
0.00181511247978
0.00181415730398
0.00181320956928
0.00181226915362
0.00181133593829
0.00181040981003
0.00180949065614
0.00180857837017
0.00180767284848
0.00180677399056
0.00180588169877
0.00180499588518
0.00180411645938
0.00180324332723
0.00180237640295
0.00180151559896
0.00180066083348
0.00179981202846
0.00179896910485
0.00179813198682
0.00179730060097
0.00179647487551
0.00179565474227
0.00179484013837
0.00179403098972
0.00179322723137
0.00179242880035
0.0017916356364
0.00179084768217
0.00179006486953
0.00178928713995
0.00178851443651
0.00178774670215
0.00178698388134
0.0017862259204
0.0017854727651
0.00178472436276
0.00178398066329
0.00178324162225
0.00178250718336
0.00178177729671
0.00178105191384
0.00178033098733
0.00177961447091
0.00177890231806
0.00177819448376
0.00177749092332
0.00177679159287
0.0017760964494
0.0017754054494
0.00177471855253
0.00177403572335
0.00177335691215
0.00177268207861
0.00177201118284
0.00177134418474
0.00177068104562
0.0017700217282
0.00176936619262
0.00176871440105
0.00176806632748
0.00176742193527
0.00176678117577
0.00176614401282
0.00176551041073
0.00176488033428
0.00176425375021
0.00176363062323
0.00176301099862
0.0017623952199
0.00176178278755
0.00176117366852
0.00176056782985
0.00175996523919
0.00175936586511
0.00175876967566
0.00175817663859
0.00175758672256
0.00175699989667
0.00175641613022
0.00175583539319
0.00175525765527
0.00175468288662
0.00175411105772
0.00175354213938
0.00175297610255
0.00175241291861
0.00175185255914
0.00175129499588
0.00175074020073
0.00175018814624
0.00174963880477
0.00174909214915
0.00174854815275
0.00174800678857
0.00174746802998
0.00174693185067
0.00174639822465
0.00174586712606
0.00174533852987
0.00174481241007
0.00174428874175
0.00174376750002
0.00174324866002
0.0017427321973
0.00174221808756
0.00174170630668
0.00174119683072
0.00174068963605
0.00174018469925
0.00173968199711
0.00173918150658
0.00173868320483
0.00173818706919
0.00173769307755
0.00173720120762
0.00173671143703
0.00173622374412
0.00173573810703
0.00173525450428
0.00173477291454
0.00173429331671
0.00173381568986
0.00173334001323
0.00173286626703
0.00173239443026
0.00173192448518
0.00173145641941
0.00173099020254
0.00173052581494
0.00173006323784
0.00172960245402
0.00172914344138
0.0017286900422
0.00172824239067
0.00172780083902
0.00172735950327
0.0017269188156
0.00172648122775
0.0017260460612
0.00172561252049
0.00172517863249
0.00172474598447
0.00172431550917
0.00172389033163
0.00172346142495
0.00172303495728
0.00172261362229
0.00172218863492
0.00172176893345
0.00172134861678
0.00172092915663
0.00172051314964
0.00172009569583
0.0017196825357
0.00171926841335
0.00171885664683
0.00171844668079
0.00171803521052
0.0017176293959
0.00171721910821
0.00171681473995
0.00171641126239
0.00171600440007
0.00171560393126
0.0017152038639
0.0017148004667
0.00171440242677
0.00171400613714
0.00171360814444
0.0017132102641
0.00171281688511
0.00171242442042
0.00171203169238
0.00171163796623
0.00171124639336
0.00171085756397
0.00171046974026
0.00171008274306
0.00170969635016
0.00170930930034
0.00170892330905
0.00170853841797
0.00170815471347
0.00170777273945
0.0017073916568
0.00170701131725
0.00170663175423
0.00170625297736
0.00170587498572
0.00170549777377
0.00170512133395
0.00170474565785
0.00170437073658
0.00170399684027
0.00170362450233
0.00170325283502
0.00170288226683
0.00170251221261
0.00170214134382
0.0017017711703
0.00170140157348
0.00170103293614
0.00170066713857
0.0017003021806
0.00169993567294
0.00169956923901
0.0016992037708
0.00169884172656
0.00169847938966
0.00169811915078
0.00169776186223
0.00169740839937
0.00169705110644
0.00169669622787
0.00169634360859
0.00169598774995
0.00169563738739
0.0016952834858
0.00169493248196
0.00169458130476
0.00169423026347
0.0016938812178
0.0016935306065
0.00169318309483
0.00169283358467
0.00169248693741
0.00169213909824
0.00169179259238
0.00169144703754
0.00169110012217
0.00169075728059
0.00169040988282
0.00169006768729
0.00168972352467
0.00168937954174
0.00168903892211
0.00168869487037
0.00168835338278
0.00168801388279
0.00168767110175
0.0016873307438
0.00168699243322
0.00168665188113
0.00168631137767
0.00168597433647
0.00168563710049
0.00168529748589
0.00168495884883
0.00168462311899
0.00168428737945
0.00168395043259
0.00168361334364
0.0016832769098
0.0016829427065
0.00168260863031
0.00168227469113
0.00168194021058
0.00168160551697
0.00168127144189
0.00168093784899
0.00168060467686
0.00168027240062
0.00167994074071
0.00167960914452
0.00167927771659
0.00167894650218
0.00167861551907
0.00167828477278
0.00167795426335
0.00167762398841
0.00167729394446
0.00167696412743
0.00167663453296
0.00167630515652
0.00167597599349
0.00167564703913
0.00167531885195
0.00167499140015
0.00167466401568
0.00167433679292
0.0016740090998
0.00167368088603
0.00167335304711
0.00167302636896
0.0016727006555
0.00167237495269
0.00167204756449
0.00167172036375
0.00167139516604
0.00167107047121
0.0016707440794
0.0016704173146
0.0016700933341
0.00166976889929
0.00166944219955
0.00166911799385
0.00166879424641
0.00166846778913
0.00166814438033
0.00166782013246
0.00166749456531
0.00166717213724
0.00166684650575
0.00166652347526
0.00166619924997
0.00166587535918
0.00166555208658
0.00166522771949
0.00166490493681
0.00166458062397
0.00166425779666
0.00166393400543
0.00166361052636
0.00166328774644
0.00166296324445
0.00166264172701
0.00166231697738
0.00166199440134
0.0016616713724
0.00166134680365
0.00166102513954
0.0016607015756
0.00166037717009
0.00166005505799
0.00165973217504
0.0016594079053
0.00165908426048
0.0016587620937
0.00165843857816
0.00165811437742
0.0016577901006
0.00165746722461
0.0016571444273
0.00165682062498
0.00165649627934
0.00165617194875
0.00165584749014
0.00165552308293
0.00165519915698
0.00165487509528
0.00165455078669
0.00165422638448
0.00165390179954
0.00165357694569
0.00165325185949
0.00165292655364
0.00165260103024
0.00165227516821
0.00165194906625
0.0016516228626
0.00165129707962
0.00165097113547
0.00165064498825
0.00165031865472
0.0016499915802
0.00164966347284
0.00164933575226
0.00164900869458
0.00164868139568
0.00164835261046
0.00164802338645
0.00164769539111
0.00164736694709
0.00164703613327
0.00164670720745
0.00164637787764
0.00164604621734
0.00164571656185
0.00164538527363
0.0016450538042
0.00164472279271
0.00164438983386
0.00164405846745
0.00164372450817
0.00164339233751
0.00164305774121
0.0016427243242
0.00164238956537
0.0016420541738
0.00164171961767
0.00164138293328
0.00164104716439
0.00164071055174
0.001640372562
0.001640035031
0.00163969734275
0.00163935789377
0.00163901803226
0.00163867855111
0.00163833881456
0.00163799741816
0.00163765538817
0.00163731289715
0.00163696979623
0.00163662614987
0.00163628232354
0.00163593778034
0.00163559242771
0.001635246298
0.00163489939812
0.00163455172358
0.00163420326469
0.00163385392741
0.00163350427737
0.00163315396142
0.00163280287579
0.00163245105166
0.00163209841083
0.00163174386198
0.00163138907385
0.00163103400362
0.00163067810783
0.00163031942008
0.00162995954143
0.00162959905997
0.00162923748949
0.00162887396356
0.0016285108913
0.0016281462475
0.00162778047344
0.00162741402975
0.00162704619348
0.00162667693782
0.00162630779254
0.00162593628128
0.00162556374773
0.00162519124589
0.00162481650575
0.00162444046689
0.00162406322818
0.00162368480518
0.00162330508952
0.00162292411059
0.00162254182053
0.00162215818337
0.00162177316743
0.00162138674264
0.0016209989222
0.00162060964113
0.00162021889122
0.00161982636643
0.00161943182463
0.00161903642284
0.00161863945488
0.001618239943
0.00161783962555
0.00161743763155
0.00161703302894
0.00161662751336
0.00161621941281
0.00161581023399
0.00161539844572
0.00161498550467
0.00161456985128
0.00161415227843
0.00161373332965
0.00161331165512
0.00161288791765
0.00161246213527
0.00161203458255
0.00161160426584
0.00161117170489
0.00161073683906
0.00161029962731
0.00160986001184
0.00160941794028
0.00160897336158
0.00160852623699
0.0016080765106
0.00160762414675
0.00160716866354
0.00160671080587
0.0016062501392
0.00160578649921
0.00160531982881
0.00160485037998
0.00160437761711
0.00160390198875
0.00160342299311
0.00160294095511
0.0016024554465
0.00160196677853
0.00160147445552
0.00160097869627
0.00160047939047
0.00159997652529
0.00159946983887
0.00159895939311
0.00159844509391
0.00159792685865
0.00159740460553
0.00159687825155
0.00159634771211
0.00159581290085
0.0015952737296
0.0015947301083
0.00159418194499
0.00159362914572
0.00159307161446
0.00159250918853
0.00159194182791
0.00159136943369
0.00159079190125
0.00159020912505
0.0015896209976
0.00158902740432
0.00158842823108
0.00158782336132
0.00158721267593
0.00158659605319
0.00158597336872
0.00158534449546
0.0015847093035
0.00158406766014
0.00158341942982
0.00158276447399
0.00158210265112
0.00158143381664
0.00158075782287
0.00158007451893
0.00157938375075
0.001578685361
0.00157797918898
0.00157726507062
0.00157654283843
0.00157581232143
0.00157507334513
0.00157432573144
0.00157356929868
0.00157280386152
0.00157202923091
0.00157124521417
0.00157045161475
0.00156964823237
0.00156883486297
0.00156801129869
0.00156717732788
0.00156633273503
0.00156547730085
0.00156461080227
0.00156373301241
0.0015628437007
0.00156194263287
0.00156102957105
0.00156010427379
0.00155916649615
0.00155821598983
0.00155725250324
0.00155627578166
0.0015552855674
0.0015543911286
0.00155381074148
0.00155322533791
0.00155263482767
0.00155203912006
0.0015514381237
0.00155083174638
0.00155021989508
0.00154960247594
0.00154897939429
0.00154835055461
0.00154771586065
0.00154707521537
0.00154642852107
0.0015457648721
0.00154507988924
0.00154438833775
0.00154368985333
0.0015429841772
0.00154227108841
0.00154155039383
0.00154082191799
0.00154008549664
0.00153934097306
0.00153858819544
0.00153782701523
0.00153705728599
0.00153627886264
