0.0471098868961
0.0469089872659
0.046782530663
0.046725912574
0.0466722954681
0.0465999260993
0.0464919489158
0.0462910495974
0.0457869810998
0.0448853791543
0.0431564151603
0.0390370655599
0.0331728112089
0.0283020634443
0.0243085188471
0.021690783809
0.0199101131783
0.0185445671622
0.0176398929271
0.0169164990337
0.0161598162138
0.0157776996195
0.0153866786383
0.0150587411626
0.0148171909113
0.0146076165902
0.0144669095411
0.0143629925018
0.0142794866779
0.0142079959777
0.0141428153663
0.0140726780062
0.0138411643393
0.0135865805779
0.0132003724417
0.0128978748506
0.0123466699412
0.011860397262
0.0115523959773
0.0113657650896
0.011245737994
0.0111464276976
0.0110551410363
0.0109693339745
0.0108874954182
0.0108102356444
0.0107381207594
0.0106687228995
0.0105972951162
0.0105195298426
0.0104393909087
0.0103655866066
0.0103011274328
0.0102464030143
0.0102010417817
0.0101639095349
0.0101333114807
0.0101074914202
0.0100850022846
0.0100658636954
0.0100474954708
0.0100289228967
0.0100093095078
0.00998789996933
0.00996408707726
0.00993761889371
0.00990891301982
0.0098790040681
0.00984855728183
0.0098162593104
0.00977634480826
0.00971209145373
0.00958485881235
0.00926979488271
0.00886456672986
0.00848250971744
0.00821792843489
0.00802702118398
0.0078759148684
0.00776352844925
0.00767881244078
0.00760729926067
0.00755281756262
0.00751575013687
0.00748875393485
0.00746651046208
0.00744673923492
0.00742641314046
0.00740384202434
0.00737749970541
0.00734635406058
0.00730943313588
0.00726060574133
0.00716081504462
0.00701008947988
0.00689123526822
0.00680406218563
0.00673601221412
0.00667808657528
0.00663281530053
0.00660053023427
0.00657749696822
0.00656032100177
0.00654681789903
0.00653564615503
0.00652594888097
0.00651714096944
0.00650879110044
0.00650055484314
0.00649213495058
0.0064832567933
0.00647365274883
0.00646305177085
0.00645117005675
0.00643769422903
0.00642223471051
0.00640419521228
0.0063824528193
0.00635474933054
0.00631726460847
0.00626685892669
0.00620698127153
0.00614814863483
0.00609704151026
0.00605122687265
0.00600370422228
0.00594504139124
0.00587105949349
0.00579749354745
0.00573370039068
0.00567556406099
0.00561991269906
0.00556631335767
0.00551498676835
0.00546572743835
0.00541726801305
0.00536600382341
0.0053084127512
0.00524972827369
0.00519868950032
0.0051528296005
0.00510891219625
0.00506795863407
0.00502990889855
0.00499231298086
0.00495345744696
0.00491467568493
0.00487758243446
0.00484151667601
0.00480516278294
0.00476862900053
0.00473329138434
0.004699815581
0.00466732230262
0.00463422341614
0.00459930449372
0.00456236032748
0.00452399381695
0.00448452369883
0.00444275340207
0.00439512935183
0.00433570479076
0.00426094391472
0.00417899638237
0.00410430446952
0.00404456265414
0.00399687016152
0.00395478674376
0.00391295772144
0.00386839830572
0.00382230856504
0.00377939335968
0.00374279440418
0.00371213746245
0.0036854078499
0.0036605866754
0.00363653259259
0.0036141106116
0.00359493460598
0.00358017016126
0.00356925334121
0.00356095334638
0.00355425663578
0.00354852579003
0.00354340121568
0.00353866318314
0.00353417872214
0.00352985435983
0.00352563229539
0.00352145311458
0.00351726436303
0.00351301023985
0.00350862542556
0.00350402753614
0.00349910676053
0.00349371343904
0.00348762580726
0.00348053557887
0.00347199695179
0.00346144661695
0.00344832283204
0.00343251254338
0.00341489469791
0.00339715137909
0.00338058483132
0.00336538320031
0.00335082339459
0.00333555366568
0.00331732502635
0.00329186049083
0.00325174420643
0.00319623057395
0.00314807644737
0.0031191998457
0.00310269158783
0.00309203858499
0.003083986197
0.00307703119861
0.00307046751585
0.00306396595211
0.00305739511677
0.00305073773259
0.00304403974685
0.00303737172258
0.00303080130389
0.00302437924748
0.00301813699491
0.00301209030351
0.00300624419075
0.00300059695847
0.00299514289501
0.00298987395296
0.00298478077271
0.00297985331306
0.00297508124926
0.00297045420722
0.002965961928
0.00296159435613
0.00295732958028
0.00295314249045
0.0029490435251
0.00294502176549
0.00294106646161
0.0029371668052
0.0029333117707
0.00292948995204
0.00292568937023
0.00292189723869
0.00291809963929
0.00291428105616
0.0029104239021
0.00290650776785
0.00290250843606
0.00289839658537
0.00289413601655
0.002889681244
0.00288497422105
0.00287993991864
0.00287448037811
0.0028684673811
0.00286173423779
0.00285406987783
0.00284522387703
0.00283494177143
0.00282306174597
0.0028096892134
0.00279543277273
0.00278118956996
0.00276781929556
0.00275580880837
0.00274519911291
0.00273582560919
0.00272749688209
0.0027200439019
0.00271334194847
0.00270728289286
0.00270177856332
0.0026967558308
0.00269178881819
0.002686699005
0.00268197982362
0.00267758271283
0.00267325767808
0.00266921950178
0.00266543396609
0.00266187286521
0.00265851155949
0.00265532753833
0.00265230083258
0.0026494147919
0.00264665447908
0.00264400631617
0.00264145718395
0.00263899625171
0.00263661395304
0.00263429985957
0.00263204558567
0.00262984302348
0.00262768370512
0.0026255605764
0.00262346565634
0.00262139133289
0.0026193304234
0.00261727465585
0.00261521566956
0.00261314448158
0.00261105129188
0.00260892505919
0.00260675337573
0.00260452199288
0.00260221346919
0.00259980807831
0.00259728110315
0.00259460246427
0.00259173488611
0.0025886317493
0.00258523406378
0.00258146705581
0.00257723661085
0.00257242636235
0.00256689901656
0.00256050699368
0.00255312569278
0.00254472030784
0.00253544304377
0.00252570340987
0.00251610936725
0.00250725165098
0.00249948500727
0.00249287705222
0.00248730625779
0.00248258212095
0.00247848369024
0.00247483614848
0.0024716022163
0.00246869132284
0.00246603704383
0.00246358846948
0.00246130767862
0.00245917080684
0.00245715648966
0.00245524803166
0.00245343221514
0.0024516983246
0.00245003763443
0.00244844291656
0.00244690810622
0.00244542805299
0.00244399833346
0.00244261512637
0.00244127505893
0.00243997517292
0.00243871280039
0.00243748554989
0.00243629126959
0.00243512800255
0.00243399395924
0.00243288749623
0.00243180709381
0.00243075134305
0.00242971893277
0.00242870863778
0.00242771930918
0.00242674986696
0.0024257992905
0.00242486661419
0.00242395092159
0.00242305133791
0.00242216704511
0.00242129736263
0.00242044138517
0.00241959837182
0.00241876762278
0.00241794844706
0.00241714014586
0.00241634208557
0.00241555359394
0.00241477402565
0.0024140028251
0.00241323933831
0.00241248288803
0.00241173284653
0.00241098858195
0.00241024945513
0.00240951481639
0.00240878400205
0.00240805633065
0.00240733112043
0.00240660768601
0.00240588520342
0.00240516287627
0.0024044398661
0.00240371528586
0.00240298819279
0.00240225758038
0.00240152236951
0.00240078140014
0.00240003341661
0.00239927705617
0.00239851083758
0.00239773314449
0.00239694220927
0.00239613609263
0.00239531286392
0.00239447002635
0.0023936051442
0.00239271534552
0.00239179747148
0.00239084820012
0.00238986373908
0.00238883991662
0.00238777222837
0.00238665577671
0.00238548526614
0.002384255013
0.0023829589768
0.0023815908232
0.00238014402061
0.00237861200111
0.00237698840618
0.0023752674348
0.00237343578646
0.00237149585207
0.00236945097667
0.00236730398912
0.00236506185693
0.00236273670946
0.00236034604772
0.00235791203861
0.00235545999048
0.00235301634929
0.00235060549742
0.00234824707829
0.00234595546412
0.00234373913402
0.00234160092252
0.00233953930869
0.00233755063472
0.00233562896301
0.00233376819836
0.00233196251055
0.00233020693255
0.00232849692735
0.00232682859888
0.00232519827401
0.00232360321967
0.00232204092846
0.00232050940313
0.00231900692079
0.00231753197439
0.00231608322572
0.00231465946965
0.00231325960692
0.00231188262199
0.00231052756878
0.00230919356689
0.00230787976247
0.00230658535183
0.00230530982206
0.00230405239687
0.00230281212248
0.00230158829967
0.00230038024581
0.0022991873011
0.00229800880828
0.00229684410797
0.0022956925461
0.00229455368011
0.0022934271096
0.00229231198043
0.00229120759162
0.00229011300895
0.00228902759433
0.00228795070055
0.00228688127249
0.00228581872
0.00228476253276
0.00228371226222
0.00228266608686
0.0022816231133
0.00228058223908
0.00227954233686
0.00227850201502
0.00227745978865
0.00227641424175
0.00227536315686
0.00227430435202
0.00227265306409
0.00227094206009
0.00226922007073
0.00226748377274
0.0022657282212
0.00226394874425
0.00226213869626
0.00226029101253
0.00225839696936
0.00225644586616
0.00225442523624
0.00225232030958
0.00225011363746
0.0022477860439
0.00224531697285
0.00224268724711
0.00223988137172
0.00223689435228
0.00223373735534
0.00223044405132
0.0022270714015
0.00222369392325
0.0022203902843
0.00221722662425
0.00221424623155
0.00221146652568
0.00220888371527
0.00220648017099
0.00220423128518
0.00220211280906
0.00220010222944
0.00219817964998
0.0021963280893
0.00219453579052
0.00219279263432
0.00219108983469
0.00218942193475
0.00218778339878
0.00218617038777
0.00218457962438
0.0021830083574
0.00218138117025
0.0021797446004
0.00217812429251
0.00217651859621
0.00217492670777
0.00217334676994
0.00217177763797
0.0021702182084
0.00216866742724
0.00216712438603
0.00216558815114
0.00216405786784
0.00216253275472
0.00216101210016
0.00215949525973
0.002157981654
0.00215647076684
0.00215496215518
0.00215345541439
0.00215195021013
0.00215044626681
0.00214894365665
0.00214744209362
0.002145941299
0.00214444121942
0.0021429418531
0.00214144324779
0.00213994549839
0.00213844874434
0.00213695316661
0.00213545898481
0.00213396645244
0.00213247585474
0.00213098750401
0.00212950173542
0.0021280189029
0.0021265393749
0.00212506353714
0.0021235917762
0.00212212447034
0.00212066200416
0.00211920475684
0.00211775309885
0.00211630738847
0.00211486796846
0.00211343516432
0.00211200929121
0.00211059062585
0.0021091794268
0.0021077759383
0.00210638037344
0.00210499290614
0.00210361369394
0.00210224286746
0.00210088053013
0.00209952676465
0.00209818161791
0.00209684510831
0.0020955172319
0.00209419795857
0.00209288721327
0.00209158493189
0.00209029101225
0.00208900532326
0.00208772770877
0.00208645798777
0.00208519595378
0.00208394137599
0.00208269399835
0.00208145353915
0.00208021969031
0.00207899211623
0.00207777085011
0.00207655534167
0.00207534491498
0.00207413910946
0.00207293742777
0.00207173933261
0.00207054424311
0.00206935160666
0.00206816126936
0.00206697187961
0.00206578263087
0.00206459264214
0.00206340094729
0.00206220648577
0.00206100808689
0.00205980445533
0.00205859415186
0.00205737577393
0.00205614770454
0.00205490753226
0.00205365297532
0.00205238144859
0.00205109001331
0.00204977531923
0.00204843353731
0.00204706042534
0.00204565128361
0.00204419996759
0.00204270001315
0.00204114416933
0.00203952443795
0.00203783222683
0.00203605868122
0.00203419526885
0.00203223468225
0.0020301720664
0.00202800645685
0.00202574213291
0.00202338942436
0.0020209644961
0.00201848789068
0.00201598207979
0.0020134687026
0.00201096626692
0.00200848881904
0.00200604565247
0.00200364179292
0.00200127888596
0.00199895615842
0.00199667125659
0.00199441244273
0.0019921535551
0.00198991987243
0.00198770701483
0.00198551045006
0.00198332542356
0.0019811468857
0.00197896937673
0.00197678689689
0.00197459268369
0.00197237902848
0.00197013703446
0.00196785628049
0.00196552448817
0.00196312720581
0.00196064754736
0.00195806622161
0.00195536221235
0.00195251471886
0.001949507118
0.00194633338173
0.00194300590335
0.00193956103983
0.00193605710505
0.00193256271052
0.00192914053935
0.00192583532389
0.00192267067873
0.00191965293336
0.00191677749157
0.00191403446342
0.00191141342868
0.00190890320776
0.00190649304167
0.00190417459138
0.00190194077166
0.00189978561248
0.00189770400053
0.00189569149045
0.00189374415905
0.00189185849725
0.0018900313321
0.00188825976654
0.00188654113786
0.0018848730107
0.00188325307939
0.00188167921527
0.00188014943346
0.0018786618739
0.00187721479036
0.00187580391741
0.00187442981242
0.00187309161527
0.00187178916347
0.00187052100098
0.00186928468537
0.0018680790379
0.00186690293746
0.00186575531627
0.00186463515599
0.00186354148415
0.00186247337105
0.00186142992681
0.0018604102989
0.0018594136705
0.00185843925536
0.00185748629909
0.00185655407618
0.00185564188833
0.00185474906293
0.00185387495167
0.00185301892912
0.00185218039162
0.00185135875609
0.00185055345898
0.00184976395529
0.0018489897176
0.00184823023523
0.00184748501341
0.00184675357264
0.00184603544816
0.00184533018749
0.00184463735193
0.00184395652793
0.00184328730023
0.00184262925265
0.00184198199188
0.00184134513482
0.00184071830779
0.00184010114595
0.00183949329282
0.00183889439972
0.0018383041253
0.00183772213503
0.00183714810066
0.00183658169979
0.00183602261527
0.00183547053479
0.00183492515025
0.00183438615733
0.00183385325488
0.00183332614492
0.00183280453055
0.00183228811672
0.0018317766097
0.00183126971469
0.00183076713688
0.00183026858009
0.00182977374635
0.00182928233476
0.00182879403918
0.00182829888669
0.00182777583572
0.00182725616651
0.0018267395238
0.00182622555313
0.00182571385904
0.00182520405219
0.00182469572817
0.00182418846451
0.00182368181737
0.00182317533044
0.00182266850426
0.00182216079519
0.00182165260547
0.00182114235163
0.00182062977239
0.00182011399197
0.00181959393452
0.0018190686998
0.00181853728136
0.00181799854696
0.00181745121023
0.00181689428597
0.0018163258218
0.00181574367106
0.00181514555216
0.00181452877706
0.0018138901522
0.00181322585013
0.00181253124202
0.00181180067748
0.0018110271912
0.00181020211055
0.00180931455086
0.00180835066931
0.00180729263618
0.00180611738309
0.00180479475124
0.00180328506715
0.00180153602728
0.00179947903558
0.0017970257336
0.00179406693165
0.00179047910851
0.00178614671835
0.00178101082129
0.0017751393175
0.00176877868998
0.00176232233958
0.00175618171526
0.00175064464136
0.00174581734593
0.00174165961144
0.00173805690444
0.00173487988576
0.00173201597543
0.00172937911284
0.00172690820525
0.00172456167935
0.00172231181716
0.00172014018917
0.00171803437528
0.0017159857598
0.00171398810798
0.00171203667185
0.00171012763884
0.00170825779636
0.00170642432998
0.00170462470265
0.00170285658375
0.0017011178077
0.00169940635062
0.00169772031775
0.00169507461887
0.00169238248886
0.00168971688005
0.00168707439334
0.00168445261263
0.00168184983134
0.00167926489922
0.00167669713138
0.00167414625198
0.00167161235654
0.00166909588279
0.0016665975844
0.00166411850359
0.00166165998377
0.00165922350335
0.00165681070815
0.00165442352666
0.00165206387869
0.00164973375868
0.00164743516678
0.00164517006323
0.00164294032722
0.00164074772029
0.00163859385533
0.00163648017175
0.00163440791721
0.00163237813569
0.00163039166186
0.00162845342629
0.00162656045878
0.00162471206934
0.00162290828812
0.00162114897516
0.00161943404668
0.0016177635869
0.00161613629466
0.00161455150918
0.00161300848074
0.00161150638367
0.00161004433222
0.00160862139257
0.00160723659451
0.00160588894138
0.0016045774191
0.00160330100464
0.00160205867269
0.00160084940159
0.00159967217834
0.00159852600281
0.00159740989191
0.00159632288063
0.00159526402549
0.00159423240647
0.00159322712813
0.00159224732077
0.00159129213992
0.00159036076802
0.00158945241402
0.00158856631335
0.00158770173459
0.0015868582523
0.0015860348698
0.00158523092668
0.00158444578665
0.00158367883694
0.00158292948761
0.00158219717199
0.00158148134223
0.00158078147244
0.00158009705667
0.00157942760811
0.0015787726584
0.00157813175697
0.00157750447027
0.0015768903807
0.00157628908386
0.00157570019695
0.00157512334809
0.00157455817927
0.00157400434574
0.00157346151554
0.00157292936889
0.00157240759774
0.00157189590521
0.0015713940052
0.00157090162182
0.00157041848917
0.00156994448682
0.00156947960458
0.00156902322456
0.00156857511688
0.00156813506014
0.00156770283951
0.00156727824777
0.00156686108481
0.00156645115722
0.00156604827803
0.00156565226647
0.00156526294768
0.00156488015252
0.00156450371734
0.00156413348373
0.00156376929836
0.00156341101278
0.00156305848319
0.00156271157031
0.00156237013919
0.00156203405906
0.00156170320314
0.00156137744853
0.00156105667604
0.00156074077006
0.00156042961844
0.00156012311235
0.00155982114617
0.00155952361923
0.00155923043048
0.00155894148285
0.00155865668267
0.00155837593859
0.00155809916182
0.0015578262662
0.00155755716797
0.00155729178569
0.00155703004015
0.00155677185433
0.00155651715329
0.00155626586415
0.00155601791646
0.00155577324062
0.0015555317694
0.00155529343732
0.00155505818063
0.00155482593723
0.00155459667717
0.00155437031373
0.00155414678629
0.0015539260399
0.0015537080188
0.00155349266977
0.0015532799419
0.00155306978486
0.00155286214802
0.0015526569832
0.00155245424341
0.00155225388279
0.00155205585655
0.00155186012098
0.00155166663384
0.00155147535338
0.001551286235
0.00155109924116
0.00155091433435
0.00155073147659
0.00155055063078
0.00155037176066
0.00155019483075
0.00155001980638
0.00154984665366
0.00154967533941
0.00154950583123
0.00154933809741
0.00154917210686
0.00154900782923
0.00154884523508
0.00154868429494
