0.0458984483105
0.0453265045202
0.0440948358024
0.0431930241226
0.0406674391091
0.036094906996
0.0279252935721
0.0210128887392
0.0157704042631
0.0151529705147
0.0147831606629
0.0144936271516
0.014205838231
0.0138686094236
0.0134200343505
0.0130211566823
0.0127568928052
0.0125680304732
0.0124165074852
0.0122772896519
0.0121307065866
0.0119773939005
0.0118276148542
0.0116814980959
0.0115361045962
0.011391181225
0.0112659430585
0.0111562755253
0.0110556241854
0.0109589003283
0.0108640851732
0.0107762657695
0.0106921319696
0.0106090799457
0.0105243412232
0.0104370697912
0.0103445705399
0.0102524365459
0.0101611462844
0.0100668445402
0.00995243491016
0.0098046612886
0.00962828650733
0.00941572528119
0.00919138882492
0.00897832623158
0.00877607011591
0.00857664551146
0.00837370817037
0.00813392471277
0.00787995686843
0.00764249144697
0.00740172454814
0.00714590246311
0.00683857523872
0.00654530676982
0.00626382209914
0.0059616791189
0.00559542293372
0.00512861066602
0.00456380987366
0.00403605330934
0.00360133726362
0.00328825961918
0.00305746125629
0.00289924071256
0.00279302603865
0.00271529239716
0.00265699105638
0.00261494048479
0.00258512590974
0.00256127993829
0.00254124423984
0.00252379227784
0.00250667095393
0.00249158657956
0.0024780959695
0.00246588533962
0.0024547303305
0.00244435452849
0.00243473382895
0.00242575759435
0.00241733625205
0.00240939436445
0.00240187037711
0.00239471518411
0.00238789548675
0.00238138675074
0.00237513214285
0.0023691070382
0.00236329070658
0.00235766604391
0.00235128390997
0.00234393893096
0.00233728516887
0.00233095623894
0.00232491674354
0.00231913819005
0.00231359479812
0.00230826655672
0.00230313759752
0.00229819381814
0.00229342506903
0.00228875714008
0.00228191853086
0.0022756172781
0.00226979753499
0.00226440787308
0.00225940111632
0.00225473396987
0.0022503686025
0.00224627136359
0.00224241332955
0.00223876981081
0.0022353181201
0.00223203825317
0.00222891330476
0.0022259285241
0.00222307101354
0.00222032990217
0.00221769467726
0.00221515636838
0.00221270715305
0.00221034007868
0.00220804894734
0.00220582821475
0.00220367290662
0.00220157854607
0.00219954109166
0.00219755688616
0.00219562261175
0.00219373523808
0.00219189200455
0.00219009038439
0.00218832805988
0.00218665745885
0.00218502539541
0.00218342429512
0.00218185291165
0.00218030958757
0.00217879295044
0.00217730178582
0.00217583498614
0.00217395488509
0.00217177778567
0.00216970648451
0.00216772744852
0.0021658295983
0.00216400395764
0.00216224265541
0.00216053917933
0.00215888799701
0.00215728435419
0.00215572414207
0.00215420378679
0.00215272016408
0.00215127052559
0.00214985244885
0.00214823558353
0.00214654055024
0.00214489762925
0.0021433021573
0.00214175012815
0.00214023803947
0.00213876279514
0.00213732186797
0.00213591292846
0.00213453391412
0.00213315356219
0.00213174655336
0.00213036763662
0.00212901525285
0.00212768800962
0.00212638466001
0.0021251040859
0.00212384527668
0.0021226073125
0.00212138937489
0.00212019071372
0.00211901064643
0.00211784855138
0.00211670385893
0.00211557604746
0.00211446463799
0.00211336918955
0.00211228929516
0.00211122457902
0.00211017469097
0.00210913930523
0.00210811811801
0.00210711084479
0.00210611721831
0.00210513698632
0.00210416988217
0.00210321401428
0.00210226999096
0.00210133868021
0.00210041986871
0.00209951335487
0.00209861893926
0.00209773642876
0.00209686563849
0.00209600638873
0.00209515831497
0.00209432104398
0.00209349480936
0.00209267944566
0.00209187479005
0.002091080682
0.00209029696297
0.00208952347618
0.00208876006633
0.00208800657954
0.00208726286298
0.0020865287658
0.00208580414026
0.00208508883323
0.00208438269463
0.00208368557605
0.00208299732974
0.00208231780861
0.00208164686623
0.00208098435679
0.00208033015148
0.00207968409984
0.00207904604748
0.00207841585121
0.00207779337703
0.00207717847935
0.0020765710619
0.00207597093643
0.00207537796073
0.00207479199639
0.00207421290564
0.00207364055124
0.00207307479706
0.00207251550776
0.0020719625489
0.00207141578696
0.00207087509001
0.00207034032549
0.00206981136257
0.0020692880713
0.00206877032877
0.00206825800019
0.00206775095808
0.00206724907577
0.00206675223006
0.00206626029708
0.00206577314848
0.00206529066051
0.00206481271062
0.00206433917607
0.00206386993457
0.00206340486449
0.00206294384873
0.00206248676389
0.00206203348795
0.00206158390042
0.00206113788097
0.00206069530899
0.00206025606381
0.00205982002447
0.00205938706969
0.00205895707788
0.00205852992603
0.00205810549127
0.00205768364875
0.00205726427268
0.00205684334497
0.00205642396222
0.00205600683277
0.0020555918142
0.00205517876214
0.00205476753003
0.00205435796821
0.00205394992424
0.00205354324234
0.00205313776293
0.00205273332219
0.00205232975162
0.00205192687751
0.0020515245204
0.00205112249467
0.00205072060775
0.00205031865859
0.002049916438
0.00204951372779
0.00204911029905
0.00204666014985
0.00204168631858
0.00203629027207
0.00203053962498
0.00202444397243
0.00201795528163
0.00201114464856
0.00200402591971
0.00199659781321
0.00198883242533
0.00198069342546
0.00197212859806
0.00196307172659
0.00195336692357
0.00194307871509
0.00193226656771
0.00192109371656
0.0019098335694
0.00189879471484
0.00188828184243
0.00187854151068
0.00186972939567
0.00186187751686
0.00185495075652
0.00184890796834
0.00184365161644
0.00183906772701
0.0018350584957
0.00183153303013
0.0018284142617
0.00182563602171
0.00182204932236
0.00181843263485
0.00181520310737
0.00181229585636
0.00180965868132
0.00180724910101
0.00180503267942
0.00180298139836
0.0018010722966
0.00179928646414
0.00179760826594
0.00179602455635
0.00179452581181
0.00179310151087
0.00179174356972
0.00179044525863
0.0017891969767
0.00178799731549
0.00178684297073
0.00178573012692
0.00178465527191
0.00178361562131
0.00178260931536
0.00178163343252
0.0017806856694
0.0017797641852
0.00177886774429
0.00177799513457
0.0017771470172
0.001776326416
0.00177552510343
0.00177474194342
0.00177397604177
0.00177322677152
0.00177249350777
0.00177177524587
0.00177107129581
0.00177038104819
0.00176969947007
0.00176902666939
0.00176836668791
0.00176771899783
0.00176708320888
0.0017658866355
0.00176423933582
0.00176272337777
0.0017613212365
0.00176001976605
0.00175880145599
0.00175765645188
0.00175657597131
0.00175555260511
0.00175458007083
0.00175365300109
0.00175276886599
0.00175192140638
0.00175110999059
0.00175033254285
0.0017495556635
0.00174880190546
0.00174807130948
0.00174736194091
0.00174667223563
0.0017460007989
0.00174534640852
0.00174470801295
0.00174408458655
0.0017434752487
0.00174287920659
0.00174229575208
0.0017417243021
0.0017411264761
0.0017405060714
0.00173989872055
0.0017393033732
0.00173871912839
0.00173812672798
0.00173752621229
0.00173693619644
0.00173635603788
0.00173578517616
0.00173522371242
0.00173467149434
0.00173412734662
0.00173359114247
0.00173306227892
0.00173254049545
0.0017320255762
0.00173151730641
0.0017310158715
0.00173052092313
0.00173003204463
0.00172954918682
0.00172907222748
0.00172860088038
0.00172813501239
0.00172767449563
0.00172721923269
0.0017267691007
0.00172632396395
0.00172588371452
0.0017254482467
0.0017250174594
0.00172459125562
0.00172416954072
0.00172375222347
0.00172333921615
0.00172293043458
0.0017225257996
0.00172212522385
0.00172172863627
0.00172133596857
0.00172094715212
0.00172056209486
0.00172018089475
0.00171980367849
0.00171943000528
0.001719059811
0.00171869303426
0.00171832961411
0.00171796949121
0.00171761137675
0.0017172558715
0.00171690352468
0.00171655428085
0.00171620808713
0.00171586489096
0.00171552466398
0.00171518734927
0.00171485288291
0.00171452121742
0.00171419230586
0.00171386610318
0.00171354359317
0.00171322410343
0.00171290718005
0.00171259278393
0.00171228087373
0.00171197141079
0.00171166436326
0.00171135969275
0.00171105736079
0.00171075732945
0.00171045956382
0.00171016402988
0.00170987069431
0.00170957952459
0.00170929048912
0.00170900355625
0.00170871871126
0.00170843600464
0.00170815530896
0.00170787659732
0.0017075998405
0.00170732502379
0.00170705214522
0.00170678113873
0.00170651197821
0.00170624463804
0.00170597909317
0.00170571531901
0.00170545329199
0.00170519298897
0.00170493438674
0.00170467746191
0.0017044221922
0.00170416855674
0.00170391653235
0.00170366609794
0.00170341723274
0.00170317000322
0.00170292434146
0.00170268019815
0.00170243754776
0.00170219636761
0.00170195663803
0.00170171834093
0.00170148145815
0.00170124597205
0.00170101186558
0.00170077912273
0.00170054772553
0.00170031765783
0.00170008895862
0.00169986167598
0.00169963567645
0.00169941094294
0.00169918746037
0.0016989652139
0.00169874421753
0.00169852444987
0.00169830587467
0.00169808847808
0.00169787224645
0.00169765716631
0.00169744322533
0.00169723041019
0.00169701870759
0.001696808105
0.00169659858992
0.00169639015021
0.00169618277389
0.00169597644909
0.00169577116418
0.00169556691689
0.00169536371743
0.0016951615239
0.00169496032544
0.00169476011125
0.00169456087073
0.00169436260196
0.0016941652877
0.00169396891606
0.00169377347705
0.00169357794429
0.0016933823291
0.00169318763242
0.00169299384455
0.00169280095808
0.00169260896924
0.00169241785967
0.0016922276204
0.00169203824403
0.00169184971962
0.00169166200534
0.00169147511272
0.0016912890466
0.00169110379853
0.00169091936034
0.00169073572597
0.00169055290633
0.00169037093915
0.00169018975285
0.00169000933852
0.00168982968624
0.00168965078877
0.00168947263874
0.00168929522901
0.00168911855252
0.00168894260393
0.00168876737726
0.00168859286382
0.00168841906168
0.00168824596013
0.00168807355227
0.00168790183111
0.00168773079039
0.00168756042912
0.00168739073598
0.00168722170438
0.00168705332832
0.00168688560189
0.00168671852925
0.00168655209772
0.00168638630225
0.00168622113473
0.00168605658913
0.00168589266311
0.00168572934748
0.00168556663661
0.0016854045252
0.00168524300804
0.00168508207998
0.00168492173638
0.00168476197266
0.00168460280467
0.00168444421413
0.00168428618779
0.0016841287209
0.0016839718135
0.00168381545616
0.00168365976429
0.00168350463763
0.00168335004707
0.00168319598789
0.00168304245729
0.00168288946045
0.00168273698232
0.00168258501818
0.00168243356381
0.00168228261863
0.00168213217819
0.00168198223513
0.00168183278547
0.00168168382521
0.00168153535043
0.00168138735766
0.00168123984305
0.00168109280243
0.00168094623208
0.0016808001283
0.00168065448744
0.0016805093059
0.00168036458012
0.00168022030748
0.00168007648376
0.00167993310531
0.00167979016872
0.00167964767505
0.00167950561838
0.00167936399759
0.00167922283863
0.00167908216229
0.001678941908
0.00167880207247
0.00167866265248
0.00167852364496
0.0016783850473
0.00167824685708
0.0016781090706
0.00167797168452
0.00167783469607
0.00167769810219
0.00167756190003
0.00167742608676
0.00167729065963
0.0016771556158
0.00167702095252
0.00167688666708
0.00167675275684
0.00167661922473
0.00167648610214
0.0016763533466
0.00167622095542
0.00167608892916
0.00167595726187
0.00167582595106
0.00167569499497
0.00167556439122
0.00167543413663
0.00167530423199
0.00167517467448
0.00167504545897
0.00167491662897
0.00167478819476
0.00167466009563
0.00167453232955
0.00167440489456
0.00167427778794
0.00167415100749
0.00167402455107
0.00167389841651
0.00167377260171
0.00167364710456
0.00167352192302
0.001673397063
0.00167327251486
0.00167314827616
0.00167302434494
0.00167290071937
0.00167277739756
0.0016726543773
0.00167253165665
0.00167240923396
0.0016722871074
0.00167216527546
0.00167204373594
0.00167192248667
0.00167180152596
0.00167168085192
0.00167156046274
0.00167144035721
0.00167132053323
0.00167120098884
0.00167108172235
0.00167096274437
0.00167084405827
0.00167072564474
0.00167060750212
0.00167048962887
0.00167037202332
0.00167025468379
0.00167013760874
0.0016700207966
0.00166990424577
0.00166978795475
0.00166967192244
0.00166955614681
0.00166944062635
0.00166932535956
0.00166921034495
0.00166909558126
0.00166898106719
0.00166886680094
0.00166875278106
0.00166863900615
0.00166852547479
0.00166841218559
0.00166829913716
0.00166818632844
0.00166807375832
0.00166796143361
0.00166784934967
0.00166773750183
0.00166762588741
0.00166751450438
0.00166740335145
0.00166729241978
0.0016671817132
0.00166707123313
0.00166696097824
0.00166685094734
0.00166674115211
0.00166663158525
0.00166652223868
0.00166641332293
0.00166630482753
0.00166619657766
0.00166608852293
0.00166598073709
0.00166587316027
0.00166576587063
0.00166565876884
0.00166555190614
0.00166544528529
0.00166533887483
0.00166523269942
0.00166512675482
0.00166502098969
0.00166491548137
0.00166481015227
0.00166470504497
0.00166460016712
0.00166449548685
0.0016643910303
0.00166428678789
0.00166418273296
0.00166407889409
0.00166397524342
0.00166387182648
0.00166376859898
0.00166366556654
0.00166356273464
0.00166346008027
0.00166335767427
0.00166325547074
0.00166315344731
0.00166305162364
0.00166295001727
0.00166284858536
0.00166274734479
0.001662646294
0.00166254543136
0.00166244474378
0.0016623442531
0.00166224393847
0.00166214381328
0.00166204386417
0.00166194409686
0.00166184450953
0.00166174510044
0.0016616458679
0.00166154681032
0.00166144792617
0.00166134921393
0.00166125067216
0.0016611522997
0.00166105409502
0.0016609560569
0.00166085818409
0.00166076047528
0.00166066294234
0.00166056558306
0.00166046838434
0.00166037134495
0.00166027446375
0.0016601777397
0.00166008117186
0.00165998475924
0.0016598885009
0.00165979239591
0.00165969644369
0.00165960064332
0.00165950499368
0.00165940949391
0.00165931414319
0.00165921894073
0.00165912388571
0.00165902897737
0.00165893421495
0.00165883959768
0.00165874512483
0.00165865079568
0.00165855660951
0.00165846256561
0.00165836866329
0.00165827490186
0.00165818128401
0.00165808780866
0.00165799447215
0.00165790127385
0.0016578082131
0.00165771528929
0.00165762250177
0.00165752984993
0.00165743733316
0.00165734495085
0.0016572527024
0.00165716058723
0.00165706860477
0.00165697675445
0.0016568850357
0.00165679344797
0.00165670199067
0.00165661066325
0.00165651946514
0.0016564283958
0.00165633745468
0.00165624664125
0.00165615595497
0.00165606539531
0.00165597496186
0.00165588465997
0.00165579448478
0.00165570443419
0.00165561450758
0.00165552470447
0.00165543502435
0.00165534546673
0.00165525603113
0.00165516671705
0.00165507752401
0.00165498845155
0.0016548994992
0.00165481066647
0.00165472195323
0.00165463335959
0.00165454488417
0.0016544565265
0.00165436828613
0.00165428016275
0.0016541921558
0.00165410426479
0.00165401648929
0.00165392882928
0.00165384128724
0.0016537538594
0.00165366654532
0.00165357934455
0.00165349225669
0.00165340528129
0.00165331841794
0.00165323166682
0.0016531457176
0.00165306513626
0.00165298503335
0.00165290538024
0.00165282616043
0.00165274703366
0.00165266865066
0.00165259037095
0.00165251250402
0.00165243503051
0.00165235784299
0.00165228101513
0.00165220794663
0.00165213537655
0.00165206297574
0.00165199073846
0.00165191865937
0.00165184673345
0.00165177495601
0.00165170332264
0.00165163182924
0.00165156047194
0.00165148924715
0.00165141815165
0.00165134718206
0.00165127633538
0.00165120560881
0.00165113499972
0.00165106450564
0.00165099412424
0.00165092385333
0.00165085369084
0.00165078363485
0.00165071368352
0.00165064383514
0.00165057408808
0.00165050444091
0.00165043489269
0.00165036544154
0.00165029608614
0.00165022682529
0.00165015765783
0.00165008858266
0.00165001959875
0.00164995070511
0.00164988190081
0.00164981318496
0.00164974455671
0.00164967601527
0.00164960755987
0.00164953918979
0.00164947090433
0.00164940270285
0.00164933458472
0.0016492665493
0.00164919859603
0.00164913072435
0.00164906293372
0.00164899522363
0.0016489275936
0.00164886004314
0.0016487925718
0.00164872517915
0.00164865786476
0.00164859062821
0.00164852346912
0.00164845638709
0.00164838938176
0.00164832245277
0.00164825559977
0.00164818882241
0.00164812212036
0.00164805549331
0.00164798894093
0.00164792246293
0.001647856059
0.00164778972885
0.00164772347219
0.00164765728874
0.00164759117823
0.0016475251404
0.00164745917497
0.00164739328168
0.0016473274603
0.00164726171056
0.00164719603222
0.00164713042503
0.00164706488876
0.00164699942317
0.00164693402803
0.0016468687031
0.00164680344817
0.00164673826301
0.00164667314741
0.00164660810113
0.00164654312398
0.00164647821572
0.00164641337616
0.00164634860508
0.00164628390228
0.00164621926755
0.00164615470075
0.00164609020165
0.00164602577001
0.00164596140564
0.00164589710834
0.00164583287792
0.00164576871418
0.00164570461693
0.00164564058598
0.00164557662115
0.00164551272226
0.00164544888911
0.00164538512151
0.00164532141929
0.00164525778226
0.00164519421025
0.00164513070307
0.00164506726054
0.00164500388244
0.00164494056862
0.0016448773189
0.0016448141331
0.00164475101105
0.00164468795258
0.00164462495752
0.00164456202568
0.0016444991569
0.00164443635102
0.00164437360786
0.00164431092724
0.001644248309
0.00164418575297
0.00164412325898
0.00164406082686
0.00164399845646
0.00164393614759
