0.0443101705944
0.0438134432059
0.0436929797439
0.0436168921728
0.0435621952443
0.0435203809435
0.0434868084548
0.0434583787634
0.043433447577
0.0434109612001
0.0433902419893
0.0433707460367
0.0433520579718
0.0433338420077
0.0433157944687
0.0432976161418
0.0432789854821
0.0432595284666
0.0432387831022
0.0432161649735
0.0431909701768
0.0431625291982
0.0431307234549
0.0430967937661
0.0430633189466
0.0430323366177
0.0430042016953
0.0429784828253
0.0429547667407
0.0429327908771
0.0429123776611
0.0428933705191
0.0428755985041
0.0428588659704
0.0428429620087
0.0428276892955
0.0428129084576
0.042798580255
0.0427847713676
0.0427717200467
0.0427594856157
0.0427480773275
0.0427375017277
0.042727773192
0.0427188113562
0.0427105474154
0.0427029192551
0.0426958620493
0.0426893119482
0.0426832078542
0.0426774924084
0.0426721124616
0.0426670191761
0.0426621678741
0.0426575177217
0.0426530313053
0.0426486741416
0.0426444141386
0.0426402210161
0.0426360656797
0.042631919532
0.0426277536977
0.0426235381266
0.0426192405363
0.0426148251508
0.042610251212
0.0426054712893
0.0426004227837
0.0425950442932
0.0425892622141
0.042582996062
0.0425761696347
0.0425687299311
0.0425606729568
0.0425520644493
0.0425430363908
0.0425337576814
0.0425243794443
0.0425150108788
0.0425057450781
0.0424966728605
0.0424878881824
0.0424794886626
0.0424719126064
0.0424650959745
0.042458800819
0.0424530013579
0.0424476674618
0.0424427653076
0.0424382598033
0.042434382457
0.042430837346
0.0424275349221
0.0424244430055
0.0424215360056
0.0424187910587
0.042416196254
0.0424137299669
0.0424113837702
0.0424091400223
0.0424069851255
0.0424049176701
0.0424029199514
0.0424009956553
0.0423991332544
0.0423973388853
0.0423955842745
0.0423938845088
0.0423922342842
0.0423906304339
0.0423890569103
0.0423875316476
0.0423860324919
0.0423845701334
0.0423831425841
0.0423817479888
0.04238038214
0.0423790315853
0.0423777265217
0.0423764307126
0.0423751589517
0.0423739114441
0.0423726901714
0.0423714900639
0.0423703091917
0.0423691521497
0.042368002731
0.0423668729473
0.0423657647111
0.0423646643668
0.0423635769037
0.0423625181044
0.0423614580154
0.0423604131064
0.0423593762693
0.0423583555885
0.0423573404851
0.0423563383368
0.0423553451584
0.0423543553924
0.0423533778047
0.0423523911499
0.0423514216978
0.0423504593951
0.042349485298
0.0423485258729
0.0423475694245
0.0423465974074
0.0423456408523
0.04234466707
0.0423437020785
0.0423427231728
0.0423417429271
0.0423407502472
0.0423397498977
0.0423387343482
0.0423377072427
0.0423366581102
0.0423355921108
0.0423344972627
0.0423333766562
0.0423322189001
0.0423310232686
0.0423297752786
0.0423284748526
0.0423271015705
0.0423256450086
0.0423240851413
0.0423223916067
0.042320534851
0.0423184600698
0.0423160964083
0.0423133226713
0.0423099723406
0.0423057125216
0.0422999340991
0.0422913552559
0.0422767104704
0.0422458668822
0.042164775957
0.0419861612419
0.0417003571594
0.0413627140517
0.0410564976229
0.0407629689355
0.0405965541203
0.0404759840044
0.0403789158034
0.0402981810308
0.0402292323468
0.040167206281
0.0401052059947
0.0400379956168
0.0399566023501
0.0398375042331
0.0396482652659
0.0394460690906
0.0392097966133
0.0385885914091
0.0376649237321
0.0372466419985
0.0367385312675
0.0364101577663
0.0361490526952
0.0359039955401
0.0351478443623
0.0342306245279
0.0327968802173
0.0317495460858
0.0308230817943
0.0271810342351
0.0247210600803
0.0225797015848
0.0199920275232
0.0189069721867
0.0182369247655
0.0174932426105
0.0155089913288
0.0147091607597
0.0143376932714
0.0139424338523
0.0131163216616
0.0122144972903
0.0120080854496
0.0115262031608
0.0110991021009
0.0108185721516
0.0106709712445
0.0104380658015
0.00976620841742
0.00832049109389
0.00768383792506
0.00719423909835
0.007019759955
0.0069031753385
0.00679976887364
0.00644807129734
0.00623289444093
0.00612729957904
0.00595000089513
0.00553452717441
0.00527975617169
0.00514635001924
0.00493381248983
0.00473120317954
0.00460210885585
0.00450663734927
0.00442512809034
0.0043547542163
0.00429321003924
0.00423565989868
0.00416252752036
0.0040347630588
0.00396271193265
0.00391321536545
0.00387154543379
0.00383281317183
0.00377302404358
0.00356911392745
0.00349566500496
0.0034383506396
0.00338358839355
0.00333297674562
0.00328810929794
0.0032459603165
0.00320732708628
0.00317322851948
0.00314290362443
0.0031157204579
0.00309111300245
0.00306857023278
0.0030475731751
0.00302743823681
0.00300667683406
0.00297641700085
0.00286258442432
0.00281318653323
0.00278648890382
0.00276525502491
0.00274677853927
0.00273031606342
0.00271549630972
0.00270202148314
0.00268958669525
0.00267795707921
0.00266699392137
0.00265665629982
0.00264710566405
0.00263794145418
0.00262911490576
0.0026205776422
0.00261227988006
0.00260418715184
0.00259626735445
0.00258849319679
0.00258086573925
0.00257334925192
0.00256591832679
0.00255861366663
0.00255145933249
0.00254434057817
0.00253724661144
0.00253016754123
0.00252309248154
0.00251601595609
0.002508935278
0.00250185058941
0.00249476650085
0.00248769172972
0.00248064045134
0.00247362993892
0.0024666776839
0.00245980562546
0.00245302674256
0.00244635933113
0.00243984648202
0.00243348511226
0.00242726655929
0.00242119580299
0.00241527579665
0.00240950718342
0.00240388788271
0.00239841542374
0.00239308571658
0.00238789693231
0.00238286202008
0.00237794980254
0.00237315603905
0.00236847689526
0.00236390725447
0.00235944194145
0.0023550758692
0.00235080413243
0.00234662180168
0.00234252374799
0.00233850501272
0.00233456058416
0.00233068545584
0.00232687496912
0.0023231227515
0.00231942304837
0.0023157711228
0.002312159118
0.0023085765899
0.00230501292758
0.00230145772713
0.00229789084214
0.00229428877325
0.00229061806564
0.00228682889199
0.00228284335824
0.00227853515787
0.00227368567623
0.00226789659493
0.00226044724967
0.00225014085836
0.00223572882163
0.00221787563637
0.00219961452243
0.00218256367219
0.00216594698637
0.00214858229559
0.00213075209836
0.00211420533528
0.00209991537121
0.00208760590314
0.00207663299534
0.00206649787524
0.00205686555026
0.00204754117663
0.0020385204531
0.00202979286627
0.0020214651918
0.00201364476687
0.00200636483272
0.00199961186762
0.00199332311778
0.00198743466507
0.00198188243438
0.00197662131868
0.00197160938142
0.00196681481897
0.00196221221256
0.00195778142288
0.00195350451109
0.00194936707072
0.00194535686774
0.00194146329858
0.00193767924836
0.0019339934562
0.00193039916017
0.00192689411784
0.00192346667022
0.00192011809951
0.00191684056077
0.00191362896845
0.00191048231501
0.00190739730857
0.00190437008545
0.0019013992975
0.00189848209959
0.00189561333205
0.00189279477358
0.00189002250041
0.00188729711116
0.00188461325857
0.00188197492922
0.00187937871722
0.00187682181375
0.00187430251953
0.00187181756845
0.00186937053524
0.00186695545856
0.00186457631868
0.00186222746601
0.00185990985582
0.0018576229959
0.0018553659855
0.00185313654499
0.00185093491201
0.00184876213551
0.00184661333318
0.0018444901954
0.00184239317416
0.00184031973913
0.00183826888773
0.00183624099439
0.00183423581328
0.00183225107301
0.00183028695079
0.00182834208828
0.00182641849283
0.00182451220223
0.00182262398362
0.00182075337024
0.00181889891623
0.00181706102007
0.00181523954028
0.00181343195223
0.00181164016503
0.00180986123323
0.00180809578359
0.00180634321541
0.00180460292584
0.00180287432477
0.00180115683197
0.00179944986027
0.00179775233736
0.00179606469349
0.00179438548902
0.00179271482884
0.00179105152418
0.00178939532901
0.00178774561956
0.00178610176579
0.00178446313709
0.00178282908423
0.00178119895879
0.00177957208507
0.00177794776644
0.00177632591712
0.00177470565853
0.00177308587865
0.00177146576635
0.00176984448092
0.00176822114599
0.00176659484328
0.00176496460528
0.00176332940726
0.00176168815825
0.00176003969126
0.00175838274962
0.00175671597098
0.00175503787244
0.00175334685064
0.00175164109137
0.00174991859081
0.00174817711243
0.00174641413264
0.00174462678068
0.00174281176493
0.00174096527521
0.00173907912641
0.00173715060161
0.00173517426082
0.00173314259003
0.00173104628215
0.0017288739088
0.00172661124617
0.00172424050376
0.00172173869954
0.00171907632313
0.00171621519554
0.00171310589869
0.00170968536797
0.00170587635442
0.00170159169129
0.00169675323084
0.00169133329062
0.0016854287372
0.00167926927474
0.00167316752605
0.00166740960163
0.00166214072489
0.00165736927114
0.00165302838913
0.00164903317058
0.00164530920863
0.00164180012103
0.00163846546143
0.00163527696899
0.00163221435591
0.00162926345614
0.00162641339319
0.00162365604041
0.00162098491536
0.00161839487999
0.00161588167195
0.00161344867255
0.00161109332158
0.00160880243409
0.00160657315656
0.00160440387436
0.00160229185138
0.00160023703193
0.00159824005642
0.00159629485877
0.00159440278922
0.00159256081094
0.00159076200018
0.00158900329556
0.00158729005277
0.00158562099229
0.00158399660562
0.00158241259378
0.00158087087036
0.00157936714863
0.00157790194656
0.00157647411549
0.00157508235262
0.00157372556594
0.00157240265864
0.00157111208116
0.00156985335489
0.00156862566776
0.00156742771528
0.00156625851297
0.00156511750857
0.00156400391525
0.0015629168249
0.00156185506466
0.0015608183847
0.00155980624339
0.00155881783279
0.00155785173091
0.00155690793588
0.00155598515333
0.00155508327582
0.00155420122865
0.0015533387813
0.00155249496377
0.00155166942838
0.0015508616131
0.0015500712085
0.00154929750007
0.00154853994086
0.00154779804456
0.00154707134323
0.00154635938287
0.001545661724
0.00154497794563
0.0015443076359
0.00154365039892
0.00154300585271
0.00154237362818
0.00154175342481
0.00154114485237
0.00154054756503
0.00153996124069
0.00153938556802
0.00153882024619
0.00153826498471
0.00153771951008
0.00153718354225
0.00153665682811
0.00153613910679
0.00153563012769
0.00153512965289
0.00153463745343
0.0015341533288
0.00153367704434
0.00153320838615
0.00153274715241
0.00153229314787
0.00153184618367
0.00153140607613
0.00153097265108
0.00153054573417
0.00153012516517
0.00152971080074
0.00152930246039
0.00152890001761
0.00152850330491
0.00152811217541
0.00152772649142
0.00152734612068
0.00152697093716
0.00152660081099
0.00152623567913
0.00152587536756
0.00152551975706
0.00152516873655
0.00152482226013
0.0015244801655
0.00152414234505
0.00152380870038
0.00152347913604
0.00152315355921
0.00152283187983
0.00152251401047
0.00152219986719
0.00152188936779
0.00152158243112
0.0015212793089
0.00152097972004
0.0015206834692
0.00152039049691
0.00152010072097
0.00151981406374
0.00151953045972
0.00151924984535
0.00151897215859
0.0015186973392
0.00151842532858
0.00151815607013
0.00151788950893
0.00151762580197
0.00151736469762
0.00151710613094
0.00151685005145
0.00151659641014
0.00151634515989
0.0015160962546
0.00151584964852
0.0015156052979
0.00151536316017
0.00151512319374
0.00151488535821
0.00151464961423
0.00151441592346
0.0015141842486
0.00151395455328
0.001513726802
0.00151350104031
0.00151327718836
0.00151305517967
0.00151283498173
0.00151261658411
0.00151239994541
0.00151218502362
0.00151197178959
0.0015117602149
0.00151155027183
0.00151134193348
0.00151113517343
0.00151092996604
0.00151072628633
0.00151052410948
0.00151032341158
0.0015101241693
0.0015099263598
0.00150972996079
0.00150953495051
0.00150934130771
0.00150914901161
0.00150895804193
0.00150876837883
0.00150858000485
0.00150839289914
0.00150820704307
0.00150802241854
0.00150783900784
0.00150765679367
0.00150747575909
0.00150729588756
0.00150711716287
0.00150693956919
0.001506763091
0.00150658771315
0.00150641342085
0.00150624019963
0.00150606803516
0.0015058969135
0.00150572682103
0.00150555774442
0.00150538967059
0.00150522258676
0.0015050564804
0.00150489133929
0.00150472715135
0.00150456390544
0.00150440158937
0.00150424019185
0.0015040797018
0.00150392010836
0.00150376140088
0.00150360356895
0.00150344660232
0.00150329049099
0.0015031352251
0.00150298079503
0.00150282719132
0.0015026744047
0.00150252242607
0.0015023712465
0.00150222086075
0.00150207125996
0.00150192243237
0.0015017743697
0.00150162706385
0.00150148050682
0.0015013346908
0.0015011896081
0.00150104525117
0.00150090161263
0.00150075868521
0.00150061646173
0.00150047493517
0.00150033409862
0.00150019394532
0.00150005446861
0.00149991566195
0.0014997775189
0.00149964003314
0.00149950319846
0.00149936700875
0.001499231458
0.00149909654031
0.00149896224987
0.00149882858098
0.001498695528
0.00149856308543
0.00149843124783
0.00149830000985
0.00149816936622
0.00149803931178
0.00149790984143
0.00149778095014
0.00149765263299
0.00149752488511
0.00149739770172
0.00149727107811
0.00149714500965
0.00149701949175
0.00149689451993
0.00149677008976
0.00149664619686
0.00149652283693
0.00149640000575
0.00149627769912
0.00149615591295
0.00149603464316
0.00149591388577
0.00149579363684
0.00149567389247
0.00149555464885
0.00149543590219
0.00149531764877
0.00149519988492
0.00149508260702
0.0014949658115
0.00149484949482
0.00149473365351
0.00149461828414
0.00149450338342
0.00149438894796
0.00149427497453
0.0014941614598
0.00149404840053
0.00149393579353
0.00149382363569
0.0014937119239
0.00149360065513
0.00149348982638
0.00149337943464
0.00149326947854
0.00149315996292
0.00149305087544
0.00149294221325
0.00149283397356
0.00149272615359
0.00149261875082
0.00149251176239
0.00149240518558
0.00149229901776
0.00149219325631
0.00149208789936
0.00149198294429
0.00149187838796
0.00149177422789
0.00149167046162
0.0014915670867
0.00149146410073
0.00149136150132
0.00149125928611
0.00149115745277
0.00149105599899
0.00149095493191
0.00149085424523
0.00149075393147
0.00149065398843
0.0014905544139
0.00149045520572
0.00149035636172
0.0014902578798
0.00149015975784
0.00149006199378
0.00148996458553
0.00148986753106
0.00148977082832
0.00148967447533
0.00148957847008
0.00148948281071
0.0014893874952
0.00148929252162
0.00148919788805
0.0014891035926
0.00148900963337
0.00148891600852
0.00148882271619
0.00148872975457
0.00148863712221
0.001488544817
0.00148845283717
0.00148836118163
0.00148826984811
0.00148817883474
0.00148808813973
0.00148799776139
0.00148790769803
0.00148781794799
0.00148772850961
0.00148763938125
0.00148755056128
0.00148746204808
0.00148737384005
0.00148728593563
0.00148719833323
0.00148711103127
0.00148702402821
0.00148693732251
0.00148685091264
0.00148676479709
0.00148667897436
0.00148659344296
0.00148650820141
0.00148642324826
0.00148633858203
0.00148625420129
0.0014861701046
0.00148608629055
0.00148600275772
0.00148591950471
0.00148583653014
0.00148575383261
0.00148567141335
0.00148558926782
0.00148550739541
0.00148542579407
0.00148534446315
0.00148526340134
0.00148518260707
0.00148510207903
0.00148502181594
0.00148494181651
0.00148486207946
0.00148478260327
0.00148470338716
0.0014846244297
0.00148454572943
0.0014844672854
0.00148438909643
0.00148431116099
0.00148423347811
0.00148415604659
0.00148407886575
0.00148400193402
0.00148392525012
0.00148384881261
0.0014837726209
0.0014836966733
0.00148362096917
0.00148354550689
0.00148347028558
0.00148339530417
0.00148332056148
0.00148324605633
0.00148317178775
0.00148309775463
0.00148302395587
0.00148295039023
0.00148287705696
0.00148280395469
0.0014827310826
0.00148265843951
0.0014825860244
0.00148251383628
0.00148244187409
0.00148237013681
0.00148229862334
0.00148222733279
0.00148215626411
0.00148208541623
0.00148201478827
0.00148194437913
0.0014818741879
0.00148180421358
0.0014817344552
0.0014816649118
0.00148159558241
0.00148152646606
0.00148145756183
0.00148138886874
0.00148132038654
0.0014812521291
0.00148118408003
0.00148111623839
0.00148104860327
0.00148098117374
0.00148091394889
0.00148084692783
0.00148078010964
0.00148071349344
0.00148064707834
0.00148058086345
0.00148051484789
0.00148044904213
0.0014803834367
0.00148031802799
0.00148025281514
0.0014801877974
0.00148012297385
0.0014800583436
0.00147999390582
0.00147992965966
0.0014798656043
0.00147980173891
0.00147973806266
0.00147967457473
0.00147961127431
0.00147954816058
0.00147948523275
0.00147942249001
0.00147935993156
0.00147929755662
0.00147923536438
0.00147917335407
0.00147911152491
0.00147904987625
0.00147898840721
0.00147892711702
0.00147886600495
0.00147880507019
0.00147874431198
0.00147868372957
0.00147862332221
0.00147856308916
0.00147850302968
0.00147844314303
0.00147838342848
0.00147832388534
0.00147826451953
0.00147820532364
0.00147814629696
0.00147808743877
0.00147802874838
0.00147797022506
0.00147791186811
0.00147785367683
0.00147779565054
0.00147773778852
0.0014776800904
0.00147762255562
0.00147756518308
0.0014775079722
0.00147745092219
0.00147739403239
0.00147733730214
0.00147728073075
0.00147722431758
0.00147716806197
0.00147711196326
0.00147705602108
0.00147700023486
0.0014769446036
0.00147688912665
0.00147683380339
0.00147677863317
0.00147672361536
0.00147666874934
