0.0449362230894
0.0446733194
0.0445274102059
0.044410576534
0.0443200310334
0.0442628959531
0.0442117636147
0.0441514403854
0.0440765750362
0.0439853855374
0.043856234697
0.0436308419886
0.0430298480224
0.0367648077614
0.0314227691527
0.026417914732
0.0210201466843
0.0171242205217
0.0144501346785
0.0115513566291
0.00985378650253
0.00859303053937
0.0072310674176
0.00627944181995
0.00577996975928
0.00536897640122
0.00493156364043
0.00446706694988
0.00421384913448
0.00407294460129
0.00395933056119
0.00384178306429
0.00370454589646
0.00357090861247
0.00346836024473
0.00339008984653
0.00332968950661
0.00328471024509
0.0032515010746
0.00322607531124
0.0032060311692
0.00318930494899
0.0031742497006
0.00316022364576
0.0031468484375
0.00313388661789
0.00312119242138
0.00310868095374
0.00309630292247
0.00308402018892
0.00307178284189
0.00305951176533
0.00304709189241
0.00303438154734
0.00302124336076
0.00300760631424
0.00299353898274
0.00297930946926
0.00296535297835
0.00295213155237
0.00293997435381
0.00292900856129
0.00291919369897
0.0029103957983
0.00290244934418
0.00289519321692
0.0028884865824
0.00288221345879
0.00287628200657
0.00287062059375
0.0028651750789
0.0028599105285
0.00285480205182
0.00284983447819
0.00284500001757
0.00284029642735
0.00283572516846
0.00283128762284
0.0028269867617
0.0028228249938
0.002818803538
0.00281492205677
0.00281117856473
0.00280756953988
0.00280409011893
0.00280073436227
0.00279749554207
0.00279436640863
0.00279133942886
0.00278840698426
0.00278556152945
0.00278279570201
0.00278010240657
0.00277747486849
0.00277490667071
0.00277239202968
0.00276992511186
0.00276750047391
0.00276511294579
0.00276275776305
0.00276047035113
0.00275821652611
0.00275598339255
0.002753768432
0.00275156805289
0.00274937621612
0.00274718938412
0.00274500412191
0.0027428170418
0.00274062477817
0.00273842403186
0.0027362118876
0.00273398450651
0.00273173837764
0.00272946994039
0.00272717550763
0.00272485123316
0.00272249309539
0.0027200968373
0.00271765791127
0.00271517150233
0.00271263220672
0.00271003423969
0.00270737126065
0.00270463624603
0.00270182134879
0.00269891772411
0.0026959154152
0.00269280281183
0.00268956642602
0.00268619055456
0.00268265673476
0.00267894298125
0.00267502266098
0.00267086387893
0.0026664281881
0.00266166880233
0.0026565309217
0.00265095006592
0.00264485354898
0.00263859702808
0.00263215687013
0.00262529326064
0.00261804032214
0.00261047166056
0.00260270112042
0.00259487187399
0.0025871352966
0.00257962704152
0.00257244894081
0.002565662038
0.00255928984894
0.00255332732842
0.002547750863
0.00254252687395
0.00253761796398
0.00253298673514
0.00252859782032
0.00252441880847
0.00252042013703
0.00251657488392
0.00251285835905
0.00250924747465
0.00250572020223
0.00250225496469
0.00249883004101
0.00249542294645
0.00249200976204
0.00248856438136
0.00248505763945
0.00248145628913
0.00247772179917
0.00247380897675
0.00246966448437
0.00246522548516
0.00246041915659
0.00245516309719
0.00244936989948
0.00244295871355
0.00243587665097
0.0024281324412
0.00241983578174
0.00241122135653
0.00240262782707
0.00239442123522
0.0023868975343
0.00238022103373
0.0023744235624
0.00236944424295
0.00236517639127
0.00236150222491
0.00235831209659
0.00235551231514
0.00235302648487
0.00235079390515
0.00234876709438
0.00234690907715
0.00234519108411
0.00234360680146
0.002342136747
0.00234075052656
0.00233943615809
0.00233818397294
0.00233698618657
0.00233583635699
0.00233472913995
0.00233365995717
0.00233262501672
0.00233162118403
0.00233064665499
0.00232970087755
0.00232878446139
0.00232789122735
0.00232701832084
0.00232616432475
0.002325328019
0.00232450833001
0.00232370427533
0.0023229151482
0.00232214001095
0.00232137813971
0.00232062889264
0.00231989169927
0.00231916606171
0.00231845143716
0.00231774737591
0.00231706909678
0.00231640105225
0.00231574162863
0.00231509050979
0.00231444740759
0.00231381205685
0.00231318421216
0.00231256364566
0.00231195014514
0.00231134371474
0.00231074399454
0.00231015077171
0.002309545042
0.00230894408026
0.00230834942274
0.00230776088503
0.00230717858938
0.00230660681686
0.00230604056306
0.00230547967609
0.00230492401916
0.00230437348095
0.00230382794249
0.00230328728291
0.00230275140089
0.00230222020127
0.0023016935943
0.002301171495
0.00230065382264
0.00230014050027
0.00229963145436
0.00229912661443
0.00229862591279
0.00229812928428
0.00229763676743
0.00229714821949
0.00229666355894
0.00229618420921
0.00229570883329
0.00229523711098
0.0022947689893
0.00229430441738
0.0022938433461
0.002293385728
0.00229293151692
0.00229248066805
0.00229203313784
0.00229158888391
0.00229114786491
0.00229071004051
0.00229027537131
0.0022898438188
0.00228941534534
0.00228898991409
0.00228856748892
0.00228814803442
0.00228773151592
0.0022873178994
0.0022869071515
0.00228649923946
0.00228609413114
0.00228569179511
0.00228529220021
0.00228489531597
0.00228450111241
0.00228410956165
0.00228372063343
0.002283334299
0.00228295053036
0.00228256929996
0.00228219058069
0.00228181434586
0.00228144056923
0.00228106921972
0.00228070027359
0.00228033370968
0.00227996950329
0.00227960763012
0.00227924806621
0.00227889078799
0.0022785357722
0.00227818299595
0.00227783243667
0.00227748407391
0.00227713788647
0.00227679385005
0.00227645194336
0.00227611214538
0.00227577443544
0.00227543879311
0.00227510519827
0.00227477364539
0.00227444410095
0.00227411654484
0.00227379095802
0.00227346732171
0.00227314561736
0.0022728258267
0.00227250793168
0.00227219191451
0.0022718777576
0.00227156544362
0.00227125495546
0.00227094627621
0.0022706393892
0.00227033427917
0.00227003092871
0.00226972932163
0.00226942944209
0.00226913127444
0.00226883480326
0.00226854001326
0.0022682468894
0.0022679554168
0.00226766558075
0.00226737736675
0.00226709076045
0.00226680574769
0.0022665223145
0.00226624044706
0.00226596013168
0.00226568135487
0.00226540410329
0.00226512836376
0.00226485412327
0.00226458136896
0.00226431008809
0.00226404026812
0.0022637718966
0.00226350496128
0.00226323945001
0.00226297535081
0.0022627126518
0.00226245134127
0.00226219140764
0.00226193283943
0.00226167562532
0.00226141975413
0.00226116521476
0.00226091199626
0.00226066008783
0.00226040947873
0.00226016015839
0.00225991211633
0.0022596653422
0.00225941982575
0.00225917555685
0.00225893252548
0.00225869072173
0.00225845013579
0.00225821075797
0.00225797257867
0.0022577355884
0.00225749977778
0.0022572651375
0.00225703165836
0.0022567993312
0.00225656814712
0.0022563380972
0.00225610917264
0.00225588136473
0.00225565466483
0.00225542906442
0.00225520455504
0.00225498112834
0.00225475877604
0.00225453748996
0.00225431726199
0.00225409808411
0.00225387994838
0.00225366284695
0.00225344677204
0.00225323171594
0.00225301767104
0.00225280462979
0.00225259258473
0.00225238152845
0.00225217145364
0.00225196235305
0.00225175421951
0.00225154704591
0.00225134082522
0.0022511355505
0.00225093121483
0.00225072781138
0.0022505253334
0.00225032377418
0.00225012312709
0.00224992338615
0.00224972454451
0.00224952659551
0.00224932953279
0.00224913335002
0.00224893804095
0.0022487435994
0.00224855001923
0.00224835729437
0.00224816541878
0.00224797438649
0.00224778419161
0.00224759482828
0.0022474062907
0.00224721857314
0.00224703166991
0.00224684557537
0.00224666028393
0.00224647579008
0.00224629208836
0.0022461091735
0.00224592703993
0.00224574568233
0.00224556509541
0.0022453852739
0.00224520621269
0.00224502790663
0.00224485035061
0.0022446735396
0.00224449766529
0.00224432269003
0.00224414845149
0.00224397494417
0.00224380216278
0.00224363010217
0.00224345875726
0.00224328812309
0.00224311819472
0.00224294896733
0.00224278043614
0.00224261259642
0.00224244544351
0.00224227897282
0.00224211317978
0.00224194805989
0.00224178360869
0.00224161982177
0.00224145669484
0.00224129422356
0.00224113240359
0.00224097123069
0.00224081070066
0.00224065080934
0.00224049155261
0.00224033292638
0.00224017492661
0.00224001754929
0.00223986079043
0.00223970464612
0.00223954911243
0.0022393941855
0.00223923986149
0.0022390861366
0.00223893300707
0.00223878046916
0.00223862851916
0.00223847715341
0.00223832636827
0.00223817616012
0.00223802652542
0.00223787746059
0.0022377289621
0.00223758102646
0.00223743365023
0.00223728682996
0.00223714056226
0.00223699484376
0.0022368496711
0.00223670504098
0.0022365609501
0.00223641739521
0.00223627437306
0.00223613188045
0.0022359899142
0.00223584847115
0.00223570754818
0.00223556714217
0.00223542725005
0.00223528786878
0.00223514899531
0.00223501062664
0.00223487275981
0.00223473539184
0.00223459851981
0.00223446214081
0.00223432625195
0.00223419085038
0.00223405593325
0.00223392149775
0.00223378754108
0.00223365406048
0.00223352105319
0.00223338851653
0.00223325644775
0.00223312484417
0.00223299370312
0.00223286302195
0.00223273279805
0.00223260302882
0.00223247371166
0.00223234484402
0.00223221642337
0.00223208844717
0.00223196091292
0.00223183381815
0.00223170716038
0.00223158093718
0.00223145514611
0.00223132978477
0.00223120485077
0.00223108034174
0.00223095625532
0.00223083258917
0.00223070934099
0.00223058650847
0.00223046408933
0.00223034208129
0.00223022048213
0.00223009928959
0.00222997850146
0.00222985811597
0.00222973813128
0.00222961854446
0.00222949935336
0.00222938055584
0.00222926214979
0.00222914413311
0.00222902650434
0.00222890926104
0.0022287924009
0.00222867592186
0.00222855982191
0.00222844409902
0.00222832875121
0.00222821377648
0.00222809917287
0.00222798493842
0.00222787107119
0.00222775756926
0.00222764443071
0.00222753165365
0.00222741923618
0.00222730717686
0.00222719547378
0.00222708412475
0.00222697312792
0.00222686248144
0.00222675218353
0.00222664223236
0.00222653262618
0.00222642337026
0.00222631446574
0.00222620590092
0.00222609767408
0.00222598978348
0.00222588222744
0.00222577500434
0.0022256681124
0.00222556154943
0.00222545531243
0.00222534940159
0.00222524381526
0.00222513858616
0.00222503395974
0.00222492965372
0.0022248256663
0.00222472199576
0.00222461864043
0.00222451559866
0.00222441286884
0.00222431067854
0.00222420884515
0.00222410732337
0.00222400611104
0.00222390520616
0.00222380460684
0.00222370431142
0.00222360431849
0.00222350462581
0.0022234052317
0.00222330613451
0.00222320733264
0.0022231088245
0.00222301060853
0.0022229126832
0.002222815047
0.00222271769845
0.00222262063606
0.00222252385838
0.00222242736399
0.00222233115144
0.00222223521933
0.00222213956626
0.00222204419086
0.00222194909174
0.00222185426754
0.00222175971692
0.00222166543853
0.00222157143106
0.00222147769316
0.00222138422355
0.00222129102092
0.00222119808397
0.00222110541143
0.00222101300203
0.0022209208545
0.00222082896758
0.00222073734004
0.00222064597063
0.00222055485813
0.0022204640013
0.00222037339895
0.00222028304986
0.00222019295285
0.00222010310671
0.00222001351026
0.00221992416234
0.00221983506178
0.00221974620742
0.00221965759811
0.0022195692327
0.00221948111006
0.00221939322907
0.0022193055886
0.00221921818753
0.00221913102475
0.00221904409916
0.00221895740967
0.00221887095519
0.00221878473464
0.00221869874694
0.00221861299104
0.00221852746586
0.00221844217036
0.00221835710349
0.00221827226421
0.00221818765147
0.00221810326427
0.00221801910156
0.00221793516234
0.0022178514456
0.00221776795034
0.00221768467565
0.00221760162066
0.00221751878418
0.00221743616521
0.0022173537628
0.00221727157596
0.00221718960374
0.00221710784519
0.00221702629935
0.00221694496527
0.00221686384203
0.00221678292868
0.00221670222429
0.00221662172795
0.00221654143874
0.00221646135575
0.00221638147806
0.00221630180479
0.00221622233502
0.00221614306788
0.00221606400252
0.00221598513803
0.00221590647352
0.00221582800812
0.00221574974097
0.00221567167121
0.00221559379798
0.00221551612043
0.00221543863771
0.00221536134899
0.00221528425343
0.00221520735019
0.00221513063846
0.00221505411741
0.00221497778622
0.00221490164409
0.0022148256902
0.00221474992374
0.00221467434393
0.00221459894998
0.00221452374112
0.00221444871652
0.00221437387542
0.00221429921702
0.00221422474058
0.0022141504453
0.00221407633043
0.00221400239522
0.00221392863893
0.00221385506081
0.00221378166009
0.00221370843601
0.00221363538793
0.00221356251502
0.00221348981656
0.00221341729181
0.00221334494007
0.0022132727606
0.0022132007527
0.00221312891543
0.00221305724826
0.00221298575052
0.00221291442153
0.00221284326059
0.00221277226699
0.00221270144006
0.00221263077911
0.00221256028346
0.00221248995235
0.00221241978513
0.0022123497814
0.00221227994157
0.00221221026369
0.00221214074708
0.0022120713911
0.00221200219509
0.00221193315839
0.00221186428037
0.00221179556038
0.00221172699778
0.00221165859194
0.00221159034221
0.00221152224797
0.00221145430859
0.00221138652346
0.00221131889194
0.00221125141343
0.0022111840873
0.00221111691295
0.00221104988977
0.00221098301716
0.00221091629451
0.00221084972122
0.00221078329671
0.00221071702037
0.00221065089163
0.00221058490988
0.00221051907456
0.00221045338507
0.00221038784085
0.00221032244131
0.00221025718589
0.00221019207401
0.00221012710512
0.00221006227864
0.00220999759402
0.0022099330507
0.00220986864812
0.00220980438579
0.0022097402631
0.0022096762795
0.00220961243446
0.00220954872743
0.00220948515787
0.00220942172526
0.00220935842938
0.00220929528819
0.00220923228635
0.00220916941929
0.00220910668649
0.00220904408742
0.00220898162158
0.00220891928845
0.00220885708751
0.00220879501826
0.00220873308022
0.00220867127285
0.00220860959565
0.0022085480481
0.00220848662972
0.00220842534002
0.00220836417849
0.00220830314464
0.002208242238
0.0022081814596
0.00220812080842
0.00220806028297
0.00220799988279
0.0022079396074
0.00220787945632
0.00220781942907
0.0022077595252
0.00220769974422
0.00220764008568
0.00220758054912
0.00220752113406
0.00220746184005
0.00220740266664
0.00220734361337
0.00220728467978
0.00220722586543
0.00220716716987
0.00220710859267
0.00220705013337
0.00220699179153
0.00220693356671
0.00220687545846
0.00220681746635
0.00220675958995
0.00220670182882
0.00220664418254
0.00220658665068
0.00220652935195
0.00220647231955
0.00220641540273
0.00220635860045
0.00220630191191
0.00220624533644
0.00220618887352
0.00220613252282
0.00220607628344
0.00220602015484
0.0022059641365
0.00220590822794
0.00220585242867
0.00220579673822
0.00220574115613
0.00220568568194
0.00220563031523
0.00220557505554
0.00220551990247
0.00220546485557
0.00220540991444
0.00220535507867
0.00220530034785
0.00220524572157
0.00220519119944
0.00220513678105
0.00220508246602
0.00220502825395
0.00220497415103
0.00220492015853
0.00220486626787
0.00220481247865
0.00220475879051
0.00220470520305
0.0022046517159
0.00220459832869
0.00220454505534
0.00220449188205
0.00220443880761
0.00220438583164
0.00220433295379
0.00220428017368
0.00220422749096
0.00220417490527
0.00220412241625
0.00220407002355
0.00220401772681
0.00220396552568
0.00220391341987
0.00220386141004
0.00220380949478
0.00220375767375
0.00220370594661
0.00220365431302
0.00220360277267
0.00220355132519
0.00220349997025
0.00220344870751
0.00220339753663
0.00220334645729
0.00220329546916
0.0022032445719
0.00220319376521
0.00220314304873
0.00220309242217
0.00220304188519
0.00220299143747
0.0022029410787
0.00220289080855
0.00220284062672
0.00220279053288
0.00220274052673
0.00220269060796
0.00220264077923
0.00220259133221
0.00220254197621
0.00220249270972
0.0022024435318
0.00220239444178
0.00220234543905
0.00220229652307
0.00220224769334
0.00220219894939
0.00220215029076
0.00220210171703
0.00220205322779
0.00220200482265
0.00220195650123
0.00220190826316
0.00220186010809
0.00220181203567
0.00220176404557
0.00220171613744
0.00220166831096
0.00220162056581
0.00220157290168
0.00220152531826
0.00220147781523
0.00220143039229
0.00220138304915
0.0022013357855
0.00220128860105
0.00220124149551
0.00220119446858
0.00220114752019
0.00220110065012
0.00220105385781
0.00220100714298
0.00220096050536
0.00220091394466
0.00220086746061
0.00220082105294
0.00220077472136
0.00220072846561
0.00220068228542
0.00220063618052
0.00220059015065
0.00220054419552
0.00220049831489
0.00220045250849
0.00220040677606
0.00220036111733
0.00220031553206
0.00220027001997
0.00220022458081
0.00220017921433
0.00220013392028
0.0022000886984
0.00220004354844
0.00219999847015
0.00219995346327
0.00219990852757
0.0021998636628
0.00219981886871
0.00219977414505
0.00219972949158
0.00219968490807
0.00219964039426
0.00219959594992
0.00219955157481
0.0021995072687
0.00219946303134
0.0021994188625
0.00219937476195
0.00219933072945
0.00219928676478
0.00219924286769
0.00219919903796
0.00219915527536
0.00219911157967
0.00219906795065
0.00219902438807
0.00219898089173
0.00219893746138
0.00219889409681
0.0021988507978
0.00219880756412
0.00219876439556
0.00219872129189
0.0021986782529
0.00219863527836
0.00219859236808
0.00219854952182
0.0021985067394
0.0021984640206
0.0021984213652
0.00219837877297
0.00219833624371
0.00219829377721
0.00219825137326
0.00219820903165
0.00219816675218
