0.0446099814584
0.0445099814584
0.00937303742401
0.00927336313879
0.00918592787173
0.00910635290466
0.00903216574718
0.00896140266953
0.00889034434603
0.00881935077535
0.00874744717447
0.00867245178032
0.00859122086841
0.00849889869223
0.00838815894654
0.00825774452182
0.00812742841887
0.00800667222314
0.00789356083046
0.00778562704109
0.00768240977075
0.0075822064826
0.00748310465554
0.00738112228987
0.0072725281339
0.00715917563673
0.00704956959627
0.00695420110473
0.0068737565709
0.00680364196945
0.00673898203025
0.00667555118775
0.00660978255145
0.0065372804435
0.00645143098482
0.0063336061686
0.00616301019064
0.00596587443509
0.00580757819024
0.00569429306096
0.00560830848319
0.00553945892298
0.00548170743024
0.00543198251326
0.00538869997491
0.00535072031092
0.00531701301842
0.00528661903899
0.00525858362028
0.00523225169941
0.00520699032345
0.00518225540255
0.00515757533301
0.00512679633108
0.00509599270318
0.00506446813734
0.00503075078865
0.0049936835279
0.00495341956798
0.00491168348327
0.00487020591061
0.00483002475443
0.00479168542719
0.00475546424767
0.00472144414629
0.00468968814127
0.00466004517941
0.00463184614854
0.00460575155076
0.00458162782681
0.00455914965709
0.00453802295148
0.00451806801599
0.00449908541163
0.00448095932111
0.00446351197683
0.00444673306794
0.00443058937618
0.00441507044206
0.00440020893222
0.00438600533326
0.0043679009566
0.00434481355657
0.00432569561837
0.00430952823081
0.00429586747839
0.00428416503695
0.00427394335548
0.00426483796631
0.00425657951538
0.00424896293136
0.00424181317759
0.00423504771389
0.00422858546253
0.0042223217422
0.00421625661709
0.00421030818227
0.0042044705295
0.0041987241546
0.00419303474407
0.0041872940586
0.00418131606495
0.00417535967219
0.00416939956031
0.00416340946969
0.0041573736757
0.00415126952562
0.00414315707214
0.00413360182892
0.00412239291606
0.00410894268942
0.0040925939073
0.00407221537595
0.00404697553992
0.00401746284903
0.00398587582613
0.0039540578301
0.00392260227532
0.00389150340654
0.00386081917157
0.00383103524799
0.00380300578729
0.0037775433076
0.0037550575945
0.00373553284066
0.00371871318356
0.00370427424327
0.00369190202806
0.00368131010444
0.00367223607889
0.00366443907192
0.00365770119015
0.00365183031743
0.00364665983441
0.00364205078117
0.00363788840068
0.00363407868355
0.00363053130028
0.00362719599595
0.00362402209419
0.00362096341986
0.00361797950256
0.00361503354845
0.00361209074424
0.00360911659526
0.00360607546659
0.00360292915181
0.00359963544727
0.00359614668956
0.003592408545
0.00358835988612
0.00358393394384
0.00357906097261
0.00357367907478
0.0035677578222
0.00356131394057
0.00355443792076
0.00354730040616
0.0035401255714
0.00353313476271
0.00352649014577
0.00352026762974
0.00351446336678
0.00350901685671
0.00350383308485
0.00349880188674
0.00349379872799
0.0034886852785
0.00348330351941
0.00347746972491
0.0034709758378
0.00346361216562
0.00345513764739
0.00344554366715
0.00343503229367
0.00342387532663
0.00341227999922
0.0034004474024
0.00338860947538
0.00337685132335
0.00336520907275
0.00335368017513
0.00334223538099
0.00333082881379
0.00331940596796
0.00330791037764
0.0032962879719
0.0032844914577
0.00327248254688
0.0032602323075
0.00324771935444
0.00323492617672
0.00322182204865
0.00320837037712
0.00319442181597
0.00318005108286
0.00316525474282
0.00315009162678
0.00313473056013
0.00311947467258
0.00310471640296
0.00309083919365
0.00307811694245
0.00306666923794
0.0030564854237
0.00304742177083
0.00303939692398
0.00303227088747
0.00302590222272
0.00302016262485
0.00301457102974
0.00300947740993
0.00300480456843
0.00300043520836
0.0029962960873
0.00299233448421
0.00298849261983
0.00298471888426
0.00298096545479
0.00297718725259
0.00297334069283
0.00296938381816
0.00296527461592
0.0029609726344
0.00295644053174
0.00295164630231
0.00294656545298
0.00294118376711
0.00293549969856
0.00292952401513
0.00292308373844
0.002916432169
0.00290962003611
0.00290271247266
0.00289577733259
0.00288876862681
0.00288170619987
0.00287476933797
0.00286802409733
0.00286149429204
0.00285519748062
0.00284914379425
0.00284333834172
0.00283778335545
0.00283247687326
0.00282741400241
0.00282258752343
0.0028179875461
0.00281360269308
0.00280941944605
0.00280542286194
0.00280159645843
0.00279792168332
0.00279437885855
0.00279094836111
0.00278760755693
0.00278428714048
0.00277734847295
0.00276946300919
0.00275997342014
0.00274785521328
0.00273146750248
0.0027087469425
0.00267914695125
0.00264655577053
0.00261678479069
0.00259267010344
0.00257424429216
0.00256049586854
0.00255025548142
0.00254252301309
0.00253654710042
0.00253179596322
0.00252790706726
0.00252463402588
0.00252180832386
0.00251931381878
0.0025170691329
0.00251501655657
0.00251311451276
0.00251133196646
0.00250964384968
0.00250803466078
0.00250649220209
0.00250500621958
0.00250356879087
0.00250217366538
0.00250081594314
0.00249949140904
0.00249819654594
0.00249692850261
0.00249568499981
0.00249446473884
0.00249326545304
0.00249208569348
0.0024909242499
0.00248978008988
0.00248865229514
0.00248754009305
0.00248644274529
0.00248535957387
0.00248429000992
0.00248323369806
0.00248219000763
0.0024811585716
0.00248013891692
0.00247913071844
0.00247813361935
0.00247714731873
0.00247617150505
0.00247520593299
0.00247425037134
0.00247330456967
0.00247236830103
0.00247144137909
0.00247052366885
0.00246961493301
0.0024687150177
0.00246782372582
0.00246694091368
0.00246606643977
0.00246520018264
0.00246434204718
0.00246349187829
0.00246264960864
0.00246181510924
0.00246098825222
0.00246016895772
0.0024593538486
0.00245854175112
0.0024577373016
0.00245694028242
0.00245615061194
0.00245536819615
0.00245459294821
0.00245382479003
0.00245306364743
0.00245230942868
0.0024515620677
0.00245082148323
0.00245008760921
0.00244936038029
0.00244863973201
0.00244792560951
0.00244721795468
0.00244651671208
0.00244582182471
0.00244513323975
0.00244445089972
0.00244377475295
0.00244310475301
0.00244244084614
0.00244178298052
0.00244113110965
0.00244048518436
0.00243984512588
0.00243921071824
0.00243858212914
0.00243795931303
0.00243734221945
0.00243673080284
0.00243612500837
0.00243552479572
0.00243493012356
0.00243434094432
0.00243375721782
0.00243317889436
0.00243260593146
0.0024320382894
0.002431475923
0.00243091879883
0.00243036686908
0.00242982009327
0.0024292784295
0.00242874183371
0.00242821025959
0.00242768367762
0.0024271620383
0.00242664530921
0.0024261334409
0.00242562638663
0.00242512410526
0.00242462655445
0.00242413369418
0.00242364548524
0.00242316188706
0.00242268285773
0.00242220836072
0.00242173835351
0.00242127279616
0.00242081165837
0.00242035488509
0.00241990243661
0.00241945427367
0.00241901035636
0.00241857064405
0.00241813509761
0.00241770367729
0.00241727634387
0.00241685306014
0.00241643379209
0.00241601849537
0.00241560713246
0.00241519966535
0.00241479605605
0.00241439626514
0.00241400025458
0.00241360798652
0.00241321942978
0.00241283455052
0.00241245330355
0.00241207565106
0.00241170155753
0.00241133098662
0.00241096390394
0.00241060027114
0.00241024005267
0.00240988321283
0.00240952971791
0.00240917918151
0.00240883189303
0.00240848785261
0.00240814702699
0.00240780938266
0.00240747488625
0.00240714350338
0.00240681519999
0.00240648994578
0.00240616771025
0.00240584845953
0.0024055321592
0.0024052187844
0.00240490829463
0.00240460065796
0.00240429584314
0.00240399381966
0.00240369456038
0.00240339803892
0.00240310422232
0.00240281307612
0.00240252457107
0.00240223868114
0.00240195537456
0.00240167462138
0.0024013963932
0.00240112066188
0.00240084740045
0.00240057658135
0.00240030664952
0.00240003401831
0.00239976396825
0.00239949639431
0.00239923125936
0.00239896852939
0.0023987081712
0.00239845015389
0.00239819444771
0.00239794102571
0.00239768985967
0.00239744092061
0.00239719418181
0.00239694961704
0.00239670720049
0.00239646690675
0.00239622871096
0.00239599258847
0.00239575851467
0.00239552646702
0.0023952964208
0.00239506835196
0.00239484223728
0.00239461805776
0.00239439579858
0.00239417542704
0.00239395692019
0.00239374025583
0.00239352541307
0.00239331237098
0.00239310110708
0.00239289160068
0.00239268383127
0.00239247777829
0.0023922734215
0.00239207074102
0.00239186971868
0.00239167033379
0.00239147256697
0.00239127639963
0.00239108181286
0.00239088878781
0.00239069730622
0.00239050735132
0.00239031890685
0.00239013195512
0.00238994647617
0.0023897624526
0.00238957932531
0.00238934355178
0.0023891212454
0.00238890336204
0.00238868923507
0.00238847839906
0.00238827049178
0.0023880652278
0.00238786238095
0.00238766177301
0.0023874632503
0.00238726669097
0.00238707199651
0.00238687908243
0.00238668787676
0.00238649831769
0.00238631035402
0.00238612393875
0.00238593903272
0.00238575561131
0.0023855736226
0.00238539303294
0.00238521381317
0.00238503593605
0.00238485937641
0.00238468411116
0.00238451012347
0.00238433738469
0.00238416587447
0.00238399557325
0.00238382646177
0.00238365852188
0.0023834917359
0.00238332608839
0.00238316156183
0.002382998139
0.00238283580409
0.00238267454237
0.00238251433831
0.00238235517713
0.00238219704469
0.00238203992719
0.00238188381154
0.00238172868333
0.00238157452906
0.00238142133696
0.00238126910427
0.00238111780783
0.0023809674346
0.00238081797604
0.00238066941834
0.00238052174929
0.00238037495694
0.00238022902946
0.0023800839564
0.00237993972537
0.0023797963259
0.00237965374689
0.00237951197775
0.002379371008
0.00237923082779
0.002379091427
0.00237895279515
0.00237881492237
0.00237867780036
0.00237854141895
0.00237840576822
0.00237827083992
0.00237813662317
0.00237800310883
0.00237787028791
0.00237773815156
0.00237760669088
0.00237747589719
0.00237734576591
0.00237721628759
0.00237708745103
0.00237695924776
0.00237683166964
0.00237670473674
0.00237657841795
0.00237645270016
0.00237632757555
0.00237620303635
0.00237607907489
0.00237595568368
0.00237583285521
0.00237571059548
0.00237558889252
0.00237546773067
0.00237534710249
0.00237522700105
0.00237510741931
0.00237498835024
0.00237486979276
0.00237475173408
0.0023746341675
0.00237451708892
0.00237440050977
0.00237428440294
0.00237416871982
0.00237405162677
0.00237393501941
0.00237381888908
0.0023737032273
0.00237358803013
0.00237347328761
0.00237335899189
0.00237324513556
0.00237313171183
0.00237301871388
0.00237290613579
0.00237279397273
0.0023726822301
0.00237257089001
0.00237245994424
0.00237234938684
0.00237223921193
0.00237212941382
0.00237201998665
0.00237191092475
0.00237180222259
0.00237169387458
0.00237158587523
0.00237147821935
0.00237137090134
0.00237126391668
0.00237115725922
0.002371050924
0.00237094490576
0.00237083919917
0.002370733799
0.00237062870015
0.00237052389756
0.00237041938639
0.00237031516164
0.00237021121833
0.00237010756381
0.00237000419249
0.00236990108805
0.00236979824561
0.00236969566037
0.00236959332758
0.00236949124279
0.00236938940115
0.0023692877979
0.00236918642857
0.00236908528916
0.00236898437472
0.00236888368035
0.00236878320173
0.00236868293469
0.00236858287513
0.00236848301763
0.00236838335772
0.00236828389099
0.0023681846132
0.00236808552077
0.00236798661594
0.00236788790463
0.00236778936476
0.00236769099242
0.00236759278306
0.00236749473223
0.00236739683565
0.00236729908904
0.00236720148817
0.00236710403873
0.00236700673862
0.00236690957177
0.00236681253388
0.00236671562075
0.0023666188284
0.00236652215364
0.00236642559115
0.00236632913674
0.00236623278626
0.00236613653556
0.00236604038053
0.00236594430376
0.00236584830202
0.0023657523837
0.00236565654457
0.00236556078051
0.00236546508767
0.00236536946173
0.00236527389981
0.00236517839647
0.00236508294798
0.00236498755702
0.00236489221224
0.0023647969095
0.00236470164464
0.00236460641352
0.00236451122134
0.00236441605645
0.00236432091291
0.00236422578645
0.00236413067292
0.0023640355682
0.00236394046794
0.00236384536786
0.00236375026385
0.00236365515158
0.00236356002667
0.00236346488488
0.00236336972183
0.00236327453316
0.00236317931469
0.00236308406235
0.00236298877139
0.00236289343732
0.00236279805569
0.00236270262212
0.002362607132
0.0023625115808
0.002362415964
0.00236232027703
0.00236222451543
0.00236212867442
0.0023620327507
0.00236193673898
0.00236184063377
0.00236174443035
0.00236164812823
0.00236155172366
0.00236145520694
0.00236135857264
0.00236126181582
0.00236116493148
0.0023610679149
0.00236097076119
0.00236087346504
0.00236077602103
0.00236067842385
0.00236058066843
0.00236048275138
0.00236038466906
0.00236028641272
0.00236018797645
0.00236008935469
0.00235999054218
0.00235989153335
0.0023597923236
0.0023596929055
0.00235959327319
0.00235949342074
0.00235939334214
0.0023592930314
0.00235919248511
0.00235909169522
0.0023589906576
0.00235888936466
0.00235878780804
0.0023586859812
0.00235858387751
0.00235848149024
0.00235837881255
0.00235827583755
0.00235817256075
0.00235806894862
0.00235796488651
0.00235786049674
0.0023577557718
0.00235765070429
0.00235754528648
0.00235743951071
0.00235733337142
0.00235722685798
0.00235711996255
0.00235701267702
0.00235690499254
0.00235679690032
0.00235668839165
0.00235657945763
0.00235647008923
0.00235636027727
0.0023562500124
0.00235613928512
0.00235602808589
0.00235591640499
0.0023558042322
0.00235569155728
0.00235557836996
0.00235546465961
0.00235535041541
0.002355235627
0.00235512028317
0.0023550043781
0.00235488790962
0.00235477085215
0.00235465319287
0.00235453491935
0.00235441601991
0.00235429648188
0.00235417629469
0.00235405544121
0.002353933908
0.00235381168114
0.00235368874653
0.00235356509004
0.00235344069647
0.00235331555077
0.00235318963759
0.0023530629416
0.0023529354484
0.00235280713953
0.0023526779984
0.00235254802486
0.0023524171917
0.00235228547419
0.00235215285382
0.00235201931201
0.00235188482975
0.00235174938707
0.00235161296398
0.00235147553979
0.00235133709344
0.0023511976034
0.0023510570476
0.00235091540485
0.00235077265377
0.00235062880196
0.00235048380179
0.00235033761826
0.0023501902259
0.00235004160092
0.00234989171448
0.00234974054199
0.00234958805871
0.00234943422917
0.00234927902361
0.00234912242018
0.00234896438325
0.00234880487665
0.00234864386737
0.00234848132164
0.00234831720458
0.00234815148043
0.00234798411242
0.00234781506293
0.00234764429318
0.00234747176315
0.0023472974318
0.00234712125691
0.00234694319656
0.00234676321128
0.00234658125333
0.00234639727102
0.0023462112155
0.00234602303703
0.00234583268478
0.00234564010857
0.00234544527702
0.00234524814856
0.00234504862515
0.00234484664761
0.00234464215424
0.00234443508152
0.00234422536357
0.00234401293342
0.00234379773405
0.00234357968056
0.00234335873435
0.00234313479154
0.00234290776689
0.00234267757974
0.00234244414559
0.0023422073791
0.00234196720009
0.00234172350893
0.00234147620469
0.00234122518826
0.00234097035743
0.002340711626
0.00234044886721
0.00234018196541
0.00233991080356
0.00233963525993
0.00233935521284
0.00233907053001
0.00233878105125
0.00233848665945
0.00233818720985
0.00233788257451
0.00233757262577
0.00233725715638
0.00233693600406
0.00233660902523
0.0023362760075
0.00233593677517
0.00233559113759
0.00233523889246
0.00233487982076
0.00233451397295
0.0023341412348
0.0023337610244
0.00233337309958
0.00233297720701
0.00233257308354
0.00233216045549
0.0023317391635
0.00233130883526
0.00233086913606
0.0023304197289
0.00232996026861
0.00232949040758
0.00232900976382
0.0023285179522
0.00232801482264
0.00232750015809
0.00232697396669
0.00232643493019
0.00232588255137
0.00232531630548
0.00232473562601
0.00232413991949
0.00232352855673
0.00232290087078
0.00232225619187
0.00232159372189
0.00232091263351
0.00232021207783
0.00231948847479
0.00231874118007
0.00231797122259
0.00231717742614
0.00231635845457
0.00231551287534
0.00231463913327
0.00231373561014
0.00231280047159
0.00231183166778
0.00231082688389
0.00230978408402
0.00230870014399
0.00230757232008
0.00230639737641
0.00230517200648
0.0023038926661
0.00230255471342
0.00230115357728
0.0022996848077
0.00229814394068
0.00229652601763
0.00229482728744
0.00229304424849
0.00229117498855
0.0022892205204
0.00228719306705
0.00228509588629
0.00228293419976
0.00228072266892
0.0022784795594
0.00227612684359
0.00227324229216
0.00227045836005
0.0022677330307
0.00226507448911
0.00226248950118
0.00225998134614
0.00225755047183
0.00225519550409
0.00225291579129
0.00225070945837
0.0022485666113
0.00224648312045
0.00224445530895
0.00224247876547
0.00224055019779
0.00223866683183
0.00223682594042
0.00223502639787
0.00223326612089
0.0022315423368
0.00222985360487
0.00222819859094
0.00222657609759
0.00222498515221
0.00222342458934
0.00222189347694
0.00222039095251
0.00221891620843
0.00221746847105
0.00221604701808
0.00221465117826
0.00221328026546
0.00221193362243
0.00221061085351
0.002209311742
0.00220803504732
0.00220678021248
0.00220554676778
0.00220433421758
0.00220314215463
0.00220196987938
0.00220081691957
0.00219968281509
0.00219856757391
0.00219747120665
0.00219639233907
0.00219533058585
0.00219428553436
0.00219325680877
