0.0341138620818
0.0313780742972
0.0281514670098
0.0266259390626
0.0258852192258
0.0237703507314
0.0218825325086
0.0208429989813
0.0197106619771
0.0185791032214
0.0175048040255
0.0167989939928
0.0162364689484
0.0154302577597
0.0144897776686
0.0142080608417
0.014114729122
0.0139119083718
0.0136674152647
0.0134737235996
0.0133827557737
0.0132703326133
0.0131168903299
0.0129778334976
0.0127793385835
0.0123944147231
0.0120249483701
0.0117502236171
0.0110727107374
0.0106025725555
0.0104321760525
0.0100963169987
0.00996652630017
0.00983517485629
0.00957513043088
0.00933966418227
0.00923828638171
0.00918747880705
0.00915992347602
0.00914130416026
0.0091259305366
0.00911091760767
0.00909278090388
0.00906198766893
0.00898641665362
0.00888204148869
0.00881746746616
0.00877197381038
0.00873879353054
0.00871592760935
0.00870064109696
0.00869029879539
0.00868304640362
0.00867771495321
0.00867359603245
0.00867025817336
0.00866743472542
0.00866495453244
0.00866270453401
0.00866060552295
0.00865859680537
0.0086566269689
0.00865464728151
0.00865259977767
0.00865040254933
0.0086479224212
0.0086449065607
0.00864079749075
0.00863412799621
0.00862005255419
0.00857951700861
0.00849123319039
0.00841963094763
0.00835236158313
0.00826528386854
0.0081246863732
0.00794664208249
0.00779982573938
0.00772629345672
0.0076860647539
0.00766068600545
0.00764304079773
0.00762985469024
0.00761932084919
0.00761025103519
0.00760170090681
0.00759274422861
0.00758228320398
0.00756899119383
0.00755191340885
0.00753215724246
0.00751298412993
0.00749645268491
0.00748242238079
0.00747001486058
0.00745834945853
0.00744666209987
0.00743435623064
0.00742117156832
0.0074074070735
0.00739383340172
0.00738118762605
0.0073698002278
0.00735964657058
0.00735054231232
0.00734226891868
0.00733462690145
0.00732745071917
0.00732060942962
0.00731400301018
0.00730755830927
0.00730122411657
0.00729496693069
0.00728876364835
0.00728259408951
0.00727642999768
0.00727022302101
0.00726388665243
0.00725727023267
0.00725010968443
0.00724192617587
0.00723181706291
0.00721811024962
0.00719852324363
0.00717337639181
0.00714776098131
0.0071236675338
0.00709871229426
0.00706989042807
0.00703545716312
0.00699544480246
0.00695212435315
0.00691060152921
0.00687473721483
0.00684512919223
0.00682097420679
0.00680124953322
0.00678502031731
0.00677150748165
0.00676009292177
0.00675030272122
0.00674178277314
0.00673427267284
0.00672758203197
0.00672157104569
0.00671613529242
0.00671119454903
0.0067066851667
0.00670255482776
0.00669875942286
0.00669526082086
0.00669202559792
0.00668902421022
0.00668623040724
0.00668362091192
0.00668117500382
0.00667887427432
0.00667670235397
0.00667464471212
0.00667268845737
0.00667082213833
0.00666903557051
0.00666731970866
0.00666566650467
0.00666406873432
0.00666251992767
0.00666101430953
0.00665954668375
0.00665811233209
0.00665670701578
0.0066553268837
0.00665396840294
0.00665262834228
0.00665130373146
0.00664999182137
0.00664869006623
0.00664739609853
0.00664610768552
0.00664482274844
0.00664353932045
0.00664225554542
0.00664096965174
0.00663967994863
0.00663838481765
0.0066370827011
0.00663577210285
0.00663445158023
0.00663311974236
0.00663177523403
0.00663041674332
0.00662904300188
0.0066276527837
0.00662624489422
0.0066248182085
0.00662337157517
0.00662190392994
0.00662041424217
0.00661890151831
0.00661736423988
0.00661580080521
0.00661421166568
0.0066125960281
0.00661095316258
0.00660928242078
0.00660758317177
0.00660585485816
0.00660409698864
0.00660230913308
0.00660049092446
0.00659864208121
0.00659676236398
0.00659485159182
0.00659290965225
0.0065909364653
0.00658893202215
0.00658689634128
0.00658482947775
0.00658273143481
0.00658060212705
0.00657844191608
0.00657625091458
0.00657402718156
0.00657161156603
0.00656916001827
0.0065666711733
0.00656414426816
0.00656157733277
0.00655896911012
0.00655632108641
0.00655363273744
0.00655090336068
0.00654813220294
0.00654531839452
0.00654246093263
0.00653955866784
0.00653661028778
0.00653361431143
0.00653056904272
0.00652747252178
0.00652432257248
0.0065211166853
0.0065178519686
0.00651452515253
0.00651113249701
0.00650766971866
0.00650413190491
0.00650051341367
0.00649680775585
0.00649300745712
0.00648910389395
0.00648508714345
0.00648094581701
0.00647666642475
0.00647223326925
0.00646762808308
0.00646282941154
0.00645781193115
0.00645254558125
0.00644699444563
0.00644111529614
0.00643485601441
0.00642815221454
0.00642092445928
0.0064130734579
0.0064044746288
0.00639496477361
0.00638433222231
0.0063722961172
0.00635847727946
0.00634235350898
0.00632319164513
0.00629994384982
0.00627110992434
0.00623458565263
0.00618758890922
0.00612716252805
0.00605146643929
0.0059625049385
0.00586995605718
0.00578163538114
0.00570149072762
0.00563068921083
0.0055690658952
0.00551550463099
0.00546843756289
0.00542644553321
0.00538853798068
0.00535414481283
0.00532295734923
0.00529475393245
0.00526929933986
0.00524632455126
0.00522554521334
0.00520668766526
0.00518949705054
0.00517376998047
0.00515928327553
0.0051458635784
0.00513336731215
0.00512167254223
0.00511067947258
0.00510031733647
0.0050905109167
0.00508117190155
0.00507214439546
0.00506344886584
0.0050552378013
0.00504732126646
0.00503965942305
0.00503222553686
0.00502499654149
0.00501795412889
0.00501111875427
0.00500443459599
0.00499788793473
0.00499146674563
0.00498516033605
0.00497895919993
0.00497285489472
0.00496683581877
0.00496089587292
0.00495503200666
0.0049492384411
0.00494350943883
0.00493783989381
0.00493222501114
0.0049266602563
0.0049211413074
0.00491566398123
0.00491022624676
0.00490491460995
0.0048997050968
0.00489452616005
0.00488946252143
0.00488454120675
0.00487965415038
0.00487479312667
0.00486995116063
0.00486512112888
0.00486029698298
0.00485547292706
0.00485064336358
0.00484580271842
0.00484094541034
0.00483606591198
0.00483115854092
0.00482621760797
0.0048212373614
0.0048162193103
0.00481119113829
0.00480610926351
0.00480096966384
0.00479576904221
0.00479050590373
0.00478518052548
0.00477979524486
0.00477435473138
0.00476886600712
0.00476333810782
0.00475778196154
0.00475195511842
0.00474578615826
0.00473964242389
0.00473354925322
0.00472751741378
0.00472155340667
0.00471566570571
0.00470990168095
0.00470422339599
0.00469862203672
0.00469309766303
0.00468764936036
0.0046822765348
0.00467697710413
0.00467174849783
0.00466658784707
0.00466149204871
0.00465645780481
0.00465148158117
0.00464655986243
0.00464168876816
0.00463686404406
0.00463208140725
0.00462733636091
0.00462262415597
0.0046179397364
0.00461327761924
0.00460863189429
0.00460399656655
0.00459936448577
0.00459472828176
0.00459007979189
0.00458541014633
0.00458070965531
0.00457596794674
0.00457117291178
0.00456631102713
0.0045613671249
0.00455632480528
0.00455117108586
0.00454587998787
0.00454042953591
0.00453479566177
0.00452895110231
0.0045228685952
0.00451652210899
0.00450988925556
0.00450295482035
0.00449571037274
0.00448819210238
0.00448072722113
0.00447314674263
0.00446547156349
0.00445774714468
0.00445003316235
0.00444239321502
0.00443488695802
0.00442756464775
0.00442046215806
0.00441360061759
0.00440698800342
0.00440062156166
0.00439449001551
0.00438857629188
0.00438285989778
0.0043773193266
0.00437193088385
0.00436667161636
0.00436151903227
0.00435645136987
0.00435144788428
0.00434648814648
0.00434155286688
0.00433662400238
0.00433168255234
0.0043267109719
0.00432169247991
0.00431661460035
0.00431145790757
0.00430620805274
0.00430085285157
0.00429538073028
0.00428978395905
0.0042840556138
0.00427819355661
0.00427219728184
0.00426607050436
0.00425983004164
0.00425348412385
0.00424703329528
0.00424048621966
0.00423385173787
0.00422713611345
0.00422033794673
0.00421345119452
0.00420646290539
0.00419934637019
0.00419206312999
0.00418455765439
0.00417674881938
0.00416852363662
0.00415971430491
0.00415007012603
0.00413922156987
0.00412657560547
0.00411112990671
0.00409107619161
0.00406295741265
0.00401983221792
0.00394873194029
0.00383691088104
0.00369565292941
0.00355320007817
0.00343222927193
0.00334317144563
0.00328003053698
0.0032318885716
0.00319313322631
0.00316208305827
0.00313778740559
0.00311887808216
0.00310372094266
0.00309098414882
0.00307976144925
0.0030695218092
0.00305994640733
0.00305085553925
0.00304213343644
0.0030337210335
0.0030255590626
0.00301763262603
0.00300991293843
0.00300237697428
0.00299502054508
0.00298783028287
0.0029807928012
0.0029738986323
0.00296713913291
0.00296050658705
0.00295399371439
0.00294740026939
0.00294078235837
0.00293425832891
0.00292782604455
0.00292147493745
0.00291519977588
0.00290900979615
0.00290288654876
0.00289682568597
0.00289083861491
0.00288490746229
0.00287886916707
0.00287233783625
0.00286560532732
0.00285889607205
0.00285225001767
0.00284566610389
0.00283914912624
0.00283270388335
0.00282632284305
0.0028200382298
0.00281384960595
0.0028077460115
0.00280173787558
0.00279580709969
0.00278996416324
0.00278420792693
0.00277854706368
0.00277298051992
0.00276752634754
0.00276217433179
0.00275692436244
0.00275176666827
0.00274668655263
0.0027417072526
0.00273683168559
0.00273207734964
0.00272742481877
0.00272289776211
0.00271849491822
0.00271419726093
0.00271001797932
0.00270595378054
0.0027020223613
0.00269819628169
0.00269448348365
0.00269087294168
0.00268737863972
0.00268399121184
0.00268068616664
0.00267748642325
0.00267439177616
0.00267138550325
0.00266847184163
0.00266564215942
0.00266289412014
0.00266024145268
0.00265767020251
0.00265517729166
0.00265275895319
0.00265040669061
0.00264811936754
0.00264589597651
0.00264373106245
0.00264162962983
0.00263959863405
0.00263761859288
0.00263568300892
0.00263379084565
0.00263194234875
0.00263013788473
0.00262837863843
0.00262665872246
0.00262498436971
0.00262334544344
0.00262174292111
0.00262017044668
0.00261862780418
0.00261711691595
0.00261563488845
0.0026141735864
0.00261273681005
0.00261132415425
0.00260993706092
0.00260857510137
0.0026072365066
0.00260591898347
0.00260462368387
0.00260334897586
0.00260209476965
0.00260085924875
0.00259964174002
0.00259844114816
0.00259725714599
0.00259608967924
0.00259493803236
0.00259380150442
0.00259268137897
0.00259157533629
0.00259048387617
0.00258940631732
0.00258834264587
0.00258729195008
0.00258625342027
0.00258522681753
0.00258421181705
0.00258320867854
0.00258222008135
0.00258124349199
0.0025802788978
0.00257932496035
0.00257838075549
0.0025774473833
0.00257652581176
0.00257561518207
0.00257471302022
0.00257381919589
0.00257293552565
0.00257206007297
0.00257119249372
0.00257033240636
0.00256947985222
0.00256863471824
0.00256779677067
0.00256696570984
0.0025661424076
0.00256532591126
0.00256451626934
0.00256371346012
0.00256291688528
0.0025621272336
0.00256134442544
0.00256056741103
0.0025597961193
0.00255903043893
0.00255827028062
0.00255751557541
0.00255676638668
0.00255602246771
0.0025552836439
0.00255454983086
0.00255382097765
0.00255309698483
0.00255237777077
0.00255166325298
0.00255095337738
0.00255024805709
0.00254954722295
0.00254885078747
0.00254815870975
0.00254747092456
0.00254678734089
0.00254611277731
0.00254544252744
0.00254477613518
0.0025441136081
0.00254345482698
0.00254279973514
0.00254214827537
0.00254150039619
0.00254085606059
0.00254021520763
0.00253957778593
0.00253894374917
0.00253831305482
0.00253768565735
0.00253706150461
0.00253644055224
0.00253582276042
0.0025352080845
0.00253459667008
0.00253398831101
0.00253338293792
0.00253278050464
0.00253218097136
0.0025315843305
0.00253099053017
0.00253039951369
0.00252981124449
0.00252922568657
0.00252864280464
0.0025280625677
0.00252748503736
0.00252691007908
0.00252633770577
0.00252576788928
0.00252520053523
0.00252463561195
0.00252407309118
0.00252351293932
0.00252295512627
0.00252239962235
0.00252184640496
0.00252129545151
0.00252074671927
0.00252020018019
0.00251965580666
0.00251911357147
0.00251857344777
0.00251803540909
0.00251749942929
0.00251696548263
0.00251643354366
0.00251590361845
0.00251537583257
0.00251484997035
0.00251432600792
0.00251380392175
0.00251328368862
0.00251276528561
0.00251224869034
0.00251173388102
0.00251122083488
0.00251070953048
0.00251019994612
0.0025096920603
0.00250918585203
0.0025086813006
0.00250817838554
0.00250767708662
0.00250717738387
0.00250667925756
0.00250618268969
0.00250568766424
0.00250519415696
0.00250470214907
0.00250421162198
0.00250372255743
0.00250323493743
0.00250274874391
0.00250226401211
0.00250178070236
0.00250129876301
0.00250081818018
0.00250033893674
0.00249986101623
0.00249938439887
0.00249890906841
0.00249843500879
0.0024979622041
0.00249749063862
0.0024970202976
0.00249655116516
0.00249608322581
0.00249561646452
0.00249515086641
0.00249468641675
0.002494223101
0.00249376090484
0.00249329981419
0.00249283981497
0.00249238089295
0.00249192303494
0.00249146622858
0.00249101045851
0.00249055571139
0.00249010197398
0.00248964923321
0.00248919747612
0.00248874668991
0.0024882968619
0.00248784797953
0.00248740003059
0.00248695300327
0.00248650688475
0.00248606166298
0.00248561732606
0.00248517386219
0.0024847312669
0.00248428952623
0.00248384862557
0.00248340855256
0.00248296929583
0.00248253084423
0.00248209318678
0.0024816563126
0.00248122021129
0.00248078487182
0.00248035028366
0.0024799164364
0.00247948331973
0.00247905092476
0.00247861924
0.00247818825544
0.00247775796114
0.0024773283473
0.00247689940421
0.00247647115473
0.00247604357067
0.00247561662972
0.00247519033523
0.00247476467005
0.00247433962055
0.00247391517744
0.00247349133782
0.0024730681278
0.00247264549841
0.00247222344086
0.00247180194651
0.00247138101292
0.00247096063005
0.00247054078572
0.00247012147348
0.0024697026828
0.00246928440553
0.00246886663354
0.00246844935888
0.00246803257366
0.00246761627006
0.00246720044038
0.00246678507697
0.00246637017231
0.00246595571896
0.00246554170948
0.00246512813681
0.00246471499343
0.00246430227219
0.00246388996601
0.0024634780679
0.00246306657093
0.00246265546837
0.00246224475366
0.0024618344198
0.00246142446017
0.00246101486822
0.00246060563752
0.00246019676172
0.00245978824638
0.0024593800798
0.00245897226442
0.00245856477922
0.00245815761816
0.00245775077527
0.00245734424897
0.00245693804596
0.00245653214532
0.00245612654449
0.00245572123616
0.00245531621177
0.00245491146587
0.00245450699305
0.00245410278798
0.00245369884762
0.00245329516487
0.00245289173624
0.00245248855478
0.00245208561551
0.00245168291355
0.00245128044408
0.00245087821063
0.0024504762054
0.0024500744185
0.00244967284534
0.00244927148142
0.00244887032243
0.00244846936436
0.00244806865312
0.00244766815386
0.00244726784276
0.00244686771572
0.00244646776861
0.00244606799743
0.00244566839973
0.00244526897014
0.00244486970482
0.00244447061625
0.00244407174564
0.00244367302947
0.00244327446406
0.00244287604584
0.00244247777131
0.00244207963706
0.00244168164003
0.00244128377695
0.0024408860443
0.00244048843899
0.00244009095805
0.0024396935983
0.00243929635681
0.0024388992307
0.00243850221718
0.0024381053135
0.00243770851706
0.00243731182865
0.00243691525376
0.00243651877844
0.00243612240029
0.00243572611694
0.00243532992635
0.00243493382609
0.00243453781396
0.00243414188786
0.00243374604578
0.00243335028575
0.00243295460586
0.0024325590043
0.00243216347928
0.0024317680291
0.00243137265215
0.00243097734687
0.00243058211171
0.00243018694518
0.00242979184621
0.00242939681383
0.00242900184752
0.00242860694468
0.00242821210411
0.00242781732475
0.00242742260717
0.00242702795026
0.0024266333518
0.00242623881181
0.00242584432864
0.00242544990143
0.00242505552951
0.00242466121228
0.00242426689118
0.00242387224005
0.00242347764374
0.00242308310182
0.002422688614
0.0024222941801
0.00242189979985
0.00242150547313
0.00242111119989
0.0024207169801
0.00242032281382
0.00241992870117
0.00241953464229
0.00241914063741
0.00241874668679
0.00241835279109
0.00241795895049
0.00241756516538
0.00241717143634
0.0024167777638
0.00241638414972
0.00241599059327
0.00241559709516
0.00241520365613
0.00241481027698
0.00241441695855
0.00241402370175
0.00241363050752
0.0024132373776
0.00241284431235
0.0024124513128
0.00241205838009
0.00241166551543
0.00241127272177
0.00241088000044
0.00241048736336
0.0024100948008
0.00240970231288
0.00240930990105
0.00240891756682
0.00240852531174
0.0024081331374
0.00240774104544
0.00240734903754
0.00240695711543
0.00240656528085
0.00240617353562
0.00240578188163
0.00240539032083
0.00240499885532
0.00240460748674
0.00240421621709
0.00240382504843
0.00240343398281
0.00240304302232
0.00240265217145
0.00240226143215
0.00240187080443
0.00240148029055
0.00240108989394
0.00240069961974
0.00240030946623
0.0023999194401
0.00239952954354
0.00239913977479
0.0023987501365
0.00239836063204
0.00239797126282
0.00239758203137
0.00239719294025
0.00239680399205
0.00239641518939
0.00239602653499
0.00239563803142
0.00239524968135
0.00239486148748
0.00239447345254
0.0023940855793
0.00239369787131
0.0023933103317
0.00239292296211
0.00239253576536
0.00239214874428
0.00239176190373
