0.0514393968943
0.0438721954521
0.0432108742069
0.04300650666
0.0428799361917
0.0427792610905
0.0426872860496
0.0425989355989
0.0425094145764
0.0424206637659
0.042340399839
0.042264464005
0.0421875821158
0.0421119968866
0.0420461018707
0.0419883680526
0.0419368526355
0.0418872083702
0.0418267843695
0.0417543115306
0.0416640146199
0.0415653556579
0.0414573096764
0.041309742321
0.0411010984587
0.0408219504952
0.0405323634321
0.0402868759376
0.0400737704155
0.0398964418788
0.0396669534156
0.0393399014174
0.0390278007609
0.038766394675
0.0386133425862
0.0384532111371
0.0380865881195
0.037405681181
0.0366096935119
0.0361326362618
0.0359540467231
0.0358286106203
0.0355602903471
0.0340002354792
0.0322731332131
0.0282802934833
0.0250741355118
0.0209626781592
0.0176351241532
0.0146710597796
0.0114299737461
0.00985556483333
0.00864763060713
0.00669475029556
0.00591399010825
0.0052769135172
0.00505162296557
0.0047977329894
0.00422249002659
0.00368690119605
0.00344403271914
0.00333886063657
0.00327941980429
0.00323789065233
0.00320538445502
0.00318041993918
0.00316128711231
0.0031457057348
0.00313305008632
0.00312269992303
0.00311412972725
0.00310692640789
0.00310077581135
0.0030954422828
0.00309074945949
0.00308681635338
0.00308433840141
0.00308206761653
0.00307991700456
0.0030778626101
0.00307589058158
0.00307399034548
0.00307215328948
0.0030703722442
0.0030686411572
0.00306695484823
0.00306530882439
0.00306369913364
0.00306220168127
0.00306080292662
0.00305940463075
0.00305801908239
0.00305664543212
0.00305476136879
0.00305290706851
0.0030510778197
0.00304927004939
0.00304748492293
0.0030457156633
0.00304395740152
0.00303924363352
0.00303514414495
0.00303138836501
0.00302600258744
0.00302000411888
0.00301471930779
0.00300982921294
0.00300520128675
0.003000751587
0.00299641723508
0.00299214904572
0.00298790661288
0.00298365671682
0.0029793709538
0.00297502605611
0.00297060290327
0.0029660864389
0.00296146222775
0.00295672082076
0.00295185659888
0.00294686831184
0.00294175953473
0.00293653919325
0.00293122186129
0.00292582816082
0.00292038333801
0.00291491638862
0.00290945955322
0.00290404645093
0.00289870934022
0.00289347851124
0.0028883806061
0.0028834376818
0.00287856875778
0.002873755599
0.00286915018599
0.00286475634811
0.00286057361647
0.00285663608638
0.00285289503468
0.00284934271937
0.00284596980936
0.00284276634622
0.00283972214942
0.00283682713772
0.00283407138488
0.00283144544362
0.00282894033442
0.00282654767057
0.00282425956239
0.00282206859721
0.00281996800428
0.00281795151901
0.00281601335886
0.00281414820219
0.00281235116921
0.00281061779088
0.00280894392759
0.00280732578041
0.00280575985953
0.00280424296332
0.00280277220836
0.00280134494075
0.00279995852994
0.00279861068054
0.00279729926077
0.00279600123689
0.00279471837357
0.00279346787326
0.00279224813782
0.00279105768133
0.00278989511633
0.0027887494536
0.00278736166219
0.00278601147506
0.00278469480227
0.0027834091515
0.00278215254676
0.00278092331197
0.00277971999886
0.00277854132977
0.0027773861595
0.00277625344858
0.0027751422441
0.00277405166682
0.00277298089606
0.00277192926343
0.00277089600439
0.00276988038202
0.00276888175893
0.00276789953238
0.00276693313144
0.00276598201449
0.00276504566679
0.00276412359896
0.00276321534499
0.00276232046113
0.00276143852421
0.00276056913701
0.00275971190845
0.00275886646857
0.00275803246513
0.00275720956118
0.0027563974174
0.00275559573217
0.00275480421972
0.00275402259639
0.00275325059012
0.00275248793986
0.00275173439505
0.00275098971516
0.00275025366895
0.00274952603416
0.00274880659761
0.00274809515344
0.00274739150382
0.00274669545843
0.002746006834
0.00274532545401
0.00274465114915
0.00274398375466
0.00274332311244
0.00274266907002
0.00274202148028
0.00274138020125
0.00274074509586
0.00274011603193
0.0027394928815
0.00273887552091
0.00273826383071
0.00273765769543
0.00273705700355
0.00273646164691
0.00273587152093
0.0027352865246
0.00273470655979
0.00273413153154
0.00273356134793
0.0027329959199
0.0027324351611
0.00273187898777
0.00273132731871
0.00273078007516
0.00273023718079
0.00272969856133
0.00272916414477
0.00272863386112
0.00272810764243
0.00272758542268
0.00272706713771
0.00272655272514
0.00272604212437
0.00272553527634
0.00272503212364
0.00272453261057
0.00272403668268
0.00272354428689
0.00272305537162
0.00272256988663
0.00272208778295
0.00272160901443
0.00272113353294
0.00272066129309
0.00272019225065
0.00271972636235
0.00271926358604
0.00271880388053
0.00271834691961
0.00271789099272
0.00271743803293
0.00271698800227
0.00271654086361
0.00271609658073
0.00271565511814
0.0027152164412
0.00271478051602
0.00271434730947
0.0027139167891
0.00271348892315
0.00271306368055
0.00271264103086
0.00271222094426
0.00271180339154
0.0027113883441
0.0027109757739
0.00271056565342
0.00271015795568
0.00270975265423
0.00270934972311
0.00270894913687
0.00270855087048
0.00270815489942
0.0027077611996
0.00270736974734
0.00270698052031
0.00270659349491
0.00270620864851
0.00270582595905
0.00270544540483
0.00270506696452
0.00270469061712
0.00270431634257
0.00270394412048
0.00270357393064
0.00270320575333
0.00270283956899
0.00270247535853
0.00270211310388
0.00270175278717
0.00270139438889
0.0027010378911
0.00270068722618
0.00270033930715
0.00269990178814
0.00269942194988
0.00269894471189
0.00269847007677
0.00269800397141
0.00269753405719
0.0026970732998
0.00269660805524
0.00269615237331
0.00269569173073
0.00269524083453
0.0026947847793
0.00269433834122
0.0026938944917
0.00269344494756
0.00269300544187
0.00269256846715
0.00269213053258
0.00269169235874
0.00269126156841
0.00269083301468
0.00269040668992
0.00268998245238
0.00268956025685
0.0026891399813
0.00268872108921
0.00268830346176
0.00268788907933
0.00268747762145
0.00268706901605
0.00268666042778
0.00268625390346
0.00268584902636
0.00268544625517
0.00268504517443
0.00268464601133
0.00268425241331
0.00268386322688
0.00268346924401
0.00268307711022
0.00268268682393
0.00268230865416
0.00268192156241
0.00268153638436
0.00268115885406
0.00268078142273
0.00268040117069
0.00268003099346
0.00267965627202
0.00267928091615
0.00267891822099
0.00267854571285
0.00267818437399
0.00267781720404
0.00267745436997
0.00267709472113
0.00267673371138
0.00267637838525
0.00267602138177
0.00267566824197
0.00267531692657
0.00267496425911
0.00267462003967
0.00267426202674
0.00267391668183
0.00267356997839
0.00267321699183
0.00267287546595
0.00267253555869
0.00267219216109
0.0026718472159
0.00267151141855
0.00267117728457
0.00267084294824
0.00267050158754
0.00267016998734
0.00266984123119
0.00266951393083
0.00266918673004
0.00266885361034
0.00266852692991
0.00266820492391
0.00266788413953
0.00266756485349
0.00266724677877
0.00266692452613
0.00266660294349
0.00266628700811
0.00266597415684
0.00266566250558
0.00266535232199
0.0026650430872
0.00266473515763
0.00266442744104
0.0026641181532
0.00266381013967
0.00266350354669
0.00266320040162
0.00266289970262
0.00266260032867
0.00266230198751
0.00266200495006
0.0026617089625
0.00266141425495
0.00266112060829
0.00266082833346
0.00266053706941
0.00266024687967
0.00265995779349
0.00265966982331
0.00265938297337
0.00265909724393
0.00265881263322
0.0026585291384
0.00265824675598
0.00265796548211
0.00265768531267
0.00265740624334
0.00265712826965
0.00265685138703
0.00265657531847
0.0026563004475
0.00265602670975
0.00265575407298
0.00265548233867
0.00265521174468
0.00265494203954
0.00265467349325
0.00265440580706
0.00265413929586
0.00265387570542
0.00265361369995
0.00265335301016
0.00265309306841
0.0026528345571
0.00265257536308
0.00265231582382
0.00265205719841
0.00265179947905
0.00265154265441
0.00265128703111
0.00265103232264
0.00265077851817
0.00265052560536
0.00265027490103
0.00265002763428
0.00264978149301
0.002649536499
0.00264929009862
0.00264904299451
0.00264869798764
0.00264834724666
0.00264799809703
0.00264765082446
0.00264730512865
0.00264696119679
0.00264661874806
0.00264627802965
0.00264593897224
0.00264560153493
0.00264526569036
0.00264493141786
0.00264459870024
0.00264426752229
0.00264393807082
0.00264361005471
0.00264328349835
0.00264295858088
0.00264263531757
0.00264231359282
0.00264199315873
0.00264167177321
0.00264134916635
0.00264102872272
0.00264071453417
0.00264040170434
0.00264009047073
0.00263978055383
0.00263946782985
0.00263915299491
0.00263884717245
0.00263854296223
0.00263824040761
0.00263793366867
0.0026376273033
0.00263732866984
0.00263703158455
0.00263673006409
0.00263642985599
0.00263613678327
0.00263584468585
0.00263554359466
0.00263525447623
0.00263496692616
0.00263466944496
0.00263438444059
0.00263409850919
0.00263380746447
0.00263352634164
0.00263323693351
0.00263295711667
0.00263267732223
0.00263239342197
0.00263211843383
0.00263183443087
0.00263156212536
0.00263128085662
0.00263101101528
0.00263073230274
0.00263046483812
0.00263018859594
0.00262992345237
0.0026296496207
0.00262938627441
0.00262911570707
0.00262884810531
0.00262858647186
0.00262831900382
0.00262806161787
0.0026277968565
0.00262753290361
0.00262727929169
0.00262701773894
0.00262675733488
0.00262650698901
0.00262624883905
0.00262599192789
0.00262573985386
0.00262549014968
0.00262523658067
0.00262498425507
0.0026247350547
0.00262449119575
0.00262424200434
0.00262399411031
0.00262374726835
0.00262350149827
0.00262326095983
0.00262302106173
0.00262277841531
0.00262253683099
0.00262229632478
0.00262205683623
0.00262181838714
0.0026215810526
0.00262134477442
0.00262110930331
0.00262087491314
0.00262064154688
0.00262040917201
0.00262017776734
0.00261994731727
0.00261971780918
0.00261948943535
0.00261926191023
0.00261903538248
0.0026188097868
0.00261858514888
0.00261836141085
0.00261813478624
0.00261791023397
0.00261768922526
0.00261746916575
0.00261725004091
0.00261703184181
0.00261680838643
0.00261659186608
0.00261637632415
0.00261616162571
0.00261594196081
0.00261572898498
0.00261551680544
0.00261530237865
0.00261508946004
0.00261487988046
0.00261466760967
0.0026144577103
0.00261425068015
0.00261403913976
0.00261383357593
0.00261362661594
0.00261341991334
0.00261321694191
0.00261300960534
0.00261280816438
0.00261260248235
0.00261240261427
0.00261219858652
0.0026120002303
0.00261179786265
0.00261160019186
0.00261140029689
0.00261120050335
0.00261100577595
0.0026108074273
0.00261061367117
0.00261041741436
0.00261022144832
0.00261003042951
0.00260983587069
0.00260964223235
0.00260945121278
0.00260926102749
0.00260906954352
0.00260887888301
0.00260869091393
0.00260850334307
0.00260831471345
0.00260812691438
0.00260793983772
0.00260775404273
0.00260757119932
0.00260738611726
0.00260720176057
0.00260701810856
0.00260683514649
0.00260664440017
0.00260644686845
0.00260625048436
0.00260605515532
0.00260586076999
0.00260566738154
0.00260547254036
0.00260528067588
0.00260508963434
0.00260489751791
0.00260470783818
0.00260451898108
0.00260432900347
0.00260414139497
0.00260395290963
0.00260376652267
0.0026035793951
0.00260339424677
0.00260320837262
0.00260302446696
0.00260283976792
0.00260265590201
0.00260247355246
0.00260229081436
0.0026021097797
0.00260192805802
0.00260174711427
0.00260156768743
0.00260138772699
0.00260120849402
0.00260102988692
0.00260085243854
0.00260067484158
0.00260049786558
0.00260032217232
0.00260014608381
0.0025999706754
0.00259979585293
0.00259962158614
0.00259944831398
0.00259927497039
0.00259910221882
0.00259893001261
0.00259875833477
0.00259858717629
0.00259841684548
0.00259824658441
0.00259807687786
0.00259790768869
0.00259773900337
0.00259757081463
0.00259740311715
0.00259723590638
0.00259706917819
0.0025969029287
0.00259673715426
0.00259657185136
0.00259640701664
0.00259624264682
0.00259607873871
0.00259591528922
0.00259575229528
0.00259558975386
0.002595427662
0.00259526601679
0.00259510481533
0.00259494405479
0.00259478373234
0.0025946238452
0.00259446439061
0.00259430536584
0.00259414676819
0.00259398859497
0.00259383084353
0.00259367351125
0.0025935165955
0.0025933600937
0.00259320400328
0.00259304832169
0.00259289304642
0.00259273817495
0.0025925837048
0.00259242963349
0.00259227595859
0.00259212267765
0.00259196978827
0.00259181728805
0.00259166517462
0.00259151344562
0.00259136209869
0.00259121113151
0.00259106054177
0.00259091032718
0.00259076048545
0.00259061101429
0.00259046191147
0.00259031317475
0.00259016480189
0.00259001679071
0.00258986913899
0.00258972184457
0.00258957490527
0.00258942831894
0.00258928208345
0.00258913619667
0.00258899065648
0.00258884546078
0.0025887006075
0.00258855609455
0.00258841191987
0.00258826808141
0.00258812457713
0.00258798140501
0.00258783856304
0.0025876960492
0.00258755386153
0.00258741199804
0.00258727045675
0.00258712923572
0.00258698833298
0.00258684774663
0.00258670747472
0.00258656751533
0.00258642786657
0.00258628852655
0.00258614949338
0.00258601076518
0.00258587234011
0.0025857342163
0.00258559639191
0.00258545886512
0.00258532163409
0.00258518469703
0.00258504805213
0.00258491169758
0.00258477563161
0.00258463985243
0.00258450435829
0.00258436914742
0.00258423421807
0.00258409956852
0.00258396519701
0.00258383110183
0.00258369728127
0.00258356373361
0.00258343045716
0.00258329745023
0.00258316471114
0.00258303223821
0.00258290002977
0.00258276808417
0.00258263639976
0.00258250497504
0.00258237380928
0.00258224289979
0.00258211224496
0.00258198184319
0.00258185169314
0.00258172179292
0.00258159214094
0.00258146273562
0.00258133357537
0.00258120465862
0.00258107598381
0.00258094754938
0.00258081935377
0.00258069139544
0.00258056367284
0.00258043618445
0.00258030892873
0.00258018190416
0.00258005510923
0.00257992854242
0.00257980220224
0.00257967608717
0.00257955019573
0.00257942452646
0.00257929907788
0.00257917384847
0.00257904883676
0.00257892404187
0.00257879946195
0.00257867509536
0.00257855094063
0.00257842699633
0.0025783032612
0.00257817973433
0.00257805641357
0.00257793329748
0.00257781038465
0.00257768767383
0.00257756516473
0.00257744285464
0.00257732074213
0.0025771988258
0.00257707710426
0.00257695557611
0.00257683423995
0.00257671309439
0.00257659213806
0.00257647136956
0.00257635078753
0.00257623039058
0.00257611017734
0.00257599014644
0.00257587029652
0.00257575062621
0.00257563113415
0.00257551181899
0.00257539267938
0.00257527371396
0.00257515492137
0.00257503630027
0.00257491784932
0.00257479956717
0.00257468145248
0.00257456350391
0.00257444572013
0.00257432809981
0.00257420926351
0.00257385400075
0.00257351621157
0.00257319196728
0.00257287916451
0.00257257636179
0.00257228243774
0.00257199647197
0.0025717176917
0.0025714454399
0.00257117915311
0.00257091834459
0.00257066259081
0.00257041152071
0.00257016480741
0.00256992216074
0.00256968332241
0.00256944806116
0.0025692161687
0.00256898745683
0.00256876175481
0.00256853890705
0.00256831877143
0.00256810121759
0.00256788612573
0.00256767338542
0.0025674628946
0.00256725455877
0.00256704829022
0.00256684400737
0.00256664163424
0.00256644109992
0.00256624233811
0.00256604528672
0.00256584988755
0.002565656086
0.00256546383061
0.00256527307296
0.00256508376739
0.00256489587079
0.00256470934243
0.00256452414373
0.00256434023815
0.00256415759101
0.00256397616937
0.00256379594191
0.00256361687881
0.00256343895163
0.00256326213325
0.00256308639775
0.00256291172037
0.00256273807737
0.00256256544601
0.00256239380449
0.00256222313187
0.002562053408
0.0025618846135
0.00256171672973
0.00256154973868
0.00256138362298
0.00256121836586
0.0025610539511
0.00256089036299
0.00256072758633
0.00256056560639
0.0025604044089
0.00256024398
0.00256008430612
0.00255992537414
0.00255976717129
0.00255960968512
0.0025594529035
0.00255929681463
0.00255914140694
0.00255898666914
0.00255883259021
0.00255867915938
0.00255852636608
0.00255837419999
0.00255822265102
0.00255807170931
0.00255792136504
0.00255777160867
0.00255762243082
0.00255747382228
0.00255732577402
0.00255717827715
0.0025570313229
0.00255688490269
0.00255673900803
0.00255659363059
0.00255644876215
0.00255630439462
0.00255616051999
0.0025560171304
0.00255587421808
0.00255573177535
0.00255558979464
0.00255544826848
0.00255530718948
0.00255516655032
0.00255502634381
0.00255488656279
0.00255474720022
0.0025546082491
0.00255446970256
0.00255433155372
0.00255419379578
0.00255405642203
0.00255391942582
0.00255378280055
0.00255364653968
0.00255351063671
0.00255337508522
0.00255323987882
0.00255310501117
0.00255297047598
0.002552836267
0.00255270237802
0.00255256880287
0.00255243553543
0.00255230256961
0.00255216989934
0.0025520375186
0.00255190542137
0.0025517736017
0.00255164205362
0.00255151077123
0.00255137974862
0.00255124897993
0.0025511184593
0.00255098818575
0.00255085815334
0.00255072835161
0.00255059877477
0.00255046941704
0.00255034027264
0.00255021133582
0.00255008260081
0.00254995406186
0.00254982571323
0.00254969754916
0.00254956956391
0.00254944175171
0.00254931410682
0.00254918662348
0.00254905929591
0.00254893211833
0.00254880508496
0.00254867818997
0.00254855142758
0.00254842479194
