0.0450026460096
0.0447219613884
0.0444840049264
0.0442723393201
0.0439941168428
0.0438532663952
0.0438074832854
0.0437737335
0.0437422419378
0.0437102492801
0.0436767188308
0.0436421640372
0.043607906081
0.0435747174006
0.0435421536775
0.0435086491636
0.043471832241
0.0434298011331
0.0433840077417
0.0433389317985
0.0432974789234
0.0432600827502
0.0432261000508
0.0431945582158
0.0431643062342
0.0431337272918
0.0431000870699
0.0430583437946
0.043000772375
0.0429262314462
0.0428507931893
0.0427853347964
0.0427296348043
0.042681375268
0.0426390544202
0.0426017752397
0.0425683393035
0.0425369697912
0.0425054254249
0.0424708853786
0.0424292764108
0.0423744353778
0.0423010650833
0.0422157403175
0.0421315553018
0.0420516151016
0.0419704822687
0.041876933825
0.0417487009138
0.0415784567555
0.0414093829492
0.0412791066021
0.041183766345
0.0411078090163
0.0410404319626
0.0409778854753
0.0409212100316
0.0408710049318
0.0408259530947
0.0407835817085
0.0407406302856
0.0406924945003
0.0406319784759
0.04054825252
0.0404289960103
0.0402693097222
0.0401079388446
0.0399807934065
0.0398756557785
0.0397669621254
0.0396401269161
0.0395298542374
0.0394569223081
0.0394075608956
0.03936852135
0.0393308439427
0.0392883409741
0.0392377276499
0.0391802529457
0.0391205037537
0.0390636931873
0.0390126370352
0.0389666498602
0.0389210583885
0.0388662168619
0.0387866169186
0.038683375294
0.0385844925496
0.038496129019
0.0384057917363
0.0383007227206
0.0381779618241
0.0380533210983
0.0379476536283
0.0378650603686
0.0377989778214
0.0377386438525
0.0376686412178
0.0375523571727
0.0373341861279
0.0370796988259
0.0368450047497
0.0366063421209
0.0364391466098
0.0363379408427
0.0362663849609
0.036203507883
0.0361297829332
0.0359933975876
0.0357410972682
0.0354274614621
0.0349606019493
0.0342592346669
0.0335911674293
0.0328639770435
0.0320389459567
0.0291463505023
0.0258602634371
0.0224295327294
0.0189477467327
0.0162510257104
0.0130820323713
0.0111134429769
0.00968086142556
0.00888628031516
0.00819498125504
0.00719204309552
0.00658010643215
0.00619523195107
0.00590905562878
0.00570415718983
0.0055511873776
0.0054349024388
0.0053378715509
0.00524466696851
0.0051379070561
0.00501030379429
0.00489829570488
0.00480689272254
0.00473014296169
0.00466725631516
0.00461316724783
0.00455947819426
0.0044949444108
0.0044160630548
0.00434029455571
0.004274661748
0.00421579454584
0.00415946500694
0.00410345028196
0.00404929532336
0.00400304356312
0.00396805620381
0.0039397929304
0.00391719486458
0.00389906605951
0.00388434505604
0.00387216027863
0.00386185592797
0.00385302490517
0.00384531900562
0.00383848242428
0.00383232519413
0.00382670409985
0.00382150923752
0.00381665460631
0.00381207149941
0.00380770381518
0.00380350468007
0.00379943397902
0.00379545652195
0.00379154038308
0.00378765597571
0.00378377494101
0.00377986923112
0.00377591022286
0.00377186780193
0.0037677093617
0.0037633986589
0.00375889446705
0.00375414897112
0.00374910586511
0.00374369816819
0.00373784590537
0.00373145407374
0.00372441183383
0.00371659469956
0.00370787249524
0.00369812616704
0.00368727427468
0.00367530344272
0.00366228932139
0.00364839361311
0.00363385378391
0.0036189481513
0.00360396765611
0.00358919100953
0.00357482858686
0.00356101454775
0.00354782728939
0.00353533184475
0.00352361288086
0.00351277216294
0.00350289396395
0.00349401014987
0.0034860908535
0.00347905914829
0.00347281380405
0.00346724827737
0.00346226237148
0.00345776765625
0.00345368890644
0.00344996344925
0.00344653963239
0.00344337507394
0.0034404350078
0.00343769084525
0.00343511897764
0.00343269980309
0.00343041694498
0.00342825662847
0.00342620718411
0.00342425865275
0.00342240247056
0.00342063121746
0.00341893841565
0.00341731836795
0.00341576602752
0.00341427689279
0.00341284692222
0.00341147246514
0.00341015020529
0.00340887711457
0.00340765041502
0.00340646754742
0.00340532614513
0.00340422401234
0.00340315910567
0.00340212951868
0.00340113346862
0.00340016928509
0.0033992354002
0.00339833034005
0.00339745271722
0.00339660122414
0.00339577462723
0.00339497176163
0.00339419152644
0.00339343288043
0.0033926948382
0.00339197646655
0.00339127688126
0.00339059524404
0.00338993075981
0.00338928267409
0.00338865027063
0.00338803286916
0.00338742982339
0.00338684051898
0.00338626437181
0.00338570082624
0.00338514935356
0.00338460945046
0.00338408063764
0.00338356245851
0.00338305447795
0.00338255628112
0.00338206747237
0.00338158767421
0.00338111652633
0.00338065368468
0.00338019882057
0.00337975161991
0.00337931178237
0.00337887902067
0.00337845305989
0.00337803363679
0.00337762049924
0.00337721340555
0.00337681212398
0.0033764164322
0.00337602611675
0.0033756409726
0.0033752608027
0.00337488541753
0.0033745146347
0.00337414827859
0.00337378617994
0.00337342817553
0.00337307410783
0.0033727238247
0.00337237717907
0.00337203402868
0.00337169423576
0.00337135766681
0.00337102419233
0.00337069368656
0.00337036602731
0.00337004109565
0.00336971877579
0.0033693989548
0.00336908152246
0.00336876637106
0.00336845339519
0.0033681424916
0.00336783355903
0.00336752649799
0.00336722121066
0.00336691760071
0.00336661557314
0.00336631503413
0.0033660158909
0.00336571805157
0.00336542142501
0.00336512592071
0.00336483144862
0.00336453791905
0.00336424524251
0.00336395332958
0.00336366209079
0.00336337143646
0.00336308127662
0.00336279152082
0.00336250207802
0.00336221285649
0.00336192376363
0.00336163470586
0.00336134558849
0.00336105631558
0.00336076678982
0.00336047691235
0.00336018658268
0.00335989569853
0.00335960415569
0.00335931184788
0.00335901866661
0.00335872450108
0.00335842923797
0.00335813276139
0.00335783495268
0.00335753569031
0.00335723484974
0.00335693230329
0.00335662792004
0.00335632156568
0.00335601310245
0.00335570238898
0.00335538928027
0.00335507362755
0.00335475527826
0.00335443407596
0.00335410986037
0.00335378246728
0.00335345172865
0.0033531174726
0.00335277952349
0.00335243770209
0.00335209182565
0.00335174170818
0.00335138716063
0.00335102799122
0.00335066400581
0.0033502950083
0.00334992080113
0.00334954118583
0.0033491559637
0.00334876493652
0.00334836790734
0.00334796468145
0.00334755506735
0.00334713887786
0.00334671593134
0.00334628605299
0.00334584907625
0.00334540484434
0.00334495321178
0.00334449404616
0.00334402722978
0.00334355266155
0.00334307025878
0.00334257995904
0.00334208172205
0.00334157553153
0.00334106139694
0.00334053935518
0.0033400094722
0.00333947184437
0.00333892659972
0.00333837389893
0.00333781393603
0.00333724693884
0.00333667316908
0.00333609292205
0.00333550652606
0.00333491434132
0.00333431675857
0.00333345242441
0.00333249007725
0.00333153353337
0.0033305827266
0.00332963789052
0.00332869934608
0.00332776745206
0.00332684258906
0.00332592515057
0.00332501553571
0.00332411414255
0.00332322136206
0.00332233757252
0.0033214631346
0.00332059838704
0.00331974364307
0.00331889889072
0.00331805569808
0.00331722389476
0.00331640360919
0.00331559494086
0.0033147979601
0.00331401270843
0.00331323919925
0.00331247741897
0.00331172732835
0.00331098886415
0.00331026194094
0.00330954645295
0.00330884227612
0.00330814927009
0.00330746728018
0.00330679613935
0.0033061356701
0.00330548568625
0.00330484599465
0.00330421639671
0.00330359668988
0.00330298666899
0.00330238612736
0.00330179485797
0.0033012126543
0.00330063931124
0.00330007462571
0.00329951839737
0.00329897044196
0.00329843060485
0.00329789864489
0.00329737437671
0.00329685761934
0.00329634819639
0.00329584593616
0.00329535067165
0.00329486224057
0.00329438048531
0.0032939052531
0.00329343639565
0.00329297376919
0.00329251723436
0.00329206665607
0.00329162190341
0.00329118284949
0.0032907493713
0.00329032134961
0.00328989866877
0.00328948121662
0.00328906888434
0.00328866156626
0.00328825915979
0.00328786156528
0.00328746868584
0.00328708042725
0.00328669669787
0.00328631740846
0.0032859424721
0.00328557180409
0.00328520532183
0.00328484294473
0.00328448459413
0.00328413019318
0.00328377966676
0.00328343294143
0.00328308994532
0.00328275060806
0.00328241486071
0.00328208263571
0.0032817538668
0.00328142848895
0.00328110643832
0.00328078765219
0.00328047206892
0.00328015962788
0.00327985007532
0.00327954353672
0.00327923993933
0.00327893924447
0.00327864140731
0.00327834637225
0.00327805408443
0.00327776448965
0.0032774775344
0.00327719316576
0.00327691133141
0.00327663197957
0.00327635505898
0.00327608051887
0.00327580830892
0.00327553837921
0.00327527068025
0.00327500516288
0.00327474177827
0.0032744804779
0.00327422121351
0.00327396393709
0.00327370860084
0.00327345515711
0.00327320355842
0.00327295375741
0.00327270570679
0.00327245935933
0.00327221466783
0.00327197158506
0.00327173006374
0.00327149005653
0.00327125151595
0.00327101439437
0.00327077864397
0.0032705442167
0.00327031106422
0.00327007913788
0.00326984838866
0.00326961876715
0.00326939022346
0.0032691627072
0.00326893616741
0.00326871055251
0.00326848581024
0.00326826188761
0.00326803873082
0.00326781628517
0.00326759449502
0.00326737330372
0.00326715265349
0.00326693248534
0.00326671273899
0.00326649335279
0.00326627426355
0.0032660554065
0.00326583671511
0.00326561812098
0.00326539955443
0.00326518094283
0.00326496221072
0.00326474328074
0.00326452407287
0.0032643045042
0.00326408448875
0.00326386393721
0.00326364275667
0.0032634208504
0.00326319811752
0.00326297445266
0.00326271543388
0.00326243574971
0.00326215640649
0.00326187723441
0.00326159806797
0.00326131874051
0.0032610390814
0.00326075891448
0.00326047805696
0.00326019631844
0.00325991349992
0.00325962939274
0.00325934377744
0.00325905642255
0.00325876708324
0.0032584754998
0.00325818139599
0.00325788447726
0.00325758442869
0.00325728091264
0.00325697356612
0.00325666199812
0.00325634578625
0.0032560244731
0.0032556975621
0.00325536451282
0.00325502473564
0.00325467757644
0.003254322306
0.00325395817713
0.00325358433291
0.00325319982654
0.00325280360918
0.00325239451597
0.00325197117797
0.0032515321853
0.00325107594035
0.00325060062261
0.00325010418386
0.00324958431414
0.00324903840214
0.00324846348953
0.00324785621833
0.00324721277075
0.00324652880111
0.0032457993599
0.00324501881103
0.00324418074448
0.00324327787506
0.0032423019773
0.00324124387469
0.00324009347946
0.00323883993721
0.00323747082357
0.00323597377502
0.00323433656297
0.00323254792756
0.00323059869174
0.00322848309597
0.00322620018853
0.00322375499393
0.00322115912008
0.00321843052095
0.00321559233575
0.00321267099105
0.0032096939715
0.00320668803438
0.00320367708289
0.00320068105878
0.00319771599344
0.00319479366043
0.00319192174251
0.00318910414197
0.00318634135744
0.00318363085857
0.00318096742577
0.00317834343255
0.00317574910639
0.0031731726451
0.00317060019939
0.00316801619516
0.00316540342526
0.00316274340025
0.00316001703751
0.00315720591406
0.00315429431299
0.00315127216625
0.00314813863709
0.00314490545047
0.00314159847665
0.00313825614213
0.00313492446851
0.00313165034028
0.00312847547884
0.00312543297738
0.00312254608768
0.00311982818359
0.00311728522059
0.00311491703732
0.00311271894938
0.00311068313158
0.00310879974954
0.003107057846
0.00310544600826
0.0031039528511
0.00310256735079
0.00310127906282
0.00310007825147
0.00309895595451
0.00309790400144
0.00309691499987
0.00309598230071
0.00309509995079
0.00309426263829
0.00309346563561
0.00309270474218
0.0030919762295
0.00309127678922
0.00309060348513
0.00308995370931
0.00308932514238
0.00308871571787
0.0030881235904
0.00308754710734
0.00308698478379
0.00308643528034
0.00308589738354
0.00308536998854
0.00308485208384
0.00308434273766
0.00308384108597
0.00308334632169
0.00308285768502
0.00308237445472
0.00308189594013
0.00308142147377
0.00308095040444
0.00308048209062
0.00308001589411
0.00307955117376
0.00307908727907
0.00307862354372
0.00307815927867
0.00307769376487
0.00307722625727
0.00307675680057
0.00307628455132
0.00307580776249
0.00307532534836
0.00307483620935
0.00307433913296
0.00307383277069
0.00307331561096
0.00307278595254
0.00307224186517
0.00307168114399
0.00307110125301
0.00307049925484
0.00306987172282
0.00306921463021
0.00306852320969
0.00306779177403
0.00306701348595
0.0030661800615
0.00306528138707
0.00306430502524
0.00306323558128
0.00306205390351
0.0030607361052
0.00305925244209
0.00305756619348
0.00305563294196
0.00305340130394
0.00305081610225
0.00304782675791
0.00304440404264
0.00304056217422
0.00303637784996
0.0030319892953
0.00302756633414
0.00302326638877
0.00301920303156
0.00301543968414
0.00301199915494
0.00300887703809
0.00300605301
0.00300356387275
0.003001367794
0.00299934840498
0.0029974814212
0.00299574513764
0.00299412017567
0.00299258934197
0.00299113743749
0.0029897510191
0.00298841813839
0.00298712807607
0.00298587108186
0.00298463812306
0.00298342064039
0.00298221030628
0.00298099877803
0.00297977743584
0.00297853709265
0.00297726765942
0.00297595774482
0.00297459416246
0.00297316131225
0.00297164039463
0.00297000841436
0.00296823693661
0.00296629059949
0.00296416785774
0.00296180206916
0.00295911959935
0.00295605245681
0.00295253403923
0.00294851732719
0.00294400420982
0.00293907705013
0.00293390876474
0.00292872895435
0.00292375773801
0.00291915154674
0.00291498921632
0.0029112880905
0.00290802753351
0.00290516771096
0.00290266163146
0.0029004620168
0.00289852483282
0.00289681082056
0.00289528589659
0.00289392095858
0.00289269141295
0.00289157660305
0.00289055923553
0.00288962484944
0.00288876134791
0.00288795859639
0.00288720808412
0.00288650264214
0.00288583620945
0.00288520364081
0.00288460054874
0.0028840231736
0.00288346827687
0.0028829330534
0.00288241505898
0.00288191215057
0.00288142243667
0.00288094423602
0.00288047604312
0.00288001649916
0.00287956436754
0.00287911851297
0.00287867788353
0.00287824149455
0.00287780835101
0.00287737763258
0.00287694848301
0.00287652006759
0.00287609156396
0.00287566215335
0.0028752310121
0.00287479730325
0.00287436016807
0.00287391871723
0.00287347202161
0.00287301910234
0.00287255892004
0.00287209036284
0.00287161223313
0.00287112323241
0.00287062194422
0.00287010681433
0.00286957612797
0.00286902798324
0.00286846026003
0.00286787285665
0.00286726860253
0.00286663669561
0.00286597361323
0.00286527536409
0.00286453738411
0.00286375442319
0.0028629204137
0.00286202831418
0.00286106992209
0.00286003564979
0.00285891425748
0.00285769253793
0.00285635494974
0.00285488320043
0.00285325578987
0.00285144754038
0.00284942916563
0.00284716696893
0.0028446228129
0.00284175455672
0.00283851718886
0.00283486483266
0.00283075358578
0.00282614470111
0.00282101081293
0.0028153370992
0.00280909654717
0.00280226971479
0.00279483597664
0.00278678619963
0.00277815944241
0.00276909968972
0.00275989436764
0.00275093537748
0.00274262266035
0.00273519903031
0.00272874173192
0.00272321178899
0.00271850992323
0.00271450853937
0.0027110884684
0.00270815754677
0.00270562621483
0.00270342040046
0.00270147983376
0.00269975590862
0.0026982095859
0.00269680953914
0.00269553059813
0.00269435248215
0.00269325878434
0.00269223616767
0.00269127373148
0.00269036251039
0.00268949508262
0.00268866588209
0.00268786935809
0.0026871008952
0.00268635667306
0.00268563345666
0.00268492843386
0.00268423913617
0.00268356337452
0.00268289918679
0.00268224479468
0.00268159856801
0.00268095899495
0.00268032465685
0.00267969420685
0.0026790663515
0.00267843983467
0.0026778134246
0.00267718589699
0.00267655602766
0.0026759225803
0.00267528429641
0.00267463988566
0.00267398801668
0.00267332739082
0.00267265674927
0.00267197431589
0.00267127850829
0.00267056766047
0.00266984001507
0.00266909371629
0.00266832680345
0.00266753720567
0.002666722738
0.00266588109947
0.00266500987384
0.00266410653362
0.00266316844839
0.00266219289848
0.0026611770952
0.00266011820886
0.00265901340608
0.00265785989762
0.00265665499793
0.0026553961973
0.00265408124678
0.00265270825515
0.00265127579634
0.00264978302396
0.00264822978768
0.00264661674492
0.00264494545935
0.00264321847648
0.00264143936654
0.00263961272535
0.00263774412643
0.00263584002078
0.00263390758566
0.00263195452867
0.00262998885841
0.0026280186365
0.00262605172806
0.00262409556731
0.00262215695869
0.00262024189872
0.00261835546697
0.00261650176023
0.00261468411836
0.00261290442225
0.0026111649043
0.00260947170271
0.00260781760643
0.00260620136775
0.00260462113513
0.00260307453208
0.00260155872981
0.00260007050726
0.00259860629683
0.00259716221442
0.00259573407265
0.0025943173768
0.00259290730206
0.00259149865073
0.0025900857869
0.00258866254478
0.00258722210544
0.00258575683366
0.0025842580638
0.00258271581801
0.0025811184333
0.00257945206347
0.00257770000616
0.00257584178223
0.00257385185983
0.00257169786328
0.00256933803084
0.00256671757949
0.00256376350747
0.00256037727611
0.0025564249848
0.00255172575692
0.00254604276
0.00253909043207
0.00253058580542
0.00252036938088
0.00250854599822
0.00249547845646
0.00248155973303
