0.155445734076
0.080778804457
0.0619164389357
0.0544459321249
0.05066991773
0.0484658064622
0.0470522676662
0.0460836760486
0.0453865275892
0.0448652724896
0.0444634247346
0.0441456699862
0.0438889141916
0.0436774919933
0.0435004538798
0.0433499561474
0.0432202672302
0.043107134891
0.0430073727106
0.0429185818061
0.0428389536151
0.0427671182314
0.0427020192521
0.0426428112441
0.0425887841149
0.0425393165346
0.042493853252
0.0424518966603
0.0424130039231
0.0423767846611
0.0423428974792
0.04231104537
0.0422809705766
0.0422524494637
0.0422252877432
0.042199316221
0.042174387106
0.0421503708571
0.0421271535127
0.0421046344383
0.0420827244286
0.0420613441082
0.0420404225807
0.042019896285
0.0419997080241
0.041979806137
0.0419601437891
0.0419406783614
0.0419213709212
0.0419021857587
0.0418830899792
0.0418640531388
0.0418450469157
0.0418260448102
0.0418070218686
0.0417879544255
0.0417688198647
0.0417495963969
0.0417302628557
0.0417107985137
0.0416911829234
0.0416713957845
0.041651416843
0.0416312258231
0.0416108023964
0.0415901261924
0.0415691768642
0.0415479342317
0.0415263785489
0.0415044909611
0.0414822542339
0.0414596538229
0.0414366792954
0.0414133259891
0.0413895966198
0.0413655023717
0.041341062941
0.0413163051421
0.0412912600692
0.0412659592962
0.0412404309638
0.041214696643
0.0411887695647
0.041162654349
0.0411363479801
0.041109841573
0.0410831224631
0.0410561762407
0.0410289884619
0.0410015458727
0.0409738370691
0.0409458525962
0.0409175845728
0.0408890259854
0.0408601698344
0.0408310083006
0.0408015320552
0.0407717297737
0.0407415878589
0.0407110903395
0.0406802189039
0.0406489530343
0.0406172702275
0.0405851463101
0.0405525558824
0.0405194729419
0.0404858717568
0.0404517280679
0.0404170207026
0.0403817336736
0.0403458588041
0.0403093988367
0.0402723708276
0.0402348093724
0.0401967688902
0.0401583239519
0.040119566703
0.0400806010077
0.0400415339644
0.0400024664583
0.0399634848262
0.039924655242
0.0398860213891
0.039847604977
0.0398094081146
0.0397714165176
0.0397336027846
0.0396959293063
0.0396583506385
0.0396208153398
0.0395832673695
0.0395456471931
0.0395078927687
0.0394699406102
0.0394317271462
0.0393931905988
0.0393542735917
0.0393149266139
0.0392751122867
0.0392348100824
0.0391940207693
0.0391527695196
0.039111106532
0.039069104352
0.039026851815
0.0389844454594
0.0389419799601
0.0388995393334
0.0388571903017
0.038814978475
0.038772927227
0.0387310385965
0.0386892953372
0.038647663307
0.0386060936042
0.0385645240791
0.0385228800186
0.0384810739015
0.0384390041662
0.0383965529494
0.0383535827871
0.0383099323648
0.0382654116596
0.0382197973775
0.0381728306654
0.0381242208051
0.0380736607011
0.03802086083
0.0379656042793
0.0379078126947
0.0378475949112
0.0377852442458
0.0377211738276
0.0376558186572
0.0375895511533
0.0375226387941
0.037455240628
0.0373874216752
0.0373191659325
0.0372503780747
0.0371808703655
0.037110331643
0.0370382697482
0.0369639060637
0.0368859757326
0.0368023430607
0.0367093116901
0.0366008250294
0.0364696946954
0.0363156565363
0.0361524756569
0.0359940852283
0.0358433123271
0.0356972539792
0.0355521401157
0.0354044781499
0.0352509543483
0.0350880919439
0.0349127311563
0.0347250831471
0.03453143558
0.0343393132985
0.0341510491999
0.0339630560218
0.0337637678717
0.0335287849384
0.0332316401959
0.0328956666799
0.0325185135551
0.0320194501217
0.0314917400657
0.0310694201793
0.0307329663147
0.0304032814292
0.0300133895881
0.0294585766993
0.0287077180422
0.0277921405425
0.0269781275177
0.0260595549433
0.0251576807541
0.0244639603626
0.0237870333573
0.0230816592327
0.0224802131791
0.0218934183377
0.0212802847482
0.0207130889679
0.0202016572038
0.0197066545206
0.0192329383365
0.0187259072328
0.0181226226384
0.0175265915092
0.0170658225168
0.0166970329064
0.0163734754938
0.0160853152095
0.0158422395924
0.0156355726054
0.0154508984027
0.0152772496811
0.0151097632221
0.0149493519054
0.0147985290148
0.0146584439181
0.0145285085276
0.0144065918289
0.0142896501431
0.0141743863066
0.0140579062032
0.0139392985051
0.0138215886362
0.013709743617
0.0136063581727
0.0135114280229
0.0134238964132
0.0133424796879
0.0132659926927
0.0131934597479
0.0131241217617
0.0130574028003
0.0129928690112
0.0129301925592
0.0128691235161
0.0128094690556
0.012751078388
0.0126938319271
0.0126376334875
0.0125824046302
0.0125280805291
0.0124746069171
0.012421937807
0.01237003377
0.0123188606227
0.0122683884137
0.0122185906339
0.0121694435942
0.0121209259316
0.0120730182123
0.0120257026105
0.0119789626466
0.0119327829721
0.0118871491917
0.0118420477154
0.0117974656346
0.011753390619
0.0117098108289
0.0116667148422
0.0116240915923
0.0115819303157
0.011540220508
0.0114989518864
0.0114581143585
0.0114176979963
0.0113776930135
0.0113380897482
0.0112988786479
0.011260050258
0.011221595213
0.0111835042312
0.0111457681109
0.011108377731
0.0110713240529
0.0110345981274
0.0109981911029
0.0109620942384
0.0109262989201
0.0108907966814
0.0108555792268
0.0108206384602
0.0107859665167
0.0107515557979
0.0107173990102
0.010683489206
0.0106498198257
0.0106163847416
0.0105831782996
0.0105501953602
0.010517431335
0.0104848822177
0.0104525446081
0.0104204157255
0.010388493411
0.0103567761155
0.0103252628729
0.0102939532557
0.0102628473149
0.0102319455031
0.010201248583
0.0101707575257
0.0101404734006
0.0101103972634
0.0100805300461
0.0100508724539
0.0100214248742
0.00999218729909
0.00996315926482
0.00993433980876
0.00990572744358
0.00987732014793
0.00984911537236
0.00982111005894
0.00979330067326
0.0097656832477
0.00973825343548
0.00971100657543
0.00968393776778
0.00965704196191
0.00963031405707
0.00960374901721
0.00957734200065
0.0095510885047
0.00952498452428
0.00949902672183
0.00947321260355
0.00944754069466
0.0094220107034
0.00939662366071
0.00937138202096
0.00934628970801
0.00932135209285
0.00929657589259
0.00927196898737
0.00924754016045
0.00922329877565
0.00919925441553
0.00917541650854
0.0091517939757
0.00912839492387
0.00910522640586
0.00908229425845
0.00905960301938
0.00903715591656
0.00901495491649
0.0089930008165
0.00897129336515
0.00894983139675
0.00892861296891
0.00890763549509
0.00888689586698
0.00886639056385
0.00884611574801
0.0088260673465
0.00880624111996
0.00878663272006
0.00876723773686
0.00874805173761
0.00872907029822
0.0087102890287
0.0086917035934
0.00867330972705
0.00865510324728
0.00863708006418
0.00861923618747
0.00860156773154
0.00858407091897
0.00856674208253
0.00854957766612
0.00853257422469
0.00851572842342
0.00849903703632
0.00848249694421
0.00846610513237
0.00844985868788
0.00843375479664
0.00841779074028
0.00840196389294
0.00838627171788
0.00837071176416
0.00835528166324
0.00833997912561
0.00832480193746
0.00830974795738
0.00829481511319
0.00828000139882
0.00826530487123
0.00825072364755
0.00823625590224
0.00822189986439
0.00820765381512
0.00819351608514
0.00817948505238
0.00816555913979
0.00815173681317
0.00813801657923
0.0081243969837
0.0081108766095
0.00809745407514
0.00808412803313
0.00807089716851
0.00805776019748
0.00804471586615
0.0080317629493
0.00801890024932
0.00800612659515
0.00799344084133
0.0079808418671
0.00796832857561
0.00795589989311
0.00794355476827
0.00793129217153
0.00791911109447
0.00790701054926
0.00789498956814
0.00788304720293
0.00787118252459
0.00785939462279
0.00784768260551
0.00783604559872
0.00782448274596
0.0078129932081
0.00780157616297
0.00779023080509
0.00777895634538
0.00776775201091
0.00775661704461
0.00774555070505
0.00773455226614
0.00772362101689
0.00771275626121
0.00770195731757
0.00769122351883
0.0076805542119
0.00766994875756
0.00765940653012
0.00764892691715
0.00763850931925
0.00762815314966
0.00761785783403
0.00760762281008
0.00759744752726
0.00758733144642
0.00757727403947
0.00756727478901
0.00755733318798
0.00754744873927
0.00753762095535
0.00752784935784
0.0075181334772
0.00750847285222
0.00749886702972
0.00748931556405
0.00747981801678
0.00747037395622
0.00746098295705
0.00745164459994
0.00744235847112
0.00743312416206
0.00742394126903
0.00741480939282
0.00740572813832
0.00739669711423
0.00738771593276
0.00737878420927
0.00736990156208
0.00736106761212
0.00735228198274
0.00734354429947
0.00733485418983
0.00732621128312
0.00731761521027
0.00730906560373
0.00730056209727
0.00729210432594
0.0072836919
0.0
0.00727532453467
0.00726700179039
0.0072587233325
0.00725048880136
0.00724229783827
0.00723415008553
0.00722604518642
0.00721798278524
0.00720996252732
0.00720198405907
0.00719404702805
0.00718615108301
0.00717829587394
0.00717048105212
0.00716270627025
0.00715497118244
0.00714727544433
0.00713961871315
0.00713200064778
0.00712442090884
0.00711687915873
0.00710937506174
0.00710190828408
0.00709447849396
0.00708708536165
0.00707972855952
0.00707240776215
0.00706512264629
0.00705787289101
0.00705065817767
0.00704347818998
0.00703633261406
0.00702922113844
0.00702214345411
0.00701509925455
0.00700808823572
0.00700111009611
0.00699416453675
0.00698725126119
0.00698036997556
0.00697352038851
0.00696670221127
0.00695991515761
0.00695315894385
0.00694643328884
0.00693973791397
0.00693307254312
0.00692643690267
0.0069198307215
0.00691325373091
0.00690670566464
0.00690018625886
0.00689369525209
0.0068872323852
0.00688079740139
0.00687439004615
0.00686801006719
0.00686165721447
0.00685533124012
0.00684903189839
0.00684275894567
0.00683651214038
0.00683029124297
0.00682409601589
0.00681792622348
0.00681178163203
0.00680566200965
0.00679956712625
0.00679349675351
0.00678745066483
0.00678142863528
0.00677543044155
0.00676945586191
0.00676350467616
0.00675757666559
0.00675167161293
0.0067457893023
0.00673992951918
0.00673409205034
0.00672827668381
0.00672248320886
0.00671671141589
0.00671096109645
0.00670523204318
0.00669952404973
0.00669383691079
0.00668817042199
0.00668252437989
0.00667689858193
0.00667129282639
0.0066657069124
0.00666014063985
0.00665459380938
0.00664906622237
0.00664355768089
0.00663806798771
0.00663259694624
0.00662714436053
0.00662171003528
0.00661629377578
0.00661089538797
0.00660551467839
0.00660015145418
0.00659480552315
0.00658947669372
0.00658416477498
0.00657886957672
0.00657359090944
0.00656832858443
0.00656308241378
0.00655785221044
0.00655263778831
0.00654743896231
0.00654225554843
0.00653708736388
0.00653193422714
0.00652679595812
0.00652167237825
0.00651656331065
0.00651146858026
0.006506388014
0.00650132144097
0.00649626869262
0.00649122960295
0.00648620400873
0.00648119174971
0.00647619266889
0.00647120661273
0.00646623343142
0.00646127297917
0.00645632511447
0.00645138970037
0.00644646660478
0.00644155570075
0.00643665686678
0.00643176998711
0.00642689495202
0.0064220316581
0.00641718000853
0.00641233991337
0.00640751128976
0.00640269406222
0.00639788816277
0.0063930935312
0.00638831011516
0.00638353787031
0.00637877676039
0.00637402675723
0.00636928784082
0.00636455999918
0.00635984322831
0.00635513753203
0.00635044292177
0.00634575941633
0.00634108704157
0.00633642583007
0.00633177582069
0.00632713705818
0.00632250959263
0.00631789347896
0.00631328877636
0.00630869554767
0.00630411385876
0.00629954377791
0.00629498537513
0.00629043872148
0.00628590388846
0.00628138094731
0.00627686996835
0.00627237102042
0.0062678841702
0.00626340948167
0.0062589470156
0.00625449682895
0.00625005897451
0.0062456335004
0.00624122044972
0.00623681986021
0.00623243176396
0.00622805618714
0.00622369314984
0.00621934266587
0.00621500474269
0.00621067938128
0.00620636657612
0.0062020663152
0.00619777858002
0.00619350334564
0.00618924058079
0.00618499024793
0.0061807523034
0.00617652669755
0.00617231337486
0.00616811227415
0.00616392332872
0.00615974646653
0.00615558161037
0.00615142867806
0.00614728758262
0.00614315823247
0.00613904053158
0.00613493437964
0.00613083967227
0.00612675630114
0.00612268415413
0.00611862311552
0.00611457306604
0.00611053388311
0.00610650544087
0.00610248761034
0.0060984802595
0.0060944832534
0.00609049645421
0.00608651972134
0.00608255291146
0.00607859587859
0.00607464847409
0.00607071054678
0.00606678194286
0.00606286250604
0.00605895207746
0.00605505049573
0.00605115759693
0.00604727321457
0.00604339717962
0.00603952932042
0.00603566946269
0.00603181742948
0.00602797304114
0.00602413611525
0.00602030646661
0.00601648390713
0.00601266824583
0.00600885928878
0.00600505683899
0.00600126069644
0.00599747065795
0.00599368651717
0.00598990806456
0.00598613508728
0.00598236736924
0.00597860469101
0.00597484682988
0.00597109355978
0.0059673446514
0.00596359987213
0.00595985898619
0.00595612175471
0.00595238793581
0.00594865728476
0.00594492955417
0.00594120449423
0.00593748185292
0.00593376137639
0.0059300428093
0.00592632589523
0.00592261037723
0.00591889599837
0.00591518250237
0.00591146963436
0.00590775714168
0.00590404477484
0.00590033228853
0.00589661944275
0.00589290600406
0.00588919174697
0.00588547645544
0.00588175992445
0.0058780419618
0.00587432238994
0.00587060104795
0.00586687779365
0.00586315250581
0.00585942508637
0.00585569546288
0.0058519635908
0.005848229456
0.00584449307711
0.00584075450791
0.00583701383955
0.00583327120274
0.00582952676965
0.00582578075564
0.0058220334207
0.00581828507047
0.005814536057
0.00581078677894
0.00580703768128
0.00580328925463
0.00579954203382
0.00579579659605
0.00579205355842
0.00578831357486
0.00578457733259
0.00578084554803
0.00577711896235
0.00577339833652
0.00576968444625
0.00576597807653
0.00576228001627
0.00575859105278
0.00575491196647
0.00575124352562
0.0057475864816
0.00574394156427
0.0057403094779
0.00573669089761
0.0057330864662
0.00572949679161
0.00572592244485
0.00572236395856
0.00571882182594
0.00571529650027
0.00571178839485
0.00570829788327
0.00570482530015
0.00570137094204
0.00569793506871
0.00569451790449
0.00569111963993
0.00568774043339
0.00568438041289
0.00568103967782
0.00567771830082
0.00567441632951
0.00567113378828
0.00566787067998
0.00566462698754
0.00566140267558
0.00565819769184
0.00565501196861
0.00565184542406
0.00564869796344
0.00564556948027
0.00564245985738
0.00563936896791
0.00563629667624
0.00563324283884
0.00563020730506
0.00562718991786
0.00562419051448
0.00562120892706
0.00561824498323
0.00561529850664
0.00561236931743
0.00560945723271
0.005606562067
0.00560368363258
0.00560082173989
0.00559797619784
0.00559514681417
0.00559233339569
0.00558953574859
0.00558675367869
0.00558398699166
0.00558123549327
0.00557849898956
0.00557577728706
0.00557307019296
0.00557037751526
0.00556769906295
0.00556503464614
0.00556238407618
0.00555974716581
0.00555712372924
0.00555451358226
0.00555191654236
0.00554933242878
0.00554676106263
0.00554420226692
0.00554165586662
0.00553912168877
0.00553659956247
0.00553408931898
0.00553159079169
0.00552910381623
0.00552662823043
0.0055241638744
0.0055217105905
0.00551926822339
0.00551683662002
0.00551441562964
0.00551200510382
0.00550960489642
0.0055072148636
0.00550483486383
0.00550246475786
0.00550010440871
0.00549775368167
0.00549541244425
0.00549308056622
0.00549075791955
0.00548844437837
0.005486139819
0.0054838441199
0.00548155716162
0.00547927882683
0.00547700900025
0.00547474756861
0.00547249442069
0.00547024944721
0.00546801254085
0.00546578359621
0.00546356250977
0.00546134917987
0.00545914350668
0.00545694539215
0.00545475474001
0.00545257145572
0.00545039544644
0.005448226621
0.00544606488988
0.00544391016517
0.00544176236055
0.00543962139122
0.00543748717396
0.00543535962699
0.00543323867003
0.00543112422423
0.00542901621215
0.00542691455774
0.00542481918631
0.00542273002448
0.00542064700021
0.00541857004272
0.00541649908248
0.00541443405121
0.00541237488183
0.00541032150845
0.00540827386635
0.00540623189193
0.00540419552273
0.00540216469738
0.00540013935561
0.00539811943817
0.00539610488689
0.00539409564461
0.00539209165515
0.00539009286336
0.00538809921502
0.0053861106569
0.00538412713666
0.00538214860293
0.00538017500521
0.00537820629393
0.00537624242036
0.00537428333665
0.00537232899582
0.00537037935171
0.00536843435898
0.00536649397313
0.00536455815046
0.00536262684804
0.00536070002377
0.00535877763627
0.00535685964497
0.00535494601005
0.0053530366924
0.0053511316537
0.00534923085634
0.00534733426343
0.00534544183879
0.00534355354699
0.00534166935325
0.00533978922354
0.00533791312448
0.00533604102341
0.00533417288833
0.00533230868794
0.00533044839158
0.00532859196928
0.00532673939174
0.00532489063031
0.00532304565699
0.00532120444446
0.00531936696601
0.0053175331956
0.00531570310785
0.00531387667798
0.00531205388189
0.00531023469609
0.00530841909773
0.00530660706459
0.00530479857508
0.00530299360823
0.00530119214372
0.0052993941618
0.00529759964339
0.00529580857001
0.00529402092378
0.00529223668745
0.00529045584437
0.00528867837851
0.00528690427442

0.00487626939139
0.00487534969115
0.0048744321178
0.00487351666399
0.00487260332243
