0.401943170718
0.178270311372
0.102553344621
0.0764325690513
0.0648057556817
0.0585926784993
0.0548443004349
0.052384288882
0.050667546276
0.0494120927626
0.0484593877013
0.0477143138309
0.0471167673822
0.0466271296122
0.0462183543847
0.0458714275262
0.0455726434047
0.0453119086993
0.0450816513581
0.0448760993013
0.0446907921116
0.0445222431584
0.0443677005788
0.0442249740813
0.0440923061781
0.0439682740135
0.0438517129474
0.0437416563341
0.0436372880015
0.0435379050499
0.0434428890456
0.0433516838469
0.0432637785366
0.0431786943383
0.0430959748951
0.0430151797443
0.0429358812485
0.0428576657001
0.0427801397424
0.0427029433114
0.0426257693479
0.0425483880268
0.0424706694616
0.0423925956388
0.0423142526115
0.042235799551
0.042157420452
0.0420792719655
0.0420014417732
0.0419239256874
0.0418466232013
0.0417693458917
0.0416918324241
0.0416137662673
0.0415347954986
0.041454556911
0.0413727080356
0.0412889692008
0.0412031716488
0.0411152973392
0.0410254874428
0.0409340011269
0.0408411302456
0.0407471050354
0.0406520324471
0.0405558833824
0.0404585140669
0.0403596977449
0.0402591546807
0.0401565825976
0.0400516923063
0.0399442443845
0.0398340767579
0.0397211249647
0.0396054512086
0.0394872720429
0.0393669269412
0.0392447675107
0.0391210592266
0.0389959969389
0.0388698216638
0.0387429182369
0.0386157191252
0.0384883913231
0.0383605904219
0.0382315213174
0.0381001728319
0.0379653403935
0.0378251452434
0.0376762851877
0.0375136487114
0.0373312992956
0.037126463615
0.0369035232993
0.0366716217052
0.0364411497899
0.0362212811379
0.0360135492696
0.0358109506047
0.0356070569732
0.0353982709003
0.0351787639109
0.0349453888571
0.0347053373993
0.0344666850819
0.0342301702841
0.0339931283221
0.0337522581487
0.0334920800021
0.0332025696556
0.0329133911927
0.0326433310961
0.0323862359295
0.0321358682935
0.0318860605243
0.0316283255437
0.0313537045966
0.0310624655157
0.0307700635619
0.0304872361754
0.0302103272175
0.0299324601863
0.0296436817833
0.0293314915786
0.0290021672856
0.0286772346242
0.0283614387788
0.0280557597593
0.0277586398858
0.0274630874409
0.0271583143536
0.0268334648169
0.026488546359
0.0261310911197
0.0257711609008
0.0254197367247
0.0250821240472
0.0247568248093
0.0244361087574
0.0241124650717
0.0237779322458
0.0234122531615
0.0229863277419
0.0225145638522
0.0220667007976
0.0216446704769
0.021243983522
0.0208753657146
0.0205400915738
0.0202317535578
0.0199430181312
0.0196682242918
0.0194034822215
0.0191460597064
0.0188940669878
0.0186452384912
0.0183969709493
0.018145061708
0.0178820340941
0.0176085593082
0.0173356680996
0.0170667597476
0.0168013753434
0.0165456905169
0.0163044756389
0.0160756012241
0.0158575011857
0.0156506936551
0.0154544791032
0.0152672811298
0.015087957567
0.0149154095514
0.01474810319
0.014584773925
0.0144252808389
0.0142699104505
0.0141187790345
0.0139721807605
0.0138303804375
0.0136928099852
0.0135582214852
0.0134259809847
0.0132960556023
0.0131678147416
0.013040008214
0.0129116238395
0.0127822542808
0.0126520720735
0.01252095065
0.0123884618218
0.0122553136672
0.0121238280916
0.011997039989
0.0118738736235
0.0117486875937
0.0116168299701
0.0114817819913
0.0113522278885
0.0112297040118
0.0111096001153
0.0109894435353
0.0108721377581
0.0107609088508
0.0106568404999
0.010559466867
0.0104665831971
0.0103757755166
0.0102858902765
0.010197098494
0.0101100573702
0.0100254244137
0.00994394706983
0.0098665504876
0.00979395174759
0.00972624825873
0.00966289724203
0.00960293504867
0.00954522655633
0.00948865110462
0.00943225951466
0.00937547042067
0.00931817782353
0.00926047773261
0.00920219421649
0.00914290637232
0.00908259797986
0.00902213005781
0.00896286372662
0.00890599233405
0.00885218009631
0.00880142711193
0.0087532592026
0.00870711150604
0.0086626023594
0.00861961819251
0.00857824355712
0.00853859907633
0.00850069695219
0.00846440310055
0.00842949104399
0.00839571456019
0.00836285488839
0.00833074017394
0.00829924899415
0.00826830669069
0.00823787775775
0.00820795498173
0.00817854641528
0.00814966276323
0.00812130822482
0.00809347644387
0.00806615102472
0.00803930867566
0.00801292299071
0.00798696761969
0.0079614183661
0.00793625424241
0.00791145771194
0.00788701438155
0.00786291238346
0.00783914164267
0.00781569318008
0.00779255854993
0.00776972945712
0.00774719755368
0.00772495438128
0.00770299141206
0.00768130013981
0.00765987218286
0.00763869937193
0.00761777380818
0.00759708788541
0.00757663427709
0.00755640589289
0.00753639581236
0.00751659720474
0.00749700324485
0.0074776070344
0.00745840153706
0.00743937953373
0.00742053360179
0.00740185611976
0.00738333929633
0.00736497522103
0.00734675593231
0.00732867349849
0.00731072010674
0.00729288815572
0.00727517034802
0.00725755977915
0.00724005002013
0.00722263519089
0.00720531002032
0.00718806988707
0.00717091083151
0.00715382952458
0.00713682317505
0.00711988935382
0.007103025716
0.00708622961049
0.00706949758342
0.00705282480499
0.00703620447358
0.00701962727204
0.00700308096421
0.00698655022568
0.00697001680426
0.00695346010565
0.00693685829843
0.00692019002174
0.00690343674465
0.00688658575183
0.006869633594
0.00685258963343
0.00683547904851
0.00681834442289
0.00680124499952
0.00678425299061
0.00676744700646
0.00675090351603
0.00673468802871
0.00671884809388
0.00670340987887
0.00668837889451
0.00667374396159
0.00665948263977
0.00664556644244
0.00663196487004
0.00661864803012
0.00660558805792
0.00659275969938
0.00658014039014
0.00656771007412
0.00655545091571
0.0065433469923
0.00653138401075
0.00651954906545
0.00650783044221
0.00649621746488
0.00648470037816
0.00647327025831
0.00646191894216
0.00645063896395
0.00643942348894
0.00642826623332
0.00641716136142
0.00640610335563
0.00639508685998
0.00638410650699
0.00637315674522
0.00636223169344
0.006351325052
0.00634043010307
0.00632953982747
0.00631864715445
0.00630774534345
0.00629682846999
0.0062858919567
0.00627493305882
0.00626395119674
0.00625294803922
0.0062419272915
0.00623089422338
0.00621985505782
0.00620881639183
0.00619778481401
0.00618676681786
0.00617576901389
0.00616479855053
0.00615386359098
0.0061429736729
0.00613213980391
0.00612137421372
0.00611068977785
0.00610009922082
0.00608961426538
0.00607924489707
0.00606899886368
0.00605888145424
0.00604889553333
0.00603904176552
0.00602931895372
0.00601972442403
0.00601025440805
0.00600090439141
0.00599166941222
0.00598254430396
0.0059735238843
0.00596460309584
0.00595577710657
0.0059470413786
0.00593839171282
0.00592982427584
0.00592133561424
0.00591292265946
0.00590458272529
0.0058963134992
0.0058881130276
0.00587997969523
0.00587191219849
0.00586390951294
0.00585597085549
0.00584809564228
0.00584028344398
0.00583253394008
0.00582484687458
0.0058172220149
0.00580965911592
0.00580215789035
0.0057947179863
0.00578733897213
0.00578002032826
0.00577276144526
0.00576556162689
0.00575842009732
0.00575133601099
0.00574430846423
0.0057373365077
0.00573041915883
0.00572355541385
0.00571674425884
0.00570998467973
0.00570327567107
0.00569661624347
0.00569000542991
0.00568344229075
0.00567692591777
0.00567045543724
0.00566403001204
0.00565764884322
0.00565131117079
0.00564501627405
0.00563876347146
0.00563255212022
0.00562638161551
0.00562025138952
0.00561416091033
0.00560810968069
0.00560209723669
0.00559612314633
0.00559018700813
0.00558428844966
0.00557842712607
0.00557260271857
0.005566814933
0.00556106349827
0.00555534816491
0.00554966870351
0.00554402490325
0.00553841657036
0.00553284352664
0.00552730560791
0.00552180266255
0.00551633455
0.00551090113932
0.00550550230777
0.00550013793942
0.00549480792383
0.00548951215477
0.00548425052903
0.00547902294528
0.00547382930303
0.00546866950164
0.00546354343948
0.00545845101309
0.00545339211653
0.00544836664076
0.0054433744731
0.00543841549679
0.00543348959068
0.00542859662888
0.00542373648059
0.00541890900993
0.00541411407581
0.00540935153193
0.0054046212267
0.0053999230033
0.00539525669968
0.00539062214865
0.0053860191779
0.00538144761014
0.00537690726312
0.00537239794974
0.00536791947811
0.00536347165161
0.005359054269
0.00535466712443
0.00535031000748
0.00534598270328
0.00534168499245
0.00533741665121
0.00533317745139
0.00532896716045
0.00532478554155
0.00532063235355
0.0053165073511
0.00531241028467
0.00530834090062
0.00530429894129
0.00530028414504
0.00529629624643
0.00529233497625
0.00528840006171
0.00528449122654
0.00528060819116
0.00527675067283
0.00527291838584
0.0052691110417
0.00526532834931
0.00526157001517
0.00525783574362
0.00525412523702
0.00525043819597
0.00524677431956
0.00524313330555
0.00523951485065
0.00523591865069
0.00523234440087
0.00522879179595
0.00522526053052
0.00522175029913
0.00521826079656
0.00521479171798
0.00521134275915
0.0052079136166
0.00520450398781
0.00520111357138
0.00519774206718
0.00519438917649
0.00519105460217
0.00518773804878
0.00518443922271
0.00518115783227
0.00517789358785
0.00517464620198
0.00517141538944
0.00516820086736
0.00516500235527
0.00516181957519
0.00515865225171
0.00515550011202
0.005152362886
0.00514924030625
0.00514613210812
0.00514303802979
0.00513995781227
0.00513689119947
0.00513383793818
0.00513079777815
0.00512777047208
0.00512475577564
0.00512175344753
0.00511876324944
0.00511578494613
0.00511281830541
0.00510986309814
0.00510691909832
0.00510398608302
0.00510106383249
0.00509815213009
0.00509525076239
0.00509235951915
0.00508947819335
0.00508660658126
0.00508374448241
0.00508089169968
0.00507804803932
0.00507521331099
0.00507238732781
0.00506956990641
0.005066760867
0.00506396003342
0.00506116723321
0.00505838229769
0.005055605062
0.00505283536523
0.00505007305049
0.005047317965
0.00504456996019
0.00504182889178
0.00503909461994
0.00503636700935
0.00503364592938
0.00503093125414
0.00502822286266
0.005025520639
0.00502282447241
0.00502013425743
0.00501744989406
0.00501477128788
0.00501209835022
0.00500943099828
0.00500676915529
0.00500411275063
0.00500146171999
0.00499881600551
0.00499617555586
0.00499354032645
0.00499091027948
0.00498828538404
0.00498566561628
0.00498305095944
0.00498044140392
0.00497783694738
0.00497523759475
0.00497264335829
0.00497005425756
0.00496747031944
0.00496489157808
0.00496231807485
0.00495974985828
0.00495718698392
0.00495462951426
0.00495207751853
0.00494953107256
0.00494699025853
0.0049444551648
0.00494192588558
0.00493940252069
0.00493688517523
0.00493437395925
0.00493186898739
0.00492937037847
0.00492687825515
0.00492439274344
0.00492191397228
0.00491944207311
0.00491697717938
0.00491451942605
0.00491206894918
0.00490962588534
0.00490719037121
0.00490476254303
0.00490234253616
0.00489993048455
0.00489752652033
0.00489513077331
0.00489274337056
0.00489036443598
0.00488799408992
0.00488563244877
0.00488327962462
0.00488093572491
0.00487860085218
0.00487627510373
0.00487395857142
0.00487165134142
0.00486935349405
0.00486706510362
0.0048647862383
0.00486251696001
0.00486025732436
0.00485800738062
0.00485576717172
0.0048535367342
0.00485131609834
0.00484910528813
0.00484690432143
0.00484471321001
0.00484253195971
0.00484036057058
0.00483819903701
0.0048360473479
0.00483390548686
0.00483177343238
0.00482965115805
0.00482753863272
0.00482543582076
0.00482334268225
0.0048212591732
0.00481918524577
0.00481712084847
0.00481506592643
0.00481302042158
0.00481098427283
0.00480895741638
0.00480693978583
0.00480493131243
0.00480293192528
0.0048009415515
0.00479896011643
0.00479698754381
0.00479502375596
0.00479306867392
0.00479112221764
0.00478918430612
0.00478725485754
0.00478533378943
0.00478342101878
0.00478151646216
0.00477962003587
0.00477773165599
0.00477585123855
0.00477397869958
0.00477211395524
0.00477025692187
0.00476840751607
0.00476656565482
0.00476473125548
0.00476290423593
0.00476108451453
0.00475927201029
0.0047574666428
0.00475566833238
0.00475387700004
0.00475209256756
0.0047503149575
0.00474854409326
0.00474677989906
0.0047450223
0.00474327122206
0.00474152659213
0.00473978833803
0.00473805638847
0.00473633067314
0.00473461112266
0.00473289766861
0.00473119024352
0.00472948878087
0.00472779321512
0.00472610348169
0.00472441951694
0.0047227412582
0.00472106864374
0.00471940161278
0.00471774010548
0.00471608406294
0.00471443342717
0.00471278814111
0.00471114814859
0.00470951339437
0.00470788382406
0.00470625938418
0.00470464002211
0.00470302568607
0.00470141632514
0.00469981188924
0.0046982123291
0.00469661759626
0.00469502764308
0.00469344242267
0.00469186188896
0.00469028599659
0.00468871470101
0.00468714795835
0.0046855857255
0.00468402796006
0.00468247462033
0.00468092566529
0.00467938105461
0.00467784074862
0.00467630470831
0.00467477289531
0.00467324527188
0.00467172180089
0.00467020244585
0.00466868717083
0.00466717594051
0.00466566872014
0.00466416547554
0.00466266617307
0.00466117077965
0.00465967926273
0.00465819159029
0.00465670773081
0.00465522765329
0.00465375132722
0.00465227872258
0.00465080980981
0.00464934455983
0.00464788294404
0.00464642493426
0.00464497050276
0.00464351962225
0.00464207226586
0.00464062840714
0.00463918802005
0.00463775107896
0.00463631755861
0.00463488743414
0.00463346068109
0.00463203727533
0.00463061719314
0.00462920041112
0.00462778690625
0.00462637665583
0.00462496963752
0.00462356582931
0.00462216520949
0.0046207677567
0.00461937344988
0.00461798226828
0.00461659419146
0.00461520919926
0.00461382727181
0.00461244838955
0.00461107253318
0.00460969968368
0.00460832982229
0.00460696293054
0.00460559899019
0.00460423798327
0.00460287989207
0.00460152469911
0.00460017238715
0.0045988229392
0.0045974763385
0.0045961325685
0.0045947916129
0.00459345345561
0.00459211808074
0.00459078547265
0.00458945561586
0.00458812849513
0.00458680409542
0.00458548240187
0.00458416339982
0.0045828470748
0.00458153341254
0.00458022239894
0.00457891402008
0.00457760826222
0.00457630511181
0.00457500455544
0.0045737065799
0.00457241117212
0.0045711183192
0.00456982800843
0.0045685402272
0.0045672549631
0.00456597220387
0.00456469193736
0.00456341415162
0.00456213883481
0.00456086597523
0.00455959556135
0.00455832758175
0.00455706202515
0.00455579888042
0.00455453813653
0.00455327978262
0.00455202380793
0.00455077020183
0.00454951895381
0.00454827005349
0.00454702349061
0.00454577925503
0.0045445373367
0.00454329772572
0.00454206041229
0.00454082538671
0.00453959263941
0.00453836216091
0.00453713394185
0.00453590797297
0.00453468424511
0.00453346274923
0.00453224347636
0.00453102641767
0.00452981156439
0.00452859890787
0.00452738843955
0.00452618015098
0.00452497403378
0.00452377007967
0.00452256828047
0.0045213686281
0.00452017111453
0.00451897573187
0.00451778247229
0.00451659132804
0.00451540229147
0.00451421535502
0.00451303051119
0.0045118477526
0.00451066707193
0.00450948846193
0.00450831191545
0.00450713742542
0.00450596498485
0.00450479458681
0.00450362622447
0.00450245989108
0.00450129557994
0.00450013328445
0.00449897299808
0.00449781471436
0.00449665842692
0.00449550412945
0.0044943518157
0.00449320147952
0.00449205311482
0.00449090671556
0.0044897622758
0.00448861978965
0.00448747925131
0.00448634065504
0.00448520399515
0.00448406926604
0.00448293646217
0.00448180557807
0.00448067660834
0.00447954954762
0.00447842439065
0.00447730113221
0.00447617976716
0.00447506029041
0.00447394269694
0.0044728269818
0.00447171314008
0.00447060116695
0.00446949105764
0.00446838280744
0.00446727641169
0.00446617186579
0.00446506916521
0.00446396830548
0.00446286928216
0.0044617720909
0.0044606767274
0.00445958318739
0.00445849146668
0.00445740156114
0.00445631346667
0.00445522717924
0.00445414269486
0.00445306000962
0.00445197911962
0.00445090002105
0.00444982271012
0.0044487471831
0.00444767343632
0.00444660146615
0.00444553126899
0.00444446284132
0.00444339617964
0.0044423312805
0.0044412681405
0.00444020675628
0.00443914712452
0.00443808924195
0.00443703310533
0.00443597871147
0.00443492605721
0.00443387513944
0.00443282595507
0.00443177850106
0.00443073277441
0.00442968877215
0.00442864649133
0.00442760592905
0.00442656708244
0.00442552994865
0.00442449452487
0.00442346080832
0.00442242879625
0.00442139848591
0.00442036987462
0.00441934295969
0.00441831773847
0.00441729420833
0.00441627236666
0.00441525221087
0.00441423373839
0.00441321694668
0.00441220183319
0.00441118839542
0.00441017663087
0.00440916653704
0.00440815811147
0.00440715135169
0.00440614625525
0.00440514281972
0.00440414104265
0.00440314092163
0.00440214245424
0.00440114563807
0.0044001504707
0.00439915694974
0.00439816507277
0.00439717483741
0.00439618624124
0.00439519928187
0.00439421395689
0.00439323026389
0.00439224820046
0.00439126776418
0.00439028895263
0.00438931176338
0.00438833619398
0.00438736224199
0.00438638990495
0.00438541918039
0.00438445006583
0.00438348255877
0.00438251665671
0.00438155235711
0.00438058965744
0.00437962855515
0.00437866904767
