0.0583618636671
0.0545550426801
0.0518730748661
0.0498955553533
0.0483829686501
0.0471897392173
0.0462227348954
0.0454203664178
0.0447416870861
0.0441596476672
0.0436556628428
0.0432157215227
0.0428284781514
0.0424846127398
0.0421765465645
0.0418981657404
0.0416445610376
0.0414117942052
0.041196671144
0.040996533482
0.0408091113595
0.0406324463318
0.0404648508489
0.0403048740157
0.040151264951
0.0400029363319
0.0398589321992
0.0397184032695
0.039580592833
0.0394448358431
0.0393105700386
0.0391773496928
0.0390448467027
0.0389128310396
0.0387811383446
0.0386496403565
0.0385182312864
0.0383868209196
0.0382552897829
0.0381233997993
0.0379907600071
0.0378569394109
0.0377216814072
0.0375850696277
0.0374475266759
0.0373096944039
0.0371723173131
0.0370360879291
0.0369014044993
0.0367682346946
0.0366362137535
0.0365048335578
0.0363735706713
0.0362419329715
0.0361094652934
0.0359757540467
0.0358404560794
0.0357033538653
0.0355643993711
0.0354236843063
0.0352813337877
0.0351374225078
0.0349919947869
0.0348451405244
0.0346970202834
0.0345478072885
0.0343976186367
0.034246535096
0.034094746247
0.0339427200645
0.0337911722758
0.0336407704333
0.0334918587295
0.0333444361902
0.0331982898384
0.0330531208163
0.0329086159417
0.0327644786573
0.0326204379271
0.032476246852
0.0323316781709
0.0321865213248
0.0320405842215
0.0318937011704
0.0317457454514
0.0315966400402
0.0314463548792
0.0312948781315
0.0311421545777
0.0309879916905
0.0308319353519
0.0306731199875
0.0305101515714
0.030341322666
0.0301658563459
0.029985759148
0.0298048290583
0.0296255678758
0.0294485790361
0.0292729354191
0.0290965698851
0.0289171705385
0.0287331551844
0.0285438858316
0.0283491920751
0.028149841123
0.0279480814667
0.0277468453777
0.0275488502488
0.0273560725368
0.0271699928184
0.0269916793166
0.0268205775878
0.0266549422574
0.0264934980081
0.0263361909416
0.0261836669
0.0260362905834
0.0258937652557
0.025755396458
0.0256204324875
0.0254882276628
0.0253582711283
0.0252301626891
0.0251035785058
0.0249782413719
0.0248538991362
0.0247303124946
0.0246072546602
0.0244845275091
0.0243619982827
0.0242396520089
0.0241176336147
0.0239962333618
0.0238757868396
0.0237565288993
0.0236384878306
0.0235214625973
0.0234050509213
0.023288677715
0.0231716050743
0.023052943228
0.0229317077743
0.0228069547706
0.0226779125532
0.0225438765779
0.0224037790635
0.0222559912018
0.0220995605449
0.0219363656256
0.0217695323914
0.0216001862364
0.0214302395749
0.0212638119921
0.0211024651343
0.0209457982255
0.0207948393582
0.020650877191
0.0205136076371
0.0203821827478
0.0202563643495
0.0201363596652
0.0200222143517
0.0199135089181
0.0198094427438
0.0197090917073
0.0196116212603
0.0195163794074
0.0194229013897
0.0193308741283
0.0192400922538
0.0191504243946
0.01906179729
0.0189741914921
0.0188876320831
0.0188021623352
0.0187178075653
0.0186345512257
0.0185523384051
0.0184711026939
0.0183908008166
0.0183114398554
0.0182330869718
0.0181558573863
0.0180798839037
0.0180052792733
0.0179321058896
0.0178603624465
0.0177899877948
0.0177208754174
0.0176528908473
0.0175858871256
0.0175197167282
0.0174542404025
0.0173893337734
0.0173248918788
0.0172608307683
0.0171970850366
0.017133601691
0.017070333957
0.0170072414146
0.0169443022315
0.0168815374531
0.0168190373122
0.0167569705308
0.0166955593966
0.0166350223769
0.0165755108452
0.0165170725423
0.0164596540684
0.0164031298092
0.0163473371567
0.0162921058705
0.0162372794469
0.0161827310283
0.0161283759157
0.0160741797565
0.0160201585757
0.0159663666212
0.0159128719125
0.0158597254428
0.0158069331269
0.0157544366556
0.0157021026821
0.0156497140735
0.0155969544452
0.0155433763974
0.0154883426278
0.0154309286158
0.0153697897739
0.0153030805929
0.0152287906629
0.015146152903
0.0150576119455
0.0149687328129
0.0148852652776
0.014809614905
0.014740653898
0.0146761828874
0.0146144751081
0.0145545976607
0.0144963081593
0.0144398147847
0.0143854596224
0.0143334413048
0.014283698798
0.0142359514091
0.0141897963493
0.0141447844132
0.0141004506041
0.0140563067253
0.0140118067698
0.0139662917935
0.0139189241583
0.0138686533043
0.0138143577287
0.0137554570018
0.0136929840993
0.0136297362111
0.0135683946317
0.0135099751654
0.0134542138095
0.0134004452511
0.0133480579858
0.0132966283279
0.0132459091387
0.0131957349049
0.0131458943381
0.0130960531546
0.0130457940553
0.0129947907716
0.0129430677804
0.0128911598357
0.0128399153878
0.0127900404969
0.0127418484932
0.012695352653
0.0126504418857
0.0126069746878
0.0125648116642
0.0125238350944
0.0124839660939
0.0124451691341
0.0124074374221
0.0123707647552
0.012335117511
0.0123004190634
0.0122665505177
0.012233363662
0.0122006995009
0.0121684078732
0.0121363666696
0.0121045001072
0.0120727935429
0.0120412988427
0.0120101233731
0.0119794014316
0.0119492576671
0.0119197781768
0.011890999557
0.0118629146693
0.0118354867697
0.0118086640948
0.0117823909515
0.0117566146817
0.0117312893799
0.0117063774795
0.0116818500596
0.0116576863859
0.011633872955
0.0116104021773
0.0115872707987
0.0115644781809
0.0115420246022
0.0115199097573
0.0114981316164
0.0114766857334
0.0114555650135
0.0114347598649
0.0114142586178
0.011394048079
0.0113741141102
0.011354442153
0.0113350176573
0.0113158263991
0.011296854694
0.0112780895226
0.0112595185845
0.0112411303023
0.0112229137902
0.011204858799
0.0111869556485
0.0111691951523
0.0111515685394
0.0111340673769
0.0111166834931
0.0110994089025
0.0110822357334
0.0110651561576
0.0110481623212
0.0110312462774
0.0110143999199
0.0109976149172
0.0109808826491
0.0109641941433
0.0109475400158
0.0109309104143
0.0109142949681
0.0108976827462
0.0108810622275
0.0108644212873
0.0108477472044
0.0108310266949
0.0108142459779
0.010797390879
0.0107804469758
0.0107633997904
0.0107462350304
0.0107289388798
0.0107114983397
0.0106939016204
0.0106761385856
0.0106582012602
0.010640084412
0.0106217862259
0.0106033090817
0.0105846604231
0.0105658536599
0.0105469089716
0.0105278538047
0.0105087228075
0.0104895569787
0.0104704019351
0.0104513054182
0.0104323143615
0.0104134719515
0.0103948150993
0.0103763726332
0.0103581643794
0.010340201165
0.0103224856435
0.0103050137247
0.0102877763182
0.0102707610944
0.0102539540348
0.0102373406418
0.0102209067815
0.010204639198
0.010188525773
0.0101725556092
0.0101567190059
0.0101410073754
0.0101254131366
0.0101099296037
0.0100945508829
0.0100792717806
0.0100640877252
0.0100489947004
0.0100339891903
0.0100190681323
0.0100042288776
0.00998946915687
0.00997478705041
0.0099601809613
0.00994564959105
0.00993119191713
0.0099168071718
0.00990249482211
0.00988825455064
0.00987408623686
0.00985998993904
0.00984596587647
0.00983201441194
0.00981813603446
0.00980433134215
0.00979060102523
0.00977694584921
0.00976336663823
0.00974986425869
0.00973643960325
0.00972309357521
0.00970982707358
0.0096966409789
0.0096835361399
0.00967051336122
0.00965757339238
0.00964471691787
0.00963194454875
0.00961925681549
0.00960665416232
0.00959413694285
0.00958170541708
0.00956935974957
0.00955710000874
0.0095449261672
0.00953283810292
0.00952083560113
0.00950891835683
0.00949708597783
0.00948533798806
0.00947367383125
0.0094620928747
0.0094505944132
0.00943917767294
0.00942784181539
0.00941658594113
0.00940540909356
0.00939431026244
0.0093832883873
0.00937234236066
0.00936147103104
0.00935067320584
0.00933994765388
0.00932929310791
0.00931870826672
0.00930819179716
0.0092977423359
0.00928735849101
0.00927703884319
0.00926678194698
0.00925658633155
0.0092464505014
0.00923637293675
0.00922635209374
0.00921638640436
0.00920647427612
0.00919661409157
0.00918680420742
0.00917704295347
0.00916732863128
0.00915765951247
0.00914803383683
0.00913844980997
0.00912890560079
0.00911939933846
0.00910992910909
0.009100492952
0.00909108885549
0.00908171475224
0.00907236851413
0.00906304794651
0.00905375078194
0.00904447467323
0.00903521718573
0.00902597578894
0.0090167478472
0.00900753060941
0.00899832119776
0.00898911659529
0.00897991363221
0.00897070897076
0.0089614990886
0.00895228026047
0.00894304853799
0.0089337997275
0.00892452936561
0.00891523269249
0.00890590462261
0.00889653971294
0.00888713212844
0.00887767560505
0.00886816341032
0.00885858830216
0.00884894248645
0.0088392175749
0.00882940454487
0.00881949370411
0.00880947466418
0.00879933632815
0.00878906689967
0.00877865392309
0.00876808436671
0.00875734476386
0.0087464214291
0.00873530076808
0.00872396969958
0.00871241620404
0.00870063000502
0.00868860337508
0.00867633203648
0.00866381609941
0.00865106095108
0.0086380779822
0.00862488502383
0.00861150637521
0.00859797234008
0.00858431825488
0.00857058307888
0.00855680770282
0.00854303319315
0.00852929919995
0.00851564270999
0.00850209723555
0.00848869242636
0.00847545400987
0.00846240392748
0.00844956054367
0.00843693884553
0.00842455060227
0.00841240449574
0.00840050625494
0.00838885882843
0.00837746261457
0.00836631575086
0.00835541444748
0.00834475334112
0.00833432584419
0.00832412446844
0.00831414110952
0.00830436728592
0.00829479433195
0.00828541354817
0.00827621631498
0.00826719417566
0.00825833889519
0.0082496425001
0.00824109730404
0.00823269592262
0.00822443128038
0.00821629661192
0.00820828545894
0.00820039166429
0.00819260936387
0.0081849329771
0.00817735719648
0.00816987697645
0.00816248752203
0.00815518427725
0.00814796291372
0.00814081931927
0.008133749587
0.00812675000452
0.00811981704372
0.00811294735087
0.0081061377373
0.00809938517049
0.0080926867657
0.0080860397781
0.00807944159541
0.00807288973104
0.00806638181776
0.00805991560177
0.00805348893736
0.00804709978191
0.00804074619142
0.00803442631639
0.0080281383981
0.00802188076533
0.00801565183137
0.00800945009134
0.00800327411989
0.0079971225691
0.0079909941667
0.00798488771445
0.00797880208678
0.00797273622958
0.00796668915918
0.00796065996144
0.00795464779096
0.00794865187044
0.00794267149004
0.00793670600697
0.00793075484495
0.00792481749395
0.00791889350986
0.00791298251424
0.0079070841942
0.00790119830229
0.00789532465645
0.00788946314005
0.00788361370194
0.00787777635651
0.00787195118381
0.0078661383295
0.00786033800481
0.00785455048625
0.00784877611509
0.0078430152965
0.00783726849823
0.00783153624877
0.00782581913488
0.00782011779833
0.00781443293192
0.0078087652746
0.00780311560574
0.00779748473856
0.00779187351273
0.00778628278633
0.00778071342723
0.00777516630411
0.00776964227726
0.00776414218952
0.0077586668574
0.00775321706283
0.0077477935455
0.00774239699617
0.00773702805105
0.00773168728725
0.0077263752195
0.00772109229804
0.0077158389077
0.00771061536806
0.00770542193469
0.00770025880115
0.00769512610183
0.00769002391532
0.0076849522682
0.00767991113923
0.00767490046357
0.00766992013719
0.0076649700211
0.00766004994557
0.00765515971412
0.00765029910719
0.00764546788567
0.00764066579404
0.00763589256319
0.00763114791307
0.00762643155483
0.00762174319287
0.00761708252652
0.00761244925146
0.007607843061
0.00760326364705
0.00759871070099
0.00759418391431
0.00758968297921
0.00758520758895
0.00758075743821
0.00757633222332
0.0075719316424
0.00756755539548
0.00756320318458
0.0075588747137
0.00755456968882
0.00755028781793
0.00754602881091
0.0075417923796
0.00753757823763
0.00753338610049
0.00752921568539
0.00752506671128
0.00752093889878
0.00751683197017
0.00751274564934
0.00750867966177
0.00750463373452
0.00750060759625
0.00749660097714
0.00749261360896
0.00748864522501
0.00748469556019
0.00748076435092
0.00747685133524
0.00747295625273
0.00746907884459
0.00746521885358
0.0074613760241
0.00745755010213
0.00745374083525
0.00744994797266
0.00744617126517
0.00744241046518
0.00743866532669
0.00743493560527
0.00743122105805
0.00742752144373
0.00742383652252
0.00742016605614
0.00741650980774
0.00741286754196
0.00740923902479
0.0074056240236
0.00740202230705
0.00739843364507
0.00739485780878
0.00739129457044
0.00738774370341
0.00738420498202
0.00738067818157
0.00737716307821
0.00737365944887
0.00737016707117
0.00736668572332
0.00736321518405
0.00735975523248
0.00735630564803
0.00735286621031
0.00734943669897
0.00734601689363
0.00734260657369
0.00733920551824
0.00733581350589
0.00733243031462
0.00732905572163
0.00732568950316
0.00732233143433
0.00731898128893
0.00731563883922
0.00731230385578
0.0073089761072
0.00730565535992
0.00730234137795
0.00729903392263
0.00729573275234
0.00729243762219
0.00728914828377
0.00728586448474
0.00728258596856
0.00727931247404
0.007276043735
0.0072727794798
0.00726951943093
0.00726626330447
0.00726301080962
0.00725976164809
0.00725651551354
0.00725327209091
0.00725003105573
0.00724679207338
0.00724355479826
0.00724031887293
0.00723708392719
0.007233849577
0.00723061542344
0.00722738105146
0.00722414602862
0.00722090990364
0.00721767220488
0.00721443243866
0.00721119008746
0.00720794460788
0.0072046954285
0.00720144194752
0.00719818353012
0.00719491950566
0.00719164916457
0.00718837175491
0.00718508647867
0.00718179248769
0.00717848887916
0.00717517469075
0.00717184889517
0.00716851039439
0.00716515801313
0.00716179049191
0.00715840647938
0.00715500452406
0.00715158306535
0.00714814042388
0.00714467479121
0.00714118421877
0.00713766660638
0.00713411969022
0.00713054103066
0.00712692800001
0.00712327777092
0.00711958730572
0.0071158533476
0.00711207241466
0.00710824079807
0.00710435456591
0.00710040957476
0.00709640149119
0.00709232582586
0.00708817798291
0.00708395332738
0.00707964727297
0.00707525539166
0.00707077354494
0.00706619803453
0.00706152576719
0.00705675442501
0.00705188262884
0.00704691007997
0.00704183766336
0.00703666749713
0.00703140291671
0.00702604838856
0.00702060935739
0.00701509203932
0.00700950318095
0.00700384980845
0.00699813899041
0.00699237763457
0.00698657233139
0.00698072925
0.00697485408454
0.00696895204362
0.00696302787241
0.00695708589606
0.0069511300737
0.00694516405461
0.00693919123012
0.0069332147775
0.00692723769418
0.00692126282215
0.00691529286369
0.00690933039023
0.00690337784625
0.00689743755045
0.00689151169588
0.00688560235051
0.00687971145923
0.00687384084804
0.0068679922304
0.00686216721582
0.00685636732021
0.00685059397742
0.00684484855138
0.0068391323481
0.0068334466269
0.00682779261034
0.00682217149241
0.00681658444458
0.00681103261968
0.00680551715346
0.00680003916395
0.00679459974877
0.00678919998077
0.00678384090213
0.00677852351752
0.00677324878649
0.00676801761565
0.00676283085085
0.00675768926975
0.00675259357507
0.00674754438871
0.00674254224685
0.00673758759628
0.00673268079182
0.00672782209503
0.00672301167398
0.00671824960416
0.00671353587039
0.00670887036952
0.00670425291398
0.00669968323585
0.00669516099148
0.00669068576647
0.00668625708087
0.00668187439461
0.00667753711286
0.00667324459152
0.00666899614248
0.00666479103889
0.00666062852007
0.00665650779635
0.00665242805357
0.00664838845733
0.00664438815698
0.00664042628934
0.00663650198203
0.00663261435666
0.00662876253165
0.00662494562479
0.00662116275558
0.00661741304727
0.0066136956287
0.0066100096359
0.00660635421353
0.00660272851602
0.00659913170868
0.00659556296848
0.00659202148482
0.00658850646007
0.00658501711002
0.00658155266418
0.00657811236602
0.00657469547306
0.00657130125693
0.00656792900329
0.00656457801171
0.00656124759553
0.00655793708154
0.00655464580974
0.00655137313299
0.0065481184166
0.00654488103795
0.006541660386
0.00653845586082
0.00653526687307
0.0065320928435
0.00652893320233
0.0065257873887
0.00652265485008
0.00651953504164
0.00651642742559
0.00651333147054
0.00651024665084
0.00650717244585
0.00650410833922
0.0065010538182
0.00649800837285
0.00649497149523
0.00649194267866
0.00648892141681
0.0064859072029
0.00648289952873
0.00647989788382
0.00647690175436
0.00647391062223
0.00647092396393
0.00646794124943
0.00646496194101
0.00646198549198
0.00645901134538
0.00645603893257
0.0064530676717
0.00645009696619
0.00644712620295
0.0064441547506
0.00644118195749
0.00643820714962
0.00643522962837
0.00643224866805
0.00642926351326
0.00642627337603
0.00642327743274
0.00642027482074
0.0064172646347
0.00641424592264
0.00641121768162
0.006408178853
0.00640512831735
0.00640206488881
0.00639898730906
0.00639589424061
0.00639278425967
0.00638965584827
0.00638650738577
0.00638333713974
0.00638014325604
0.00637692374835
0.00637367648693
0.00637039918691
0.00636708939608
0.00636374448255
0.00636036162251
0.0063569377887
0.00635346974014
0.00634995401437
0.00634638692336
0.00634276455504
0.006339082783
0.00633533728753
0.0063315235922
0.00632763712132
0.00632367328463
0.00631962759668
0.00631549583925
0.00631127427512
0.00630695991989
0.00630255087553
0.00629804672159
0.00629344894974
0.00628876141079
0.00628399072464
0.00627914658357
0.00627424186557
